-1546538.9000000006
-1564416.2999999998
-1589077.4999999986
-1560616.8000000017
-1536330.4999999998
-1500786.7999999998
-1569871.0
-1561272.8999999978
-1452952.5000000007
-1499815.9000000001
-1517444.5000000005
-1452058.6999999993
-1277413.499999999
-1454727.4000000001
-1220933.0999999992
-1335940.1000000013
-1436275.2999999984
-1400981.8999999994
-1275849.4000000018
-1389754.7
-1203102.5999999999
-1353615.100000001
-1470766.9000000006
-1292229.2999999989
-1146961.8000000007
-1181397.2000000004
-1278108.1000000015
-1227249.5999999994
-1212251.4000000001
-1247179.8
-1350482.7999999989
-1223405.6000000015
-1070880.5999999994
-1144017.800000001
-1189015.5999999996
-1200213.9000000013
-1061559.4
-1139429.4000000004
-910300.3999999989
-1031135.4999999997
-927486.5000000003
-1023284.4000000007
-974928.3
-1023518.8999999994
-1007772.9999999998
-1059737.3999999997
-922025.899999999
-957834.1999999989
-972610.3000000007
-1020751.7999999992
-876670.6000000009
-929304.0
-929865.4999999995
-963586.3999999998
-1050493.1000000003
-981170.9999999993
-1059500.1000000003
-855433.3999999999
-883576.599999999
-815667.8999999999
-904588.3999999998
-736829.8000000002
-719176.5999999995
-791734.100000002
-1069055.0999999999
-859779.1000000004
-851733.8000000005
-661582.6000000002
-907165.6000000008
-739006.8000000009
-800489.5000000006
-625924.7000000001
-1037944.0000000014
-821761.200000001
-678534.5999999994
-1044520.7999999992
-652501.3999999991
-696093.4000000011
-619167.4999999994
-612184.4999999974
-780437.9999999986
-545351.2999999997
-634198.3
-648902.1000000004
-814867.2000000003
-829515.2999999989
-772871.8999999985
-530446.8999999985
-590621.3999999997
-567304.7999999968
-716127.700000001
-541762.4999999993
-572271.7999999986
-851604.5999999995
-997092.7000000023
-503486.0999999986
-573806.7999999989
-476183.4999999996
-807686.1999999951
-741125.8999999966
