67.98
67.63074074074073
67.83018518518519
65.9724074074074
67.64944444444444
65.02407407407408
67.41185185185185
66.27092592592592
65.13555555555556
65.975
65.14203703703704
65.30185185185185
59.40648148148148
64.44703703703703
58.01148148148148
61.340185185185184
63.13481481481482
62.77092592592592
59.995555555555555
63.93074074074074
58.64
62.02425925925926
62.979814814814816
61.214444444444446
56.227037037037036
57.18666666666667
59.221666666666664
59.32388888888889
57.56296296296296
59.5387037037037
59.68277777777778
57.28092592592593
52.264074074074074
56.65925925925926
56.87574074074074
56.19222222222222
52.14611111111111
54.556666666666665
48.53148148148148
50.22074074074074
47.39555555555555
51.49777777777778
47.73685185185185
49.245185185185186
49.34537037037037
51.931111111111115
47.58537037037037
48.193888888888885
45.50314814814815
49.092962962962964
46.03018518518518
45.925185185185185
44.465555555555554
48.2587037037037
49.074444444444445
42.586481481481485
46.65185185185185
45.04925925925926
42.093333333333334
43.053518518518516
43.110925925925926
43.12481481481481
39.81388888888889
40.2162962962963
43.552962962962965
43.67037037037037
41.89666666666667
35.08537037037037
39.220925925925926
39.9762962962963
37.46055555555556
34.83444444444444
36.05277777777778
36.11462962962963
37.537592592592596
43.14574074074074
34.723333333333336
35.92925925925926
32.13722222222222
32.62388888888889
33.848333333333336
32.20074074074074
33.471111111111114
35.611296296296295
39.01277777777778
36.06074074074074
34.392407407407404
32.00703703703704
31.93074074074074
31.54851851851852
31.555555555555557
29.625
31.671296296296298
30.915370370370372
29.142592592592592
27.436851851851852
29.163703703703703
30.259074074074075
30.221851851851852
31.801111111111112
