66.93703703703704
67.37611111111111
65.20462962962964
67.52962962962962
64.33222222222223
65.18611111111112
64.08888888888889
64.02888888888889
66.95648148148148
66.51685185185185
65.96925925925926
62.2812962962963
64.20185185185186
66.19481481481482
63.38148148148148
65.635
61.10444444444445
62.02092592592592
61.85703703703704
60.9837037037037
59.78537037037037
59.77055555555555
63.625
64.22814814814815
61.132407407407406
59.361111111111114
58.312777777777775
56.696481481481484
58.773148148148145
59.40277777777778
55.11851851851852
58.97796296296296
50.46981481481482
59.791111111111114
52.96925925925926
56.095925925925926
58.09240740740741
55.80796296296296
53.24111111111111
53.052962962962965
51.513888888888886
50.74814814814815
48.593333333333334
47.25611111111111
49.72574074074074
50.4087037037037
53.17666666666667
46.58185185185185
45.532037037037036
48.967777777777776
47.56351851851852
46.504629629629626
46.75648148148148
47.419074074074075
47.340555555555554
47.74462962962963
48.96055555555556
47.01148148148148
44.74
41.94722222222222
45.47796296296296
44.47907407407408
44.04833333333333
36.35351851851852
43.25648148148148
40.60388888888889
40.302592592592596
42.48425925925926
42.22574074074074
39.25055555555556
39.099259259259256
36.626296296296296
41.16
35.007777777777775
40.159444444444446
39.81407407407407
38.61240740740741
35.21962962962963
41.897777777777776
31.756666666666668
37.71425925925926
31.89925925925926
35.31351851851852
33.19592592592593
31.793333333333333
32.9937037037037
34.37314814814815
30.837222222222223
30.412592592592592
32.64740740740741
32.221296296296295
30.78148148148148
29.422777777777778
29.992592592592594
27.834814814814816
28.286851851851853
26.56388888888889
27.124074074074073
26.92037037037037
24.58111111111111
