360148
207234
200105
363248
198064
189717
341284
195496
192430
354729
188814
194825
351731
187401
188137
353302
187825
193521
334727
181696
189137
322793
189184
184441
322754
180079
178023
314023
180848
181426
290161
184916
170915
293509
180961
183447
292258
169997
179881
287374
171044
180947
271387
163140
168366
265962
144474
129111
234739
152047
170183
244116
140840
141039
249499
123264
127073
217815
141006
156071
207735
131029
135953
230103
117831
110084
212049
124001
104937
195325
122874
121519
184701
88760
94564
210908
112480
101947
180827
89540
107506
179879
135735
98877
193022
103844
89732
160725
93244
138347
173333
127179
97653
193360
83388
96817
195000
87937
105108
201523
