-1575192.8000000017
-890413.3999999999
-873720.3999999987
-1519508.1000000003
-850277.8000000007
-861675.4999999999
-1547425.300000001
-822023.1000000007
-755408.3999999997
-1485832.7999999984
-697844.9999999999
-810834.1000000009
-1600611.5999999992
-634671.4999999998
-691901.6999999994
-1472737.199999999
-640688.9000000006
-750503.4000000001
-1391616.6
-600889.3999999989
-648726.4999999998
-1366415.1000000006
-605121.6999999997
-633077.2999999997
-1281777.1
-523021.6000000002
-538315.4000000001
-1222468.999999999
-564007.6
-515099.4000000001
-1094344.000000001
-606424.8999999999
-619559.7000000003
-1128479.000000001
-546377.2000000002
-509944.6000000003
-1066638.3999999997
-494430.49999999965
-569329.8
-1231625.5999999987
-536007.5
-495158.1999999998
-969047.9999999999
-472446.2999999997
-452157.09999999974
-992751.0999999994
-567702.1999999989
-342604.29999999993
-944556.6000000001
-415901.4000000004
-498060.0999999994
-877212.8999999998
-391262.10000000003
-433530.1999999999
-1025469.1999999996
-358998.9000000004
-597722.7999999986
-1045127.1000000004
-393798.1000000003
-397951.69999999966
-876247.2999999998
-381983.19999999995
-596199.4999999994
-989271.2000000011
-321723.4000000002
-271617.3
-1114380.8
-322886.9000000001
-262713.79999999976
-901709.2000000001
-341433.8000000003
-359703.7999999997
-933655.1000000013
-283822.5000000003
-216200.70000000024
-881119.7999999993
-307378.80000000005
-251818.49999999985
-1021999.9999999999
-305182.49999999994
-465130.1
-716077.7999999997
-496338.59999999934
-239424.3999999999
-746334.5000000012
-310430.3000000001
-293810.8999999986
-1126474.2999999984
-291183.60000000015
-858904.100000003
-612816.8000000007
-621119.699999996
-200089.4000000003
-930208.9
-207699.39999999982
-217245.00000000096
-671207.3000000005
-297354.6999999981
-309360.7999999995
-1071611.6000000043
