0.0
0.0
0.0
0.0
0.0
0.0
0.0
0.0
0.0
0.0
0.0
0.0
0.0
0.0
0.0
0.0
0.0
0.0
0.0
0.0
0.0
0.0
0.0
0.0
0.0
0.0
0.0
0.0
0.0
0.0
0.0
0.0
0.0
0.0
0.0
0.0
0.0
0.0
0.0
0.0
0.0
0.0
0.0
0.0
0.0
0.0
0.0
0.0
0.0
0.0
0.0
0.0
0.0
0.0
0.0
0.0
0.0
0.0
0.0
0.0
0.0
0.0
0.0
0.0
0.0
0.0
0.0
0.0
0.0
0.0
0.0
0.0
0.0
0.0
0.0
0.0
0.0
0.0
0.0
0.0
0.0
0.0
0.0
0.0
0.0
0.0
-1.0
-1.1
-1.2
-1.2999999999999998
-1.4
-1.5
-1.5999999999999996
-1.7000000000000002
-1.7999999999999998
-1.9000000000000004
-2.0
-2.0999999999999996
-2.1999999999999993
-2.299999999999999
-2.4000000000000004
12.5
-0.09999999999999998
-0.09999999999999998
-0.09999999999999998
0.9
0.0
0.0
0.0
0.0
0.0
0.0
0.0
0.0
0.0
0.0
0.0
0.0
0.0
0.0
0.0
0.0
0.0
0.0
0.0
0.0
0.0
0.0
0.0
0.0
0.0
0.0
0.0
0.0
0.0
0.0
0.0
0.0
0.0
0.0
0.0
0.0
0.0
0.0
-1.0
-2.1
-2.3
-2.5
-2.7
-2.9000000000000004
-3.0999999999999996
-4.299999999999999
-4.6
-4.899999999999999
-5.199999999999999
-5.5
-5.800000000000001
-6.099999999999998
-6.399999999999999
-6.699999999999996
-7.0
-7.299999999999997
-7.600000000000001
-8.899999999999999
-9.299999999999997
-9.699999999999996
-10.100000000000001
12.5
-6.600000000000001
-6.799999999999997
-6.0
15.899999999999999
-4.0
-4.099999999999998
-4.199999999999999
12.7
-2.6999999999999993
3.1999999999999993
-2.299999999999999
-2.4000000000000004
-1.5
-2.5
-2.5999999999999996
-2.6999999999999993
-2.8000000000000007
-2.8999999999999986
-3.0
-3.099999999999998
-3.1999999999999993
-3.3000000000000007
-3.3999999999999986
-3.5
-3.599999999999998
-3.6999999999999993
-3.8000000000000007
-3.8999999999999986
-4.0
-4.099999999999998
-4.199999999999999
-4.300000000000001
-4.399999999999999
-4.5
-4.600000000000001
-4.699999999999996
-4.799999999999997
-4.899999999999999
-5.0
-5.100000000000001
-6.199999999999996
-8.399999999999999
-8.799999999999997
-11.199999999999996
-11.799999999999997
-12.399999999999999
-13.0
-13.599999999999994
-14.200000000000003
-14.799999999999997
-15.399999999999991
-16.0
-16.599999999999994
-18.200000000000003
-18.89999999999999
-19.599999999999994
-20.299999999999997
-21.0
-21.69999999999999
-22.400000000000006
-23.099999999999994
-23.799999999999983
-24.5
-26.19999999999999
-27.0
39.20000000000002
-19.89999999999999
-19.5
-20.0
3.5
-18.599999999999994
-19.099999999999994
3.4000000000000057
-17.799999999999997
-18.299999999999997
-15.799999999999997
-19.0
-19.5
-21.0
-21.599999999999994
-22.19999999999999
-22.799999999999983
-23.400000000000006
-24.0
-24.599999999999994
-25.19999999999999
-25.799999999999983
-26.400000000000006
-27.0
-27.599999999999994
-28.19999999999999
-28.799999999999983
-29.400000000000006
-30.0
-31.599999999999994
-32.29999999999998
-33.0
-33.69999999999999
-34.400000000000006
-36.099999999999994
-37.89999999999998
-38.80000000000001
-39.69999999999999
-40.599999999999966
-41.5
-42.39999999999998
-43.30000000000001
-44.19999999999999
-45.099999999999966
-46.0
-46.89999999999998
-47.80000000000001
-48.69999999999999
-49.599999999999966
-50.5
-51.39999999999998
-53.30000000000001
-54.30000000000001
-55.30000000000001
-56.30000000000001
-57.30000000000001
-58.30000000000001
-59.30000000000001
-60.30000000000001
-61.30000000000001
-62.30000000000001
-63.30000000000001
-65.30000000000001
-66.39999999999998
-67.5
-67.60000000000002
21.399999999999977
-59.599999999999966
-59.5
-59.30000000000001
31.0
-49.599999999999966
-49.099999999999966
39.5
-41.0
-41.39999999999998
38.19999999999999
-34.19999999999999
35.400000000000034
-29.0
-30.5
9.900000000000006
-29.599999999999994
5.599999999999994
-27.599999999999994
-7.400000000000006
-27.099999999999994
-28.900000000000006
-29.799999999999983
-30.69999999999999
-31.599999999999994
-32.5
-33.400000000000006
-34.29999999999998
-35.19999999999999
-36.099999999999994
-38.0
-40.0
-40.099999999999966
44.900000000000034
-31.5
-33.29999999999998
-34.19999999999999
29.900000000000006
-29.5
-31.400000000000006
-14.400000000000006
-32.599999999999994
-33.69999999999999
-34.79999999999998
-35.900000000000006
-37.0
-38.099999999999994
-39.19999999999999
-40.30000000000001
-41.39999999999998
-42.5
-43.599999999999966
-44.69999999999999
-45.80000000000001
-46.89999999999998
-48.0
-50.099999999999966
-51.30000000000001
-53.5
-54.80000000000001
-57.099999999999966
-58.5
-59.89999999999998
-61.30000000000001
-62.69999999999999
-63.099999999999966
3.6000000000000227
-58.89999999999998
-59.19999999999999
-59.39999999999998
6.5
-52.89999999999998
-52.80000000000001
1.400000000000034
-47.89999999999998
-47.599999999999966
5.800000000000011
-42.39999999999998
8.100000000000023
-39.30000000000001
-38.89999999999998
9.600000000000023
-34.0
6.600000000000023
-30.69999999999999
5.900000000000006
-27.799999999999983
5.800000000000011
-26.19999999999999
7.300000000000011
-24.799999999999983
-25.400000000000006
-6.0
-25.599999999999994
-7.299999999999983
-25.099999999999994
-25.799999999999983
-26.5
-27.19999999999999
39.099999999999994
-23.900000000000006
-24.799999999999983
-26.69999999999999
-21.69999999999999
-28.099999999999994
-29.099999999999994
-31.099999999999994
-32.19999999999999
-34.29999999999998
-35.5
-36.69999999999999
-37.900000000000006
-39.099999999999994
-40.29999999999998
-42.5
-43.80000000000001
-45.099999999999966
-46.39999999999998
-47.69999999999999
-49.0
-52.30000000000001
-54.80000000000001
-57.39999999999998
-58.099999999999966
-60.69999999999999
-63.39999999999998
-65.19999999999999
-67.0
-68.80000000000001
-72.59999999999997
-74.59999999999997
-75.59999999999997
-12.5
-71.89999999999998
-73.69999999999999
-74.5
-20.199999999999932
-72.30000000000001
-74.0
-74.69999999999993
-20.299999999999955
-71.30000000000001
-71.79999999999995
-25.199999999999932
-67.80000000000001
-24.0
-64.69999999999999
-64.80000000000001
-29.80000000000001
-63.19999999999999
-36.19999999999999
-63.39999999999998
-39.5
-63.099999999999966
-64.19999999999999
-45.30000000000001
-64.39999999999998
-45.5
-64.59999999999997
-46.69999999999999
-63.89999999999998
-64.89999999999998
-65.89999999999998
-66.89999999999998
-69.89999999999998
-72.10000000000002
-72.39999999999998
-74.60000000000002
-76.89999999999998
-78.29999999999995
-80.69999999999993
-82.19999999999993
-84.69999999999993
-87.29999999999995
-91.0
-91.89999999999998
-95.69999999999993
-98.69999999999993
-100.79999999999995
-104.89999999999998
-109.19999999999993
-111.69999999999993
-115.19999999999993
-117.79999999999995
-120.39999999999998
-124.0
-127.69999999999993
-130.5
-133.29999999999995
-137.10000000000002
-140.0
-142.89999999999986
-145.79999999999995
-148.70000000000005
-151.5999999999999
-154.5
-157.39999999999986
-160.29999999999995
-63.200000000000045
-154.0999999999999
-154.79999999999995
-156.29999999999995
-61.700000000000045
-149.39999999999986
-151.5999999999999
-59.799999999999955
-145.5999999999999
-146.70000000000005
-56.700000000000045
-140.5
-52.399999999999864
-135.29999999999995
-138.20000000000005
-57.200000000000045
-131.89999999999986
-54.700000000000045
-126.60000000000002
-54.299999999999955
-123.60000000000002
-57.39999999999998
-121.39999999999998
-57.299999999999955
-118.60000000000002
-62.5
-116.60000000000002
-73.5
-115.89999999999998
-117.79999999999995
-120.69999999999993
-123.69999999999993
-125.79999999999995
-127.89999999999998
-130.0
-133.10000000000002
-135.29999999999995
-139.5
-140.89999999999986
-145.20000000000005
-149.70000000000005
-153.39999999999986
-156.20000000000005
-160.0
-162.89999999999986
-167.79999999999995
-172.89999999999986
-177.20000000000005
-181.5999999999999
-186.0999999999999
-191.70000000000005
-195.5
-199.29999999999995
-203.0999999999999
-206.89999999999986
-210.70000000000005
-214.5
-218.29999999999995
-222.0999999999999
-225.89999999999986
-230.70000000000005
-234.5999999999999
-239.5
-243.5
-247.5
-250.5
-156.39999999999986
-247.5
-250.29999999999995
-252.0
-159.5
-249.39999999999986
-251.89999999999986
-161.29999999999995
-247.29999999999995
-249.5
-158.5999999999999
-244.29999999999995
-154.20000000000005
-239.79999999999995
-240.5999999999999
-153.20000000000005
-233.79999999999995
-149.0999999999999
-230.70000000000005
-145.0999999999999
-225.70000000000005
-140.0
-219.5
-220.5999999999999
-137.5999999999999
-214.0999999999999
-131.89999999999986
-208.29999999999995
-127.0
-203.39999999999986
-204.0999999999999
-204.70000000000005
-206.20000000000005
-173.70000000000005
-203.79999999999995
-205.0999999999999
-207.39999999999986
-208.79999999999995
-211.20000000000005
-213.70000000000005
-216.29999999999995
-218.0
-221.70000000000005
-224.5999999999999
-228.5999999999999
-230.79999999999995
-235.0
-239.39999999999986
-243.0
-246.70000000000005
-251.5
-257.5
-260.7999999999997
-265.0999999999999
-269.5
-274.0
-276.5999999999999
-282.0999999999999
-286.7999999999997
-291.5999999999999
-296.5
-300.5
-305.5
-309.5999999999999
-312.6999999999998
-315.6999999999998
-220.5999999999999
-312.5999999999999
-315.4000000000001
-319.0999999999999
-226.79999999999973
-314.9000000000001
-317.4000000000001
-225.79999999999973
-313.6999999999998
-317.0
-229.29999999999973
-312.5
-315.5999999999999
-228.69999999999982
-310.7999999999997
-223.69999999999982
-305.5999999999999
-220.29999999999973
-299.1999999999998
-300.5999999999999
-216.9000000000001
-296.5999999999999
-213.9000000000001
-292.6999999999998
-211.0
-287.9000000000001
-206.0999999999999
-283.9000000000001
-203.0999999999999
-277.0
-277.9000000000001
-279.6999999999998
-280.5
-276.1999999999998
-282.2999999999997
-284.9000000000001
-286.5999999999999
-289.2999999999997
-291.0999999999999
-292.9000000000001
-294.6999999999998
-297.5
-299.4000000000001
-302.2999999999997
-304.2999999999997
-307.2999999999997
-310.4000000000001
-311.5999999999999
-314.6999999999998
-318.9000000000001
-323.2999999999997
-326.9000000000001
-329.5999999999999
-333.2999999999997
-338.0999999999999
-344.0999999999999
-347.4000000000001
-351.6999999999998
-357.0999999999999
-362.6999999999998
-367.5
-374.4000000000001
-379.5999999999999
-384.9000000000001
-390.2999999999997
-395.7999999999997
-301.4000000000001
-396.0999999999999
-400.7999999999997
-403.5
-313.0
-404.0
-407.5999999999999
-318.0999999999999
-404.1999999999998
-406.4000000000001
-317.4000000000001
-403.0999999999999
-403.9000000000001
-317.4000000000001
-398.9000000000001
-311.0999999999999
-392.1999999999998
-307.0
-388.0
-301.6999999999998
-382.5
-382.0
-297.1999999999998
-374.6999999999998
-291.5999999999999
-368.0
-284.6999999999998
-359.9000000000001
-276.2999999999997
-352.1999999999998
-351.4000000000001
-352.4000000000001
-352.4000000000001
-261.2999999999997
-341.0
-341.5
-342.0
-341.5
-341.9000000000001
-342.2999999999997
-342.6999999999998
-343.0999999999999
-341.5
-341.6999999999998
-341.9000000000001
-344.0999999999999
-345.5
-347.0
-348.5999999999999
-351.2999999999997
-354.1999999999998
-357.2999999999997
-360.5999999999999
-363.0999999999999
-365.6999999999998
-368.4000000000001
-372.1999999999998
-375.1999999999998
-378.2999999999997
-382.5
-386.9000000000001
-390.5
-394.1999999999998
-399.0
-404.0
-407.1999999999998
-312.4000000000001
-404.7999999999997
-407.0999999999999
-409.2999999999997
-316.4000000000001
-405.9000000000001
-407.0
-315.9000000000001
-404.4000000000001
-406.4000000000001
-317.2999999999997
-400.0
-402.5999999999999
-314.1999999999998
-396.6999999999998
-309.0999999999999
-390.5
-304.6999999999998
-384.0999999999999
-384.0999999999999
-299.9000000000001
-378.0999999999999
-293.7999999999997
-368.9000000000001
-286.1999999999998
-363.0999999999999
-279.4000000000001
-354.1999999999998
-272.1999999999998
-344.9000000000001
-344.5999999999999
-344.1999999999998
-343.6999999999998
-294.0999999999999
-337.5
-337.6999999999998
-336.9000000000001
-338.0
-337.1999999999998
-337.2999999999997
-336.4000000000001
-337.4000000000001
-338.5
-339.6999999999998
-340.0
-341.2999999999997
-341.6999999999998
-344.0999999999999
-346.6999999999998
-349.5
-352.5
-354.6999999999998
-358.0
-359.5
-362.0
-365.5999999999999
-368.4000000000001
-372.2999999999997
-375.4000000000001
-378.5999999999999
-382.9000000000001
-387.4000000000001
-391.0999999999999
-396.9000000000001
-401.0
-404.1999999999998
-309.4000000000001
-402.7999999999997
-407.1999999999998
-408.6999999999998
-317.0
-405.7999999999997
-408.0999999999999
-411.2999999999997
-322.5
-407.5
-318.5999999999999
-402.5
-313.4000000000001
-397.0999999999999
-397.7999999999997
-309.2999999999997
-392.6999999999998
-306.0999999999999
-386.5999999999999
-299.7999999999997
-379.0999999999999
-294.0
-374.1999999999998
-289.0999999999999
-366.2999999999997
-366.9000000000001
-284.4000000000001
-359.5
-276.7999999999997
-351.6999999999998
-352.7999999999997
-352.9000000000001
-350.9000000000001
-314.5999999999999
-345.5999999999999
-347.0
-347.5
-347.0
-348.4000000000001
-347.9000000000001
-348.2999999999997
-348.6999999999998
-349.0999999999999
-348.5
-349.7999999999997
-351.1999999999998
-352.6999999999998
-354.2999999999997
-356.0
-358.7999999999997
-361.7999999999997
-363.0
-366.1999999999998
-368.5999999999999
-372.0999999999999
-375.7999999999997
-379.6999999999998
-383.7999999999997
-386.0999999999999
-390.4000000000001
-394.9000000000001
-398.5999999999999
-403.4000000000001
-407.4000000000001
-412.5
-416.7999999999997
-322.1999999999998
-413.7999999999997
-418.1999999999998
-419.6999999999998
-422.0
-329.1999999999998
-418.7999999999997
-422.0
-332.1999999999998
-418.0999999999999
-328.1999999999998
-414.0
-416.0
-327.9000000000001
-410.6999999999998
-323.4000000000001
-405.0999999999999
-318.5999999999999
-398.1999999999998
-398.4000000000001
-314.4000000000001
-392.7999999999997
-308.6999999999998
-386.0
-386.6999999999998
-304.2999999999997
-381.5
-299.0999999999999
-373.2999999999997
-290.5999999999999
-365.5
-364.5999999999999
-363.5
-271.1999999999998
-351.5999999999999
-350.9000000000001
-350.0999999999999
-281.1999999999998
-344.4000000000001
-344.5999999999999
-308.7999999999997
-340.4000000000001
-316.5
-339.1999999999998
-340.4000000000001
-340.6999999999998
-343.0
-344.5
-347.0999999999999
-349.9000000000001
-350.9000000000001
-353.9000000000001
-357.0999999999999
-360.5
-364.0999999999999
-367.9000000000001
-369.9000000000001
-374.9000000000001
-377.1999999999998
-380.5
-384.9000000000001
-388.5
-393.1999999999998
-397.0999999999999
-403.0999999999999
-406.4000000000001
-310.6999999999998
-404.0999999999999
-407.5
-409.9000000000001
-317.1999999999998
-407.9000000000001
-410.2999999999997
-319.5999999999999
-407.5
-407.7999999999997
-318.7999999999997
-404.5999999999999
-315.5999999999999
-398.4000000000001
-399.0999999999999
-312.5999999999999
-395.1999999999998
-307.6999999999998
-388.1999999999998
-389.4000000000001
-303.5
-382.7999999999997
-297.6999999999998
-374.9000000000001
-291.5
-367.5999999999999
-285.0
-360.0
-359.1999999999998
-278.1999999999998
-352.0
-352.9000000000001
-350.7999999999997
-277.4000000000001
-342.5999999999999
-343.0
-343.4000000000001
-287.7999999999997
-340.5999999999999
-342.1999999999998
-340.9000000000001
-340.4000000000001
-341.7999999999997
-341.2999999999997
-342.6999999999998
-345.1999999999998
-344.9000000000001
-347.5
-350.2999999999997
-352.2999999999997
-353.4000000000001
-356.5
-359.7999999999997
-362.2999999999997
-365.9000000000001
-369.6999999999998
-371.6999999999998
-376.6999999999998
-380.0
-382.4000000000001
-386.7999999999997
-392.4000000000001
-396.2999999999997
-400.2999999999997
-405.4000000000001
-408.6999999999998
-316.0
-406.6999999999998
-410.0999999999999
-413.5
-321.9000000000001
-411.7999999999997
-413.2999999999997
-322.5999999999999
-410.5
-412.7999999999997
-324.0
-408.0
-319.0
-402.7999999999997
-403.5999999999999
-317.1999999999998
-397.9000000000001
-310.2999999999997
-391.6999999999998
-391.9000000000001
-305.9000000000001
-385.0999999999999
-299.9000000000001
-377.0
-293.5
-368.5
-287.6999999999998
-361.6999999999998
-279.7999999999997
-354.5999999999999
-353.5999999999999
-353.4000000000001
-352.0999999999999
-280.5999999999999
-344.9000000000001
-344.2999999999997
-344.5999999999999
-281.9000000000001
-338.9000000000001
-338.1999999999998
-338.4000000000001
-338.5999999999999
-337.7999999999997
-338.9000000000001
-339.0999999999999
-340.2999999999997
-341.5999999999999
-344.0
-345.5999999999999
-347.2999999999997
-349.0999999999999
-352.0
-354.0999999999999
-357.2999999999997
-361.6999999999998
-363.4000000000001
-367.0999999999999
-371.0
-374.0999999999999
-378.2999999999997
-382.6999999999998
-387.2999999999997
-391.0999999999999
-396.0
-401.0999999999999
-403.4000000000001
-309.5999999999999
-402.0999999999999
-404.5
-406.7999999999997
-316.0
-402.7999999999997
-404.9000000000001
-313.9000000000001
-401.5
-403.5
-314.4000000000001
-399.0999999999999
-399.9000000000001
-311.5
-394.0
-306.4000000000001
-386.7999999999997
-299.9000000000001
-381.0999999999999
-381.0999999999999
-295.9000000000001
-375.0
-288.6999999999998
-365.5999999999999
-282.9000000000001
-357.7999999999997
-274.9000000000001
-266.5999999999999
-342.1999999999998
-341.0999999999999
-340.7999999999997
-340.4000000000001
-339.9000000000001
-302.2999999999997
-335.9000000000001
-336.1999999999998
-337.5
-335.9000000000001
-335.0999999999999
-337.1999999999998
-337.5
-337.7999999999997
-337.0999999999999
-336.2999999999997
-338.4000000000001
-338.6999999999998
-340.0
-342.4000000000001
-344.0
-347.6999999999998
-348.6999999999998
-351.6999999999998
-354.9000000000001
-358.2999999999997
-360.9000000000001
-363.5999999999999
-366.4000000000001
-370.2999999999997
-374.4000000000001
-378.6999999999998
-383.1999999999998
-388.9000000000001
-392.9000000000001
-398.0
-402.2999999999997
-406.6999999999998
-310.1999999999998
-404.6999999999998
-405.2999999999997
-408.5999999999999
-315.9000000000001
-404.5999999999999
-406.7999999999997
-316.9000000000001
-403.6999999999998
-404.7999999999997
-315.6999999999998
-400.4000000000001
-311.1999999999998
-393.7999999999997
-305.2999999999997
-387.6999999999998
-389.0
-303.1999999999998
-382.5999999999999
-296.5999999999999
-375.7999999999997
-290.5999999999999
-366.6999999999998
-283.0999999999999
-361.0
-276.4000000000001
-268.1999999999998
-343.9000000000001
-260.9000000000001
-336.5
-336.4000000000001
-335.1999999999998
-333.7999999999997
-296.1999999999998
-329.7999999999997
-330.0999999999999
-330.4000000000001
-331.6999999999998
-329.0999999999999
-332.1999999999998
-331.5999999999999
-331.9000000000001
-331.1999999999998
-332.4000000000001
-332.6999999999998
-334.0
-334.4000000000001
-336.7999999999997
-339.4000000000001
-342.1999999999998
-345.1999999999998
-347.4000000000001
-350.6999999999998
-354.1999999999998
-354.9000000000001
-358.5
-362.2999999999997
-365.2999999999997
-369.4000000000001
-373.6999999999998
-378.1999999999998
-381.9000000000001
-385.6999999999998
-390.5999999999999
-394.6999999999998
-397.9000000000001
-302.0999999999999
-395.4000000000001
-397.6999999999998
-399.9000000000001
-306.0
-395.4000000000001
-398.4000000000001
-306.4000000000001
-393.9000000000001
-396.7999999999997
-307.6999999999998
-393.4000000000001
-393.2999999999997
-306.9000000000001
-390.5999999999999
-303.2999999999997
-385.0
-297.5
-379.0
-293.2999999999997
-371.7999999999997
-371.7999999999997
-289.5999999999999
-366.0
-282.6999999999998
-358.9000000000001
-358.4000000000001
-276.6999999999998
-350.6999999999998
-349.7999999999997
-350.6999999999998
-349.5999999999999
-348.2999999999997
-324.7999999999997
-345.9000000000001
-344.2999999999997
-345.5
-326.7999999999997
-343.1999999999998
-343.4000000000001
-326.5999999999999
-341.0999999999999
-342.1999999999998
-335.4000000000001
-343.9000000000001
-345.2999999999997
-345.7999999999997
-348.2999999999997
-350.0
-351.7999999999997
-354.6999999999998
-356.7999999999997
-360.0
-362.4000000000001
-365.9000000000001
-369.5999999999999
-372.5
-376.5
-379.6999999999998
-384.0
-388.5
-392.1999999999998
-395.0
-399.7999999999997
-404.7999999999997
-408.0
-313.1999999999998
-405.5999999999999
-408.9000000000001
-411.1999999999998
-318.4000000000001
-407.0
-409.0999999999999
-318.0999999999999
-404.6999999999998
-407.5999999999999
-318.5
-402.1999999999998
-312.9000000000001
-395.4000000000001
-307.7999999999997
-389.1999999999998
-389.4000000000001
-302.4000000000001
-382.5
-297.2999999999997
-375.4000000000001
-375.0
-292.4000000000001
-368.4000000000001
-283.6999999999998
-275.4000000000001
-353.0
-268.0999999999999
-343.5999999999999
-261.4000000000001
-336.9000000000001
-334.6999999999998
-334.1999999999998
-333.5999999999999
-332.9000000000001
-333.0999999999999
-333.2999999999997
-332.5
-333.5999999999999
-333.7999999999997
-333.0
-333.0999999999999
-334.1999999999998
-333.4000000000001
-333.5
-334.5999999999999
-336.7999999999997
-338.1999999999998
-340.6999999999998
-342.4000000000001
-345.1999999999998
-348.1999999999998
-350.4000000000001
-353.6999999999998
-356.1999999999998
-359.7999999999997
-361.5999999999999
-365.4000000000001
-370.4000000000001
-373.6999999999998
-377.0999999999999
-381.5999999999999
-386.2999999999997
-391.1999999999998
-394.2999999999997
-397.4000000000001
-303.5
-393.9000000000001
-396.0
-398.0
-305.9000000000001
-395.2999999999997
-397.2999999999997
-307.1999999999998
-391.7999999999997
-394.5
-305.1999999999998
-389.6999999999998
-390.2999999999997
-302.6999999999998
-385.0999999999999
-297.4000000000001
-378.6999999999998
-290.7999999999997
-371.9000000000001
-285.7999999999997
-364.9000000000001
-279.5999999999999
-357.5999999999999
-357.0999999999999
-274.4000000000001
-350.2999999999997
-266.5
-342.1999999999998
-259.1999999999998
-333.7999999999997
-333.5999999999999
-332.2999999999997
-330.7999999999997
-331.0999999999999
-330.4000000000001
-330.5999999999999
-329.7999999999997
-329.9000000000001
-330.0
-329.0999999999999
-330.0999999999999
-330.1999999999998
-330.2999999999997
-331.4000000000001
-332.5999999999999
-333.9000000000001
-334.2999999999997
-334.6999999999998
-337.0999999999999
-339.6999999999998
-342.5
-345.5
-347.6999999999998
-350.0
-353.4000000000001
-356.0
-359.6999999999998
-363.5999999999999
-367.6999999999998
-371.0
-373.4000000000001
-377.7999999999997
-382.4000000000001
-386.1999999999998
-392.0999999999999
-395.2999999999997
-302.5
-393.0999999999999
-395.4000000000001
-399.5999999999999
-304.9000000000001
-395.4000000000001
-398.5999999999999
-306.7999999999997
-394.5
-396.5999999999999
-306.5999999999999
-391.2999999999997
-304.0999999999999
-386.9000000000001
-387.5999999999999
-300.0999999999999
-380.5999999999999
-294.7999999999997
-374.1999999999998
-288.1999999999998
-368.4000000000001
-282.2999999999997
-361.4000000000001
-362.0999999999999
-278.6999999999998
-354.7999999999997
-270.1999999999998
-346.0
-265.0999999999999
-339.0
-338.0
-336.7999999999997
-336.4000000000001
-336.9000000000001
-336.4000000000001
-336.7999999999997
-337.1999999999998
-338.5999999999999
-338.0999999999999
-338.5
-338.9000000000001
-338.2999999999997
-340.5999999999999
-340.0999999999999
-340.5
-340.9000000000001
-343.2999999999997
-344.9000000000001
-346.5999999999999
-348.4000000000001
-352.2999999999997
-354.5
-356.7999999999997
-359.1999999999998
-362.6999999999998
-365.4000000000001
-369.1999999999998
-372.1999999999998
-375.2999999999997
-378.5
-382.7999999999997
-386.2999999999997
-390.9000000000001
-395.6999999999998
-399.6999999999998
-403.7999999999997
-311.0
-403.5999999999999
-407.0999999999999
-407.5999999999999
-315.7999999999997
-405.5
-407.7999999999997
-316.0
-402.6999999999998
-404.6999999999998
-317.5999999999999
-401.5
-402.4000000000001
-314.0999999999999
-396.6999999999998
-310.1999999999998
-390.7999999999997
-304.0999999999999
-384.5
-297.5999999999999
-376.7999999999997
-291.5999999999999
-369.6999999999998
-371.2999999999997
-286.9000000000001
-362.9000000000001
-278.1999999999998
-354.9000000000001
-272.0
-347.6999999999998
-346.6999999999998
-346.5
-343.1999999999998
-283.5
-337.7999999999997
-337.0999999999999
-339.2999999999997
-337.6999999999998
-339.9000000000001
-338.2999999999997
-337.5
-338.5999999999999
-338.7999999999997
-338.0
-340.0999999999999
-340.4000000000001
-340.6999999999998
-343.0
-345.5
-348.1999999999998
-349.0999999999999
-354.0
-356.2999999999997
-357.6999999999998
-362.0999999999999
-365.7999999999997
-368.6999999999998
-370.6999999999998
-374.6999999999998
-377.9000000000001
-382.1999999999998
-386.6999999999998
-390.4000000000001
-395.1999999999998
-399.1999999999998
-403.2999999999997
-308.5
-399.9000000000001
-405.0999999999999
-406.5
-313.6999999999998
-402.2999999999997
-405.4000000000001
-316.5
-402.4000000000001
-312.5
-398.2999999999997
-400.2999999999997
-311.1999999999998
-394.9000000000001
-395.5999999999999
-308.0999999999999
-389.5999999999999
-303.9000000000001
-383.4000000000001
-297.5
-376.7999999999997
-377.6999999999998
-292.5
-371.5999999999999
-288.2999999999997
-365.5
-282.0999999999999
-358.1999999999998
-275.5999999999999
-350.5999999999999
-349.7999999999997
-348.7999999999997
-349.5999999999999
-322.4000000000001
-343.4000000000001
-342.6999999999998
-342.9000000000001
-345.0999999999999
-335.5
-342.9000000000001
-344.0999999999999
-345.4000000000001
-345.7999999999997
-345.1999999999998
-345.5
-345.7999999999997
-347.0999999999999
-348.5
-352.0
-353.7999999999997
-356.6999999999998
-359.7999999999997
-362.0999999999999
-364.5
-368.0
-371.6999999999998
-375.5999999999999
-377.6999999999998
-381.7999999999997
-385.0999999999999
-389.5
-394.0999999999999
-398.9000000000001
-402.9000000000001
-407.0
-410.1999999999998
-315.4000000000001
-407.7999999999997
-411.0999999999999
-413.4000000000001
-320.5999999999999
-410.1999999999998
-412.4000000000001
-322.5
-410.2999999999997
-411.5
-322.5
-407.2999999999997
-407.1999999999998
-319.7999999999997
-403.4000000000001
-315.0
-396.5
-308.7999999999997
-391.0999999999999
-303.2999999999997
-383.5
-299.4000000000001
-377.6999999999998
-292.5
-371.5999999999999
-288.2999999999997
-364.5
-365.0
-282.4000000000001
-357.4000000000001
-356.5999999999999
-355.5999999999999
-354.4000000000001
-261.0
-342.1999999999998
-343.4000000000001
-341.6999999999998
-315.7999999999997
-340.2999999999997
-341.5
-330.7999999999997
-340.0
-342.1999999999998
-341.5999999999999
-341.9000000000001
-343.1999999999998
-345.5999999999999
-346.1999999999998
-348.7999999999997
-350.5999999999999
-353.5
-355.5999999999999
-357.7999999999997
-361.0999999999999
-363.5999999999999
-367.1999999999998
-371.0
-373.0
-377.0
-381.1999999999998
-384.5999999999999
-389.0999999999999
-393.7999999999997
-397.6999999999998
-402.6999999999998
-405.9000000000001
-310.0999999999999
-404.4000000000001
-406.7999999999997
-409.0999999999999
-315.2999999999997
-404.7999999999997
-409.9000000000001
-319.1999999999998
-405.0999999999999
-405.1999999999998
-317.0
-401.6999999999998
-403.5
-316.1999999999998
-397.9000000000001
-311.4000000000001
-392.0
-393.2999999999997
-307.5
-386.9000000000001
-300.9000000000001
-381.0999999999999
-296.0
-373.1999999999998
-288.7999999999997
-365.7999999999997
-282.1999999999998
-358.0999999999999
-357.2999999999997
-276.2999999999997
-349.0999999999999
-347.9000000000001
-346.5
-268.9000000000001
-338.5
-336.7999999999997
-337.9000000000001
-326.0999999999999
-337.0999999999999
-337.2999999999997
-337.5
-336.6999999999998
-336.7999999999997
-337.9000000000001
-338.0999999999999
-338.2999999999997
-340.5
-341.9000000000001
-343.4000000000001
-346.0
-347.7999999999997
-351.6999999999998
-353.9000000000001
-355.1999999999998
-358.5
-362.0
-364.6999999999998
-368.5
-371.5
-376.5999999999999
-381.0
-385.5999999999999
-389.4000000000001
-392.2999999999997
-397.1999999999998
-401.2999999999997
-307.5
-398.0
-401.1999999999998
-403.4000000000001
-311.5
-399.0999999999999
-403.0999999999999
-311.1999999999998
-398.7999999999997
-399.7999999999997
-311.5999999999999
-396.2999999999997
-307.0999999999999
-389.6999999999998
-390.1999999999998
-302.5
-383.7999999999997
-296.9000000000001
-378.0999999999999
-291.0999999999999
-372.1999999999998
-286.0999999999999
-365.1999999999998
-280.9000000000001
-358.0
-273.5
-350.4000000000001
-266.6999999999998
-343.5
-342.6999999999998
-341.6999999999998
-340.5
-339.0999999999999
-326.5
-337.5999999999999
-335.9000000000001
-337.0
-338.1999999999998
-339.5
-337.9000000000001
-337.0999999999999
-336.1999999999998
-337.1999999999998
-340.2999999999997
-339.6999999999998
-341.0
-341.4000000000001
-342.7999999999997
-346.2999999999997
-348.0999999999999
-350.0
-353.0
-355.1999999999998
-357.5
-360.9000000000001
-364.5
-368.2999999999997
-372.2999999999997
-375.5
-379.7999999999997
-384.2999999999997
-388.0
-393.7999999999997
-395.9000000000001
-401.9000000000001
-406.1999999999998
-312.5999999999999
-404.2999999999997
-407.7999999999997
-410.2999999999997
-412.6999999999998
-322.0
-409.9000000000001
-414.1999999999998
-324.5999999999999
-410.6999999999998
-321.0
-405.0
-316.0
-399.7999999999997
-400.5999999999999
-315.1999999999998
-396.0
-309.5
-390.0999999999999
-389.4000000000001
-306.4000000000001
-384.9000000000001
-299.9000000000001
-377.1999999999998
-293.9000000000001
-371.0999999999999
-370.6999999999998
-288.0999999999999
-362.0999999999999
-363.1999999999998
-364.2999999999997
-364.4000000000001
-363.4000000000001
-325.1999999999998
-358.0999999999999
-358.5999999999999
-359.0999999999999
-359.5999999999999
-326.0999999999999
-358.1999999999998
-356.7999999999997
-332.1999999999998
-356.0999999999999
-356.5999999999999
-357.0999999999999
-357.5999999999999
-359.0999999999999
-361.6999999999998
-364.5
-366.5
-369.5999999999999
-371.9000000000001
-374.2999999999997
-377.7999999999997
-381.5
-384.4000000000001
-388.4000000000001
-391.5999999999999
-395.9000000000001
-399.4000000000001
-404.0
-407.7999999999997
-412.6999999999998
-417.7999999999997
-422.0999999999999
-426.5
-332.0
-425.6999999999998
-427.4000000000001
-430.9000000000001
-338.4000000000001
-426.2999999999997
-430.5999999999999
-340.0
-425.0
-428.0999999999999
-339.1999999999998
-423.0999999999999
-423.0
-335.5999999999999
-418.1999999999998
-331.6999999999998
-411.2999999999997
-412.5
-326.5999999999999
-404.9000000000001
-319.6999999999998
-398.7999999999997
-398.5
-314.0
-389.9000000000001
-307.0999999999999
-382.9000000000001
-299.0
-373.5999999999999
-374.4000000000001
-373.1999999999998
-375.7999999999997
-372.5999999999999
-299.0
-363.0
-363.0999999999999
-362.1999999999998
-291.1999999999998
-355.0999999999999
-355.0999999999999
-310.0999999999999
-349.5999999999999
-352.5
-351.6999999999998
-353.7999999999997
-355.0999999999999
-356.5
-359.0
-361.6999999999998
-364.5999999999999
-367.6999999999998
-370.0
-372.4000000000001
-375.9000000000001
-377.5999999999999
-381.2999999999997
-385.1999999999998
-389.2999999999997
-393.5999999999999
-398.0999999999999
-402.7999999999997
-406.6999999999998
-411.6999999999998
-414.9000000000001
-419.0999999999999
-423.4000000000001
-328.7999999999997
-422.4000000000001
-425.0
-427.5
-333.9000000000001
-422.5999999999999
-423.7999999999997
-332.7999999999997
-419.4000000000001
-421.2999999999997
-331.0999999999999
-415.5999999999999
-326.1999999999998
-409.5999999999999
-322.0
-403.4000000000001
-403.5999999999999
-317.5999999999999
-397.7999999999997
-312.6999999999998
-390.9000000000001
-305.5999999999999
-383.5999999999999
-300.0999999999999
-377.0999999999999
-292.5
-368.2999999999997
-285.4000000000001
-360.0999999999999
-359.0
-358.6999999999998
-358.2999999999997
-357.7999999999997
-307.1999999999998
-350.5
-350.5999999999999
-351.6999999999998
-310.9000000000001
-346.0
-347.0
-345.0999999999999
-346.0
-348.0
-348.1999999999998
-350.4000000000001
-349.7999999999997
-353.0999999999999
-354.6999999999998
-356.4000000000001
-359.1999999999998
-362.1999999999998
-365.4000000000001
-367.7999999999997
-371.2999999999997
-375.0
-377.9000000000001
-379.9000000000001
-383.9000000000001
-388.0999999999999
-391.5
-396.0
-399.6999999999998
-404.5
-407.5
-412.5
-415.6999999999998
-321.9000000000001
-413.4000000000001
-417.6999999999998
-419.0999999999999
-327.2999999999997
-415.0
-419.0999999999999
-327.2999999999997
-414.0
-417.0
-325.0
-411.5
-322.2999999999997
-405.9000000000001
-407.5
-320.0
-400.5
-400.6999999999998
-314.6999999999998
-393.9000000000001
-308.6999999999998
-386.7999999999997
-303.4000000000001
-380.5
-379.0
-297.1999999999998
-371.0999999999999
-290.0999999999999
-363.9000000000001
-282.7999999999997
-356.5
-355.2999999999997
-353.9000000000001
-283.2999999999997
-344.5999999999999
-344.6999999999998
-343.7999999999997
-288.7999999999997
-340.2999999999997
-339.5
-340.5999999999999
-340.7999999999997
-342.0
-343.2999999999997
-342.6999999999998
-344.0
-346.4000000000001
-350.0
-350.9000000000001
-353.7999999999997
-356.9000000000001
-359.1999999999998
-361.5999999999999
-366.0999999999999
-368.9000000000001
-372.7999999999997
-375.9000000000001
-380.0999999999999
-383.5
-388.0
-391.6999999999998
-396.5
-400.5
-405.5999999999999
-409.9000000000001
-413.2999999999997
-318.6999999999998
-411.2999999999997
-414.7999999999997
-416.2999999999997
-324.5999999999999
-413.4000000000001
-416.6999999999998
-325.0
-412.7999999999997
-415.0
-325.0999999999999
-409.9000000000001
-409.7999999999997
-323.4000000000001
-405.0999999999999
-318.5999999999999
-400.1999999999998
-400.5999999999999
-314.7999999999997
-393.1999999999998
-309.0999999999999
-387.4000000000001
-387.1999999999998
-303.7999999999997
-380.9000000000001
-298.4000000000001
-372.5
-290.6999999999998
-365.5999999999999
-367.6999999999998
-366.9000000000001
-366.9000000000001
-365.7999999999997
-264.5
-353.0
-353.2999999999997
-352.5999999999999
-310.7999999999997
-348.7999999999997
-350.0
-345.2999999999997
-351.0999999999999
-349.5
-350.6999999999998
-352.0
-353.4000000000001
-354.9000000000001
-356.5
-358.1999999999998
-361.0
-364.0
-367.1999999999998
-370.5999999999999
-372.1999999999998
-375.7999999999997
-379.5999999999999
-383.5999999999999
-386.7999999999997
-391.0999999999999
-393.5999999999999
-399.0999999999999
-401.9000000000001
-406.6999999999998
-412.6999999999998
-417.0
-420.4000000000001
-324.7999999999997
-418.2999999999997
-420.7999999999997
-423.1999999999998
-332.5
-420.4000000000001
-421.6999999999998
-424.7999999999997
-334.9000000000001
-419.6999999999998
-329.5999999999999
-413.1999999999998
-415.7999999999997
-328.4000000000001
-410.0
-321.4000000000001
-402.6999999999998
-402.7999999999997
-316.6999999999998
-396.7999999999997
-311.5999999999999
-387.6999999999998
-304.0999999999999
-381.0
-299.2999999999997
-375.2999999999997
-291.5999999999999
-366.4000000000001
-367.4000000000001
-285.4000000000001
-359.0999999999999
-357.9000000000001
-357.5
-286.0
-348.2999999999997
-347.5
-346.5999999999999
-310.5999999999999
-342.0
-342.9000000000001
-330.9000000000001
-342.6999999999998
-341.7999999999997
-334.7999999999997
-342.0999999999999
-344.1999999999998
-345.5
-347.9000000000001
-351.5
-353.4000000000001
-355.4000000000001
-358.5
-361.7999999999997
-364.2999999999997
-366.9000000000001
-369.5999999999999
-372.4000000000001
-376.2999999999997
-380.4000000000001
-384.6999999999998
-388.1999999999998
-391.7999999999997
-397.5
-400.5
-404.5
-409.5999999999999
-314.9000000000001
-408.4000000000001
-409.9000000000001
-411.1999999999998
-318.2999999999997
-407.7999999999997
-410.9000000000001
-414.0
-323.0999999999999
-410.7999999999997
-321.9000000000001
-405.7999999999997
-406.6999999999998
-317.4000000000001
-398.9000000000001
-312.1999999999998
-393.5999999999999
-305.7999999999997
-386.0
-385.9000000000001
-299.5999999999999
-295.5
-372.6999999999998
-373.2999999999997
-286.7999999999997
-364.5
-280.6999999999998
-356.4000000000001
-273.4000000000001
-348.0
-347.7999999999997
-346.5
-345.0
-294.2999999999997
-340.5
-339.7999999999997
-339.0
-315.0999999999999
-335.7999999999997
-335.7999999999997
-336.7999999999997
-336.9000000000001
-336.0
-337.0
-338.0999999999999
-339.2999999999997
-341.5999999999999
-343.0999999999999
-344.6999999999998
-347.4000000000001
-349.2999999999997
-352.2999999999997
-355.5
-357.9000000000001
-360.4000000000001
-365.0
-367.9000000000001
-370.9000000000001
-375.0
-379.2999999999997
-382.7999999999997
-387.4000000000001
-392.1999999999998
-396.1999999999998
-401.2999999999997
-405.5999999999999
-311.0
-403.5999999999999
-405.0999999999999
-405.4000000000001
-313.4000000000001
-403.9000000000001
-406.0999999999999
-315.1999999999998
-400.9000000000001
-402.7999999999997
-313.5999999999999
-398.1999999999998
-308.9000000000001
-391.4000000000001
-303.7999999999997
-386.1999999999998
-386.5
-298.5999999999999
-379.6999999999998
-292.5999999999999
-371.5999999999999
-287.1999999999998
-366.1999999999998
-280.7999999999997
-358.6999999999998
-358.0999999999999
-274.2999999999997
-349.0
-267.9000000000001
-341.5999999999999
-339.4000000000001
-339.9000000000001
-339.4000000000001
-338.7999999999997
-338.0999999999999
-338.2999999999997
-339.5
-340.7999999999997
-341.1999999999998
-341.5999999999999
-342.0
-340.4000000000001
-340.5999999999999
-340.7999999999997
-342.0
-343.2999999999997
-344.6999999999998
-347.1999999999998
-349.9000000000001
-351.7999999999997
-354.7999999999997
-358.0
-360.4000000000001
-362.9000000000001
-366.5
-368.2999999999997
-373.0999999999999
-375.1999999999998
-379.2999999999997
-383.5999999999999
-387.0999999999999
-391.6999999999998
-395.5
-399.4000000000001
-404.4000000000001
-408.5999999999999
-313.9000000000001
-406.4000000000001
-407.7999999999997
-411.0
-319.1999999999998
-407.9000000000001
-409.0999999999999
-320.0999999999999
-405.9000000000001
-315.9000000000001
-402.5999999999999
-403.5999999999999
-314.4000000000001
-397.0
-397.5
-310.7999999999997
-392.1999999999998
-305.4000000000001
-385.6999999999998
-299.6999999999998
-377.9000000000001
-293.5999999999999
-371.6999999999998
-286.2999999999997
-363.1999999999998
-281.5
-355.5
-354.5999999999999
-272.5
-346.0999999999999
-344.7999999999997
-346.2999999999997
-344.9000000000001
-314.2999999999997
-339.5999999999999
-338.6999999999998
-339.6999999999998
-341.7999999999997
-341.0999999999999
-341.2999999999997
-341.5
-341.6999999999998
-341.9000000000001
-342.0999999999999
-343.2999999999997
-344.5999999999999
-346.0
-348.5
-350.1999999999998
-352.0
-354.9000000000001
-358.0
-360.2999999999997
-362.6999999999998
-366.1999999999998
-368.9000000000001
-372.6999999999998
-376.6999999999998
-380.9000000000001
-384.2999999999997
-387.7999999999997
-392.4000000000001
-396.1999999999998
-401.0999999999999
-405.1999999999998
-407.4000000000001
-313.5
-404.9000000000001
-408.0999999999999
-410.2999999999997
-316.4000000000001
-404.7999999999997
-406.6999999999998
-315.5
-403.9000000000001
-405.7999999999997
-317.5999999999999
-401.2999999999997
-402.0
-313.5
-394.9000000000001
-307.0999999999999
-387.2999999999997
-301.1999999999998
-381.2999999999997
-296.0999999999999
-375.1999999999998
-375.9000000000001
-290.5
-368.4000000000001
-283.7999999999997
-360.5999999999999
-275.7999999999997
-351.4000000000001
-268.2999999999997
-342.7999999999997
-342.5
-342.0999999999999
-340.5999999999999
-325.9000000000001
-336.6999999999998
-336.6999999999998
-336.6999999999998
-337.6999999999998
-337.7999999999997
-337.9000000000001
-338.0
-337.0999999999999
-337.0999999999999
-338.0999999999999
-339.1999999999998
-339.4000000000001
-341.5999999999999
-344.0
-346.5999999999999
-348.4000000000001
-350.2999999999997
-353.2999999999997
-356.5
-359.9000000000001
-363.5
-366.2999999999997
-368.1999999999998
-372.0999999999999
-376.1999999999998
-380.5
-383.0
-387.5
-392.1999999999998
-396.0999999999999
-401.0999999999999
-404.2999999999997
-309.5
-400.9000000000001
-404.0999999999999
-407.2999999999997
-409.5
-317.5999999999999
-407.1999999999998
-409.4000000000001
-318.5
-403.1999999999998
-314.0
-397.5999999999999
-398.1999999999998
-309.5999999999999
-392.9000000000001
-305.1999999999998
-386.5
-300.5999999999999
-379.9000000000001
-379.7999999999997
-294.5
-374.5
-374.1999999999998
-289.6999999999998
-365.5999999999999
-281.7999999999997
-358.5
-276.5999999999999
-351.4000000000001
-350.4000000000001
-349.1999999999998
-348.7999999999997
-348.2999999999997
-348.6999999999998
-349.0999999999999
-348.5
-348.7999999999997
-349.0999999999999
-349.4000000000001
-349.6999999999998
-350.0
-349.2999999999997
-351.5
-350.9000000000001
-352.1999999999998
-353.5999999999999
-355.0999999999999
-356.6999999999998
-359.4000000000001
-361.2999999999997
-364.2999999999997
-367.5
-370.9000000000001
-373.5
-377.1999999999998
-380.0999999999999
-383.0999999999999
-386.1999999999998
-390.4000000000001
-394.7999999999997
-398.4000000000001
-404.0999999999999
-408.0999999999999
-412.1999999999998
-416.4000000000001
-420.6999999999998
-325.0999999999999
-417.5999999999999
-422.0
-423.5
-331.7999999999997
-419.5999999999999
-421.7999999999997
-331.9000000000001
-418.6999999999998
-420.7999999999997
-331.7999999999997
-415.5999999999999
-326.4000000000001
-410.0
-410.5999999999999
-323.0
-403.4000000000001
-317.5
-397.7999999999997
-397.7999999999997
-312.5999999999999
-389.6999999999998
-305.1999999999998
-382.0999999999999
-298.4000000000001
-375.1999999999998
-291.4000000000001
-366.0999999999999
-284.0
-359.5999999999999
-358.5
-358.1999999999998
-357.7999999999997
-283.2999999999997
-347.2999999999997
-348.4000000000001
-348.5999999999999
-347.7999999999997
-347.9000000000001
-347.0
-347.0
-347.0
-347.0
-348.0
-349.0999999999999
-350.2999999999997
-352.5999999999999
-355.0999999999999
-356.7999999999997
-358.5999999999999
-361.5
-363.5999999999999
-365.7999999999997
-369.0999999999999
-372.5999999999999
-375.2999999999997
-378.0999999999999
-382.0
-385.0999999999999
-388.2999999999997
-392.5999999999999
-397.0999999999999
-400.7999999999997
-405.5999999999999
-408.5999999999999
-412.5999999999999
-317.6999999999998
-412.0
-411.4000000000001
-414.4000000000001
-321.4000000000001
-409.7999999999997
-413.6999999999998
-323.6999999999998
-411.4000000000001
-413.5
-323.5
-408.1999999999998
-319.0
-401.5999999999999
-402.0999999999999
-315.4000000000001
-395.7999999999997
-309.9000000000001
-389.1999999999998
-302.0999999999999
-382.0999999999999
-295.7999999999997
-373.6999999999998
-289.0999999999999
-366.9000000000001
-281.1999999999998
-357.7999999999997
-273.7999999999997
-350.2999999999997
-265.1999999999998
-340.5
-340.0999999999999
-338.5999999999999
-264.9000000000001
-331.7999999999997
-331.0999999999999
-331.2999999999997
-305.5
-329.0999999999999
-330.2999999999997
-329.5999999999999
-329.7999999999997
-330.0
-331.1999999999998
-332.5
-333.9000000000001
-335.4000000000001
-338.0
-339.7999999999997
-342.6999999999998
-344.7999999999997
-347.0
-350.2999999999997
-352.7999999999997
-356.4000000000001
-359.1999999999998
-362.0999999999999
-366.0999999999999
-369.2999999999997
-373.5999999999999
-377.0999999999999
-382.6999999999998
-386.5999999999999
-390.5999999999999
-394.6999999999998
-398.9000000000001
-302.1999999999998
-396.5
-398.9000000000001
-402.1999999999998
-308.5
-398.0999999999999
-400.2999999999997
-310.4000000000001
-397.1999999999998
-400.2999999999997
-311.4000000000001
-395.2999999999997
-396.1999999999998
-308.9000000000001
-390.5999999999999
-392.0999999999999
-305.5
-386.0
-300.1999999999998
-379.5999999999999
-295.5999999999999
-373.0
-372.7999999999997
-289.4000000000001
-366.5
-284.0
-359.0999999999999
-277.4000000000001
-350.4000000000001
-349.4000000000001
-349.1999999999998
-349.9000000000001
-350.5999999999999
-285.2999999999997
-344.4000000000001
-343.0
-345.4000000000001
-346.0
-346.5999999999999
-346.1999999999998
-346.6999999999998
-347.1999999999998
-347.6999999999998
-348.1999999999998
-348.6999999999998
-350.1999999999998
-351.7999999999997
-353.5
-355.2999999999997
-359.1999999999998
-361.4000000000001
-364.6999999999998
-367.1999999999998
-370.7999999999997
-372.5999999999999
-376.4000000000001
-380.4000000000001
-384.5999999999999
-389.0
-392.5999999999999
-397.2999999999997
-401.1999999999998
-406.1999999999998
-410.4000000000001
-415.6999999999998
-419.1999999999998
-324.6999999999998
-417.4000000000001
-420.0
-422.5
-330.9000000000001
-420.7999999999997
-422.2999999999997
-330.5999999999999
-417.4000000000001
-326.5
-413.1999999999998
-414.1999999999998
-325.0
-407.5999999999999
-319.0999999999999
-400.5
-314.6999999999998
-395.0999999999999
-309.1999999999998
-388.5
-302.4000000000001
-381.5
-381.1999999999998
-298.6999999999998
-374.7999999999997
-291.1999999999998
-367.0999999999999
-284.2999999999997
-360.0999999999999
-276.1999999999998
-350.7999999999997
-350.5999999999999
-349.2999999999997
-280.7999999999997
-341.4000000000001
-340.6999999999998
-341.9000000000001
-313.1999999999998
-338.5999999999999
-338.7999999999997
-338.0
-338.0999999999999
-338.1999999999998
-337.2999999999997
-338.2999999999997
-341.4000000000001
-342.7999999999997
-344.2999999999997
-345.9000000000001
-347.5999999999999
-350.4000000000001
-353.4000000000001
-356.5999999999999
-357.0
-361.2999999999997
-364.9000000000001
-369.6999999999998
-373.7999999999997
-376.0999999999999
-380.4000000000001
-384.9000000000001
-388.5999999999999
-393.4000000000001
-397.4000000000001
-402.5
-403.7999999999997
-309.9000000000001
-402.2999999999997
-404.5999999999999
-405.7999999999997
-313.7999999999997
-402.2999999999997
-404.2999999999997
-314.1999999999998
-400.7999999999997
-402.6999999999998
-312.5
-397.0
-307.5999999999999
-391.0
-302.4000000000001
-383.6999999999998
-296.7999999999997
-377.0
-377.9000000000001
-291.6999999999998
-370.6999999999998
-285.2999999999997
-363.1999999999998
-277.5999999999999
-355.2999999999997
-354.5
-270.5
-346.0
-262.7999999999997
-336.1999999999998
-334.6999999999998
-334.0
-334.1999999999998
-333.4000000000001
-333.5
-332.5999999999999
-332.5999999999999
-332.5999999999999
-331.5999999999999
-332.5
-333.5
-333.5999999999999
-334.6999999999998
-335.9000000000001
-336.1999999999998
-337.5
-337.9000000000001
-340.2999999999997
-342.9000000000001
-344.6999999999998
-346.5999999999999
-349.5999999999999
-352.7999999999997
-355.1999999999998
-359.6999999999998
-362.5
-366.4000000000001
-368.5
-372.5999999999999
-376.9000000000001
-381.4000000000001
-384.0999999999999
-388.7999999999997
-393.6999999999998
-397.7999999999997
-401.0
-308.1999999999998
-398.7999999999997
-402.0999999999999
-404.4000000000001
-310.5999999999999
-401.0999999999999
-404.2999999999997
-313.5
-400.2999999999997
-402.4000000000001
-312.4000000000001
-397.0999999999999
-307.9000000000001
-389.5
-301.9000000000001
-385.2999999999997
-386.6999999999998
-299.0
-379.2999999999997
-292.2999999999997
-372.4000000000001
-288.1999999999998
-365.4000000000001
-280.0
-355.9000000000001
-271.0999999999999
-348.6999999999998
-347.7999999999997
-264.6999999999998
-339.1999999999998
-337.9000000000001
-338.4000000000001
-337.9000000000001
-337.2999999999997
-336.5999999999999
-337.7999999999997
-337.0999999999999
-337.2999999999997
-337.5
-337.6999999999998
-336.9000000000001
-337.0
-338.0999999999999
-338.2999999999997
-338.5
-339.6999999999998
-341.0
-342.4000000000001
-344.9000000000001
-346.5999999999999
-349.4000000000001
-351.4000000000001
-353.5
-356.6999999999998
-360.0999999999999
-363.6999999999998
-366.5
-370.4000000000001
-372.5
-377.5999999999999
-381.0
-385.5
-389.1999999999998
-395.0
-399.0999999999999
-401.2999999999997
-305.4000000000001
-399.5999999999999
-402.9000000000001
-405.1999999999998
-312.4000000000001
-404.0
-405.4000000000001
-315.5999999999999
-401.5
-404.5999999999999
-315.6999999999998
-399.5999999999999
-311.5
-394.2999999999997
-396.0
-308.5999999999999
-390.1999999999998
-391.5999999999999
-304.9000000000001
-384.2999999999997
-298.2999999999997
-377.5
-291.2999999999997
-369.2999999999997
-285.7999999999997
-362.7999999999997
-278.1999999999998
-354.0
-270.0999999999999
-345.6999999999998
-344.5999999999999
-343.2999999999997
-342.7999999999997
-313.1999999999998
-338.5999999999999
-338.7999999999997
-339.0
-312.1999999999998
-336.6999999999998
-335.9000000000001
-336.0
-336.0999999999999
-337.1999999999998
-336.4000000000001
-337.5
-337.6999999999998
-339.9000000000001
-342.2999999999997
-343.9000000000001
-345.5999999999999
-347.4000000000001
-350.2999999999997
-353.4000000000001
-356.6999999999998
-359.1999999999998
-362.7999999999997
-365.5999999999999
-369.5
-372.5999999999999
-376.7999999999997
-380.1999999999998
-384.6999999999998
-389.4000000000001
-393.2999999999997
-398.2999999999997
-401.5
-305.6999999999998
-399.0
-401.2999999999997
-402.5
-310.5
-400.0
-402.0999999999999
-311.0999999999999
-398.6999999999998
-401.6999999999998
-311.6999999999998
-395.4000000000001
-398.0999999999999
-309.7999999999997
-392.4000000000001
-304.9000000000001
-386.4000000000001
-299.6999999999998
-381.0999999999999
-294.2999999999997
-374.5999999999999
-288.5999999999999
-366.7999999999997
-366.5
-283.0
-359.0
-277.2999999999997
-351.2999999999997
-269.4000000000001
-343.1999999999998
-344.0999999999999
-341.0
-341.5
-320.0
-341.2999999999997
-339.9000000000001
-339.2999999999997
-340.5999999999999
-341.0
-339.4000000000001
-340.5999999999999
-339.9000000000001
-342.0999999999999
-341.5
-343.7999999999997
-344.2999999999997
-345.7999999999997
-348.4000000000001
-350.1999999999998
-353.0999999999999
-354.1999999999998
-357.2999999999997
-359.5999999999999
-363.0
-365.5999999999999
-369.2999999999997
-373.1999999999998
-377.2999999999997
-379.5999999999999
-383.9000000000001
-387.4000000000001
-393.0
-396.9000000000001
-401.9000000000001
-407.0999999999999
-411.5
-317.0
-408.6999999999998
-410.1999999999998
-413.5
-320.7999999999997
-410.5
-412.7999999999997
-323.0
-409.9000000000001
-319.0999999999999
-403.9000000000001
-405.7999999999997
-316.5999999999999
-400.1999999999998
-312.7999999999997
-394.4000000000001
-395.7999999999997
-309.0999999999999
-389.5
-303.5999999999999
-381.9000000000001
-296.6999999999998
-373.7999999999997
-289.2999999999997
-367.1999999999998
-282.5999999999999
-359.4000000000001
-358.5999999999999
-276.5999999999999
-350.2999999999997
-349.0999999999999
-349.6999999999998
-348.2999999999997
-266.6999999999998
-339.9000000000001
-340.1999999999998
-340.5
-341.7999999999997
-341.1999999999998
-342.5
-342.9000000000001
-344.2999999999997
-343.7999999999997
-343.1999999999998
-344.5
-345.9000000000001
-347.4000000000001
-349.0
-351.6999999999998
-354.5999999999999
-355.6999999999998
-358.7999999999997
-361.0999999999999
-364.5
-368.0999999999999
-371.9000000000001
-374.9000000000001
-379.0
-383.2999999999997
-388.7999999999997
-392.5999999999999
-395.5
-401.4000000000001
-406.5999999999999
-410.0
-415.4000000000001
-319.0
-411.5999999999999
-414.0999999999999
-416.5
-418.7999999999997
-326.0
-416.5999999999999
-417.9000000000001
-328.0
-413.7999999999997
-413.7999999999997
-325.5
-407.0999999999999
-319.5
-400.9000000000001
-313.0999999999999
-395.2999999999997
-308.4000000000001
-388.5999999999999
-388.5
-304.1999999999998
-382.2999999999997
-297.9000000000001
-374.9000000000001
-290.2999999999997
-366.0999999999999
-366.1999999999998
-284.1999999999998
-358.9000000000001
-275.7999999999997
-349.2999999999997
-347.9000000000001
-346.2999999999997
-288.5
-339.9000000000001
-341.0
-342.1999999999998
-343.5
-342.9000000000001
-343.1999999999998
-343.5
-342.7999999999997
-343.0
-344.1999999999998
-345.5
-345.9000000000001
-348.2999999999997
-349.9000000000001
-351.5999999999999
-354.4000000000001
-356.4000000000001
-359.5
-362.7999999999997
-366.2999999999997
-369.0
-372.7999999999997
-377.7999999999997
-380.0999999999999
-383.4000000000001
-387.7999999999997
-392.4000000000001
-397.1999999999998
-401.1999999999998
-406.2999999999997
-410.5999999999999
-413.0
-318.2999999999997
-411.7999999999997
-414.2999999999997
-416.6999999999998
-325.0
-412.7999999999997
-416.0
-324.1999999999998
-409.9000000000001
-411.7999999999997
-323.5999999999999
-408.2999999999997
-410.0999999999999
-321.7999999999997
-403.4000000000001
-315.7999999999997
-397.1999999999998
-310.4000000000001
-391.6999999999998
-304.7999999999997
-385.0
-384.9000000000001
-299.5999999999999
-376.5999999999999
-293.0
-369.9000000000001
-286.1999999999998
-360.0
-276.9000000000001
-352.4000000000001
-350.1999999999998
-348.6999999999998
-348.0
-283.1999999999998
-340.9000000000001
-340.0
-340.0
-278.0
-333.7999999999997
-334.7999999999997
-333.9000000000001
-335.9000000000001
-334.0999999999999
-336.0999999999999
-337.2999999999997
-336.5999999999999
-339.7999999999997
-342.2999999999997
-344.0
-347.7999999999997
-347.9000000000001
-350.9000000000001
-354.0999999999999
-357.5
-360.0999999999999
-362.7999999999997
-365.5999999999999
-369.5
-373.5999999999999
-377.9000000000001
-382.4000000000001
-385.0999999999999
-389.7999999999997
-393.6999999999998
-398.6999999999998
-401.9000000000001
-308.0999999999999
-400.5999999999999
-403.0
-405.2999999999997
-312.5
-400.0999999999999
-405.0999999999999
-314.2999999999997
-400.0999999999999
-402.0999999999999
-313.0
-397.6999999999998
-308.5
-392.0999999999999
-303.6999999999998
-386.1999999999998
-386.5999999999999
-300.7999999999997
-381.1999999999998
-294.2999999999997
-373.5
-287.2999999999997
-367.2999999999997
-367.0
-281.5
-358.2999999999997
-275.5
-351.2999999999997
-267.4000000000001
-342.0
-340.7999999999997
-340.4000000000001
-339.9000000000001
-341.2999999999997
-339.7999999999997
-339.0999999999999
-339.2999999999997
-339.5
-340.6999999999998
-341.0
-341.2999999999997
-341.5999999999999
-341.9000000000001
-343.1999999999998
-343.5999999999999
-345.0
-345.5
-348.0
-350.6999999999998
-352.5999999999999
-355.5999999999999
-357.7999999999997
-360.0999999999999
-363.5
-366.0999999999999
-369.7999999999997
-373.6999999999998
-377.7999999999997
-381.0999999999999
-384.5
-388.0
-393.5999999999999
-397.5
-402.5
-408.6999999999998
-412.1999999999998
-315.6999999999998
-409.1999999999998
-411.6999999999998
-413.0999999999999
-321.2999999999997
-411.0
-413.2999999999997
-321.5
-408.1999999999998
-409.1999999999998
-321.0
-403.6999999999998
-314.2999999999997
-398.6999999999998
-398.1999999999998
-311.4000000000001
-392.6999999999998
-304.7999999999997
-385.9000000000001
-299.7999999999997
-378.9000000000001
-293.5999999999999
-370.5999999999999
-371.0
-287.2999999999997
-363.0999999999999
-279.1999999999998
-353.7999999999997
-271.5999999999999
-346.0999999999999
-344.7999999999997
-344.2999999999997
-344.6999999999998
-344.0999999999999
-343.4000000000001
-342.5999999999999
-342.6999999999998
-343.7999999999997
-343.0
-344.0999999999999
-342.2999999999997
-342.2999999999997
-343.2999999999997
-343.4000000000001
-345.5
-344.7999999999997
-348.0
-348.5
-352.0
-353.7999999999997
-355.6999999999998
-356.6999999999998
-359.6999999999998
-362.9000000000001
-366.2999999999997
-369.9000000000001
-371.6999999999998
-375.5
-379.5
-382.6999999999998
-386.0
-389.4000000000001
-393.9000000000001
-398.5999999999999
-402.5
-405.5
-311.5
-401.7999999999997
-405.7999999999997
-408.9000000000001
-316.0
-403.5
-406.4000000000001
-316.2999999999997
-401.9000000000001
-403.6999999999998
-315.4000000000001
-398.0
-308.5
-390.7999999999997
-392.0
-304.0999999999999
-384.1999999999998
-299.0
-378.0999999999999
-377.7999999999997
-293.2999999999997
-371.1999999999998
-286.5999999999999
-363.4000000000001
-278.5999999999999
-354.1999999999998
-271.0999999999999
-345.5999999999999
-263.2999999999997
-335.6999999999998
-337.0999999999999
-336.5999999999999
-334.0
-334.0999999999999
-335.1999999999998
-334.4000000000001
-333.5
-335.5
-334.6999999999998
-333.7999999999997
-334.7999999999997
-334.9000000000001
-335.0
-336.0999999999999
-337.2999999999997
-338.5999999999999
-341.0
-343.5999999999999
-345.4000000000001
-346.2999999999997
-349.1999999999998
-352.2999999999997
-355.5999999999999
-358.0999999999999
-360.6999999999998
-364.4000000000001
-368.2999999999997
-371.4000000000001
-375.5999999999999
-380.0
-384.5999999999999
-388.4000000000001
-392.2999999999997
-396.2999999999997
-401.4000000000001
-405.6999999999998
-310.0999999999999
-402.5999999999999
-405.0
-408.2999999999997
-315.5999999999999
-403.2999999999997
-405.4000000000001
-315.4000000000001
-403.0999999999999
-404.1999999999998
-314.0999999999999
-398.6999999999998
-399.4000000000001
-312.9000000000001
-392.5
-306.6999999999998
-386.0999999999999
-387.0999999999999
-302.0
-382.1999999999998
-297.0999999999999
-374.2999999999997
-288.9000000000001
-365.7999999999997
-282.0999999999999
-357.9000000000001
-275.0
-350.6999999999998
-268.6999999999998
-342.4000000000001
-341.1999999999998
-339.7999999999997
-341.1999999999998
-339.6999999999998
-339.0
-340.1999999999998
-340.5
-340.7999999999997
-341.0999999999999
-342.4000000000001
-342.7999999999997
-342.1999999999998
-341.5
-342.6999999999998
-343.0
-343.2999999999997
-345.5999999999999
-348.0999999999999
-349.7999999999997
-352.5999999999999
-354.5999999999999
-357.6999999999998
-360.0
-363.4000000000001
-365.0
-367.5999999999999
-371.2999999999997
-375.1999999999998
-379.2999999999997
-383.5999999999999
-388.0999999999999
-391.7999999999997
-396.5999999999999
-400.5999999999999
-404.6999999999998
-407.9000000000001
-314.0999999999999
-405.5999999999999
-407.9000000000001
-410.0999999999999
-318.1999999999998
-407.7999999999997
-410.0
-320.0999999999999
-404.9000000000001
-406.7999999999997
-317.5999999999999
-401.1999999999998
-401.7999999999997
-313.1999999999998
-394.5
-307.5999999999999
-388.7999999999997
-303.7999999999997
-382.0999999999999
-381.9000000000001
-381.5
-296.9000000000001
-374.6999999999998
-290.0
-365.6999999999998
-366.6999999999998
-282.6999999999998
-357.1999999999998
-273.9000000000001
-348.1999999999998
-347.6999999999998
-347.0999999999999
-345.4000000000001
-344.5
-344.5
-344.5
-344.5
-344.5
-343.5
-343.4000000000001
-345.2999999999997
-345.4000000000001
-345.5
-345.5999999999999
-345.6999999999998
-346.7999999999997
-348.0
-349.2999999999997
-351.6999999999998
-353.2999999999997
-356.0
-357.9000000000001
-360.9000000000001
-363.0999999999999
-366.4000000000001
-369.9000000000001
-372.5999999999999
-375.4000000000001
-379.2999999999997
-383.4000000000001
-386.6999999999998
-389.0999999999999
-395.5
-399.2999999999997
-404.1999999999998
-408.2999999999997
-310.5
-403.5999999999999
-407.6999999999998
-408.9000000000001
-315.9000000000001
-404.2999999999997
-405.1999999999998
-314.9000000000001
-401.2999999999997
-311.0
-397.4000000000001
-398.0999999999999
-308.5999999999999
-391.9000000000001
-392.1999999999998
-304.2999999999997
-385.4000000000001
-299.2999999999997
-379.4000000000001
-292.1999999999998
-371.0999999999999
-284.5999999999999
-363.2999999999997
-364.5999999999999
-279.9000000000001
-355.5999999999999
-271.5999999999999
-346.0999999999999
-264.7999999999997
-338.2999999999997
-337.9000000000001
-336.4000000000001
-334.6999999999998
-333.7999999999997
-333.7999999999997
-334.7999999999997
-334.9000000000001
-335.0
-335.0999999999999
-333.1999999999998
-333.0999999999999
-333.0
-334.9000000000001
-336.0
-337.1999999999998
-338.5
-340.9000000000001
-342.5
-345.1999999999998
-346.0999999999999
-349.0
-350.0999999999999
-354.1999999999998
-357.5999999999999
-361.1999999999998
-365.0
-368.0
-371.0999999999999
-376.2999999999997
-377.7999999999997
-384.1999999999998
-388.0
-392.9000000000001
-396.0
-400.0999999999999
-404.2999999999997
-309.5999999999999
-402.0999999999999
-404.5
-408.7999999999997
-316.1999999999998
-404.0
-407.1999999999998
-409.4000000000001
-320.5
-405.4000000000001
-406.4000000000001
-318.1999999999998
-401.9000000000001
-312.5999999999999
-395.0999999999999
-307.5
-388.9000000000001
-303.0999999999999
-384.5
-384.6999999999998
-299.6999999999998
-378.0
-291.7999999999997
-369.7999999999997
-285.2999999999997
-364.1999999999998
-279.6999999999998
-355.5999999999999
-271.7999999999997
-348.5
-345.5999999999999
-345.2999999999997
-342.9000000000001
-286.1999999999998
-338.7999999999997
-339.1999999999998
-336.5999999999999
-337.6999999999998
-337.9000000000001
-338.0999999999999
-338.2999999999997
-338.5
-338.6999999999998
-337.9000000000001
-339.0
-339.1999999999998
-341.4000000000001
-343.7999999999997
-345.4000000000001
-348.0999999999999
-351.0
-352.0999999999999
-355.1999999999998
-357.5
-361.9000000000001
-364.5999999999999
-368.4000000000001
-371.4000000000001
-374.5
-378.6999999999998
-383.0999999999999
-386.6999999999998
-389.4000000000001
-396.0999999999999
-398.1999999999998
-403.1999999999998
-308.4000000000001
-399.7999999999997
-403.0
-405.1999999999998
-313.2999999999997
-401.9000000000001
-403.0
-311.9000000000001
-400.4000000000001
-402.4000000000001
-312.2999999999997
-395.9000000000001
-306.5
-390.9000000000001
-391.4000000000001
-304.6999999999998
-385.0999999999999
-299.1999999999998
-378.5
-293.4000000000001
-371.5999999999999
-287.2999999999997
-364.4000000000001
-278.9000000000001
-355.6999999999998
-272.9000000000001
-347.6999999999998
-265.6999999999998
-339.4000000000001
-338.1999999999998
-339.7999999999997
-339.5
-339.0999999999999
-338.5999999999999
-339.0
-339.4000000000001
-338.7999999999997
-339.0999999999999
-338.4000000000001
-339.5999999999999
-339.9000000000001
-340.1999999999998
-339.5
-340.6999999999998
-342.0
-342.4000000000001
-342.7999999999997
-346.1999999999998
-347.9000000000001
-349.6999999999998
-352.5999999999999
-353.6999999999998
-355.7999999999997
-360.0
-362.5
-365.0999999999999
-368.7999999999997
-372.6999999999998
-376.7999999999997
-380.0999999999999
-383.5
-388.0
-392.6999999999998
-397.5999999999999
-401.6999999999998
-404.9000000000001
-311.0999999999999
-403.5999999999999
-406.0
-407.2999999999997
-315.4000000000001
-404.0
-406.0999999999999
-314.0999999999999
-403.5999999999999
-404.6999999999998
-314.5999999999999
-399.1999999999998
-309.9000000000001
-393.4000000000001
-304.9000000000001
-387.2999999999997
-388.5999999999999
-301.7999999999997
-381.0999999999999
-296.0
-374.1999999999998
-290.9000000000001
-281.0999999999999
-360.0
-274.5
-351.2999999999997
-352.5
-268.6999999999998
-343.4000000000001
-343.2999999999997
-343.0999999999999
-340.7999999999997
-342.1999999999998
-342.6999999999998
-342.1999999999998
-342.5999999999999
-342.0
-341.2999999999997
-341.5
-341.6999999999998
-342.9000000000001
-344.1999999999998
-343.5999999999999
-342.9000000000001
-344.0999999999999
-344.4000000000001
-346.6999999999998
-348.1999999999998
-350.7999999999997
-353.5999999999999
-356.5999999999999
-359.7999999999997
-363.1999999999998
-366.7999999999997
-369.5999999999999
-371.5
-374.4000000000001
-377.4000000000001
-383.5
-386.0
-390.5
-395.1999999999998
-399.0999999999999
-404.0999999999999
-407.2999999999997
-312.5
-405.9000000000001
-409.2999999999997
-410.6999999999998
-412.9000000000001
-322.0
-409.6999999999998
-413.7999999999997
-322.0
-406.6999999999998
-409.5
-319.2999999999997
-402.7999999999997
-313.2999999999997
-396.5999999999999
-397.9000000000001
-310.0999999999999
-391.2999999999997
-305.2999999999997
-385.5
-299.4000000000001
-378.5
-292.1999999999998
-370.0999999999999
-370.5
-285.7999999999997
-362.5
-278.5999999999999
-354.1999999999998
-354.0999999999999
-352.9000000000001
-352.5
-352.0
-351.4000000000001
-352.6999999999998
-351.0999999999999
-350.2999999999997
-352.4000000000001
-351.6999999999998
-353.9000000000001
-353.2999999999997
-353.5999999999999
-353.9000000000001
-353.1999999999998
-353.4000000000001
-354.5999999999999
-355.9000000000001
-357.2999999999997
-359.7999999999997
-362.5
-364.4000000000001
-367.4000000000001
-369.5999999999999
-372.9000000000001
-375.4000000000001
-378.0
-380.6999999999998
-384.5
-388.5
-392.6999999999998
-397.0999999999999
-400.6999999999998
-405.4000000000001
-408.2999999999997
-413.1999999999998
-416.2999999999997
-321.4000000000001
-413.6999999999998
-415.9000000000001
-418.0
-423.0
-425.1999999999998
-333.2999999999997
-419.9000000000001
-328.7999999999997
-415.2999999999997
-416.0999999999999
-326.6999999999998
-412.0999999999999
-412.6999999999998
-324.0999999999999
-406.4000000000001
-406.5999999999999
-318.5999999999999
-398.5999999999999
-312.2999999999997
-391.1999999999998
-304.6999999999998
-382.4000000000001
-298.5999999999999
-376.2999999999997
-376.5
-293.5999999999999
-367.2999999999997
-285.0999999999999
-358.5999999999999
-357.1999999999998
-357.5999999999999
-357.0
-356.2999999999997
-355.5
-354.5999999999999
-353.5999999999999
-355.5
-355.5999999999999
-354.6999999999998
-354.6999999999998
-354.6999999999998
-355.6999999999998
-357.7999999999997
-357.0999999999999
-357.2999999999997
-359.5
-360.9000000000001
-363.4000000000001
-366.0999999999999
-368.0
-370.0
-373.0999999999999
-375.4000000000001
-378.7999999999997
-381.4000000000001
-385.0999999999999
-389.0
-391.0999999999999
-395.1999999999998
-398.5
-401.9000000000001
-405.4000000000001
-410.0
-414.7999999999997
-418.7999999999997
-322.9000000000001
-417.0999999999999
-419.4000000000001
-422.5999999999999
-424.7999999999997
-329.9000000000001
-420.1999999999998
-421.1999999999998
-423.0
-331.6999999999998
-418.0
-327.5999999999999
-411.9000000000001
-413.2999999999997
-324.5999999999999
-406.7999999999997
-319.9000000000001
-400.0999999999999
-313.0
-392.0
-393.5999999999999
-308.1999999999998
-386.0999999999999
-302.5
-378.4000000000001
-378.5999999999999
-295.6999999999998
-369.4000000000001
-286.1999999999998
-359.5999999999999
-277.0999999999999
-352.2999999999997
-350.7999999999997
-350.0999999999999
-349.2999999999997
-348.4000000000001
-348.4000000000001
-348.4000000000001
-346.4000000000001
-346.1999999999998
-347.0
-347.9000000000001
-346.9000000000001
-346.7999999999997
-347.6999999999998
-347.6999999999998
-348.6999999999998
-351.7999999999997
-353.1999999999998
-355.6999999999998
-357.4000000000001
-359.1999999999998
-362.0999999999999
-364.1999999999998
-367.4000000000001
-369.7999999999997
-372.2999999999997
-374.9000000000001
-378.5999999999999
-383.5
-386.6999999999998
-390.0
-393.4000000000001
-397.9000000000001
-401.5999999999999
-406.4000000000001
-309.4000000000001
-401.4000000000001
-404.2999999999997
-407.1999999999998
-411.0999999999999
-317.0999999999999
-406.4000000000001
-408.2999999999997
-318.0999999999999
-403.5999999999999
-313.2999999999997
-397.6999999999998
-399.1999999999998
-310.5999999999999
-392.9000000000001
-305.0999999999999
-387.2999999999997
-299.4000000000001
-379.5
-380.2999999999997
-293.0
-371.7999999999997
-285.1999999999998
-363.7999999999997
-278.0
-354.5
-355.4000000000001
-272.2999999999997
-346.7999999999997
-264.5
-337.9000000000001
-337.4000000000001
-335.7999999999997
-334.0
-334.0
-334.0
-333.0
-334.9000000000001
-335.0
-334.0999999999999
-334.0999999999999
-334.0999999999999
-335.0999999999999
-335.1999999999998
-336.2999999999997
-336.5
-337.6999999999998
-339.0
-341.4000000000001
-344.0
-344.7999999999997
-347.5999999999999
-350.5999999999999
-352.7999999999997
-355.0999999999999
-359.5
-361.1999999999998
-364.9000000000001
-368.7999999999997
-370.9000000000001
-376.0
-380.4000000000001
-383.0
-387.5999999999999
-392.4000000000001
-397.4000000000001
-399.5999999999999
-305.6999999999998
-398.0999999999999
-402.4000000000001
-404.7999999999997
-312.0999999999999
-401.7999999999997
-404.0999999999999
-314.2999999999997
-399.1999999999998
-402.1999999999998
-312.1999999999998
-395.9000000000001
-397.5999999999999
-309.1999999999998
-389.6999999999998
-303.9000000000001
-384.2999999999997
-385.4000000000001
-301.4000000000001
-379.7999999999997
-293.6999999999998
-371.7999999999997
-287.4000000000001
-366.4000000000001
-282.0
-358.0
-273.2999999999997
-350.0
-267.0999999999999
-341.7999999999997
-340.6999999999998
-341.4000000000001
-339.0999999999999
-338.5
-339.7999999999997
-339.1999999999998
-339.5
-337.7999999999997
-338.9000000000001
-338.0999999999999
-338.1999999999998
-338.2999999999997
-338.4000000000001
-339.5
-339.6999999999998
-340.9000000000001
-343.1999999999998
-345.6999999999998
-347.4000000000001
-349.1999999999998
-351.0999999999999
-354.0999999999999
-356.2999999999997
-359.5999999999999
-362.0999999999999
-365.6999999999998
-369.5
-373.5
-377.6999999999998
-382.0999999999999
-384.6999999999998
-389.2999999999997
-393.0999999999999
-398.0
-402.0999999999999
-405.2999999999997
-311.5
-403.0
-405.2999999999997
-407.5
-313.5999999999999
-403.0
-407.0
-315.0999999999999
-400.6999999999998
-403.5
-315.2999999999997
-399.0
-400.6999999999998
-312.2999999999997
-393.7999999999997
-306.0999999999999
-386.4000000000001
-387.4000000000001
-300.2999999999997
-380.2999999999997
-295.0
-373.0
-287.5
-366.2999999999997
-280.6999999999998
-357.4000000000001
-273.5
-348.0999999999999
-347.9000000000001
-348.5999999999999
-348.2999999999997
-347.9000000000001
-346.4000000000001
-346.6999999999998
-346.0
-346.1999999999998
-345.4000000000001
-345.5
-345.5999999999999
-345.6999999999998
-346.7999999999997
-346.0
-348.0999999999999
-347.4000000000001
-348.5999999999999
-348.9000000000001
-352.1999999999998
-353.7999999999997
-356.5
-358.4000000000001
-360.4000000000001
-363.5
-364.7999999999997
-368.0999999999999
-371.5999999999999
-375.2999999999997
-379.1999999999998
-381.2999999999997
-384.4000000000001
-388.5999999999999
-393.0
-396.5999999999999
-401.2999999999997
-406.1999999999998
-410.2999999999997
-414.5
-320.7999999999997
-413.4000000000001
-414.9000000000001
-418.1999999999998
-325.5
-415.1999999999998
-417.5
-325.6999999999998
-412.4000000000001
-413.4000000000001
-325.1999999999998
-407.9000000000001
-409.5
-321.0
-402.4000000000001
-314.5999999999999
-395.7999999999997
-396.7999999999997
-311.6999999999998
-389.9000000000001
-304.5999999999999
-382.5999999999999
-298.0999999999999
-375.0
-374.2999999999997
-291.4000000000001
-366.0999999999999
-282.0
-357.4000000000001
-356.0999999999999
-357.5999999999999
-356.1999999999998
-355.5999999999999
-354.9000000000001
-355.0999999999999
-355.2999999999997
-354.5
-355.5999999999999
-354.7999999999997
-355.9000000000001
-355.0999999999999
-355.1999999999998
-356.2999999999997
-356.5
-356.6999999999998
-356.9000000000001
-359.0999999999999
-360.5
-363.0
-365.6999999999998
-367.5999999999999
-370.5999999999999
-373.7999999999997
-376.1999999999998
-378.6999999999998
-382.2999999999997
-385.0999999999999
-388.0
-391.0
-396.0999999999999
-399.5
-404.0
-406.6999999999998
-411.4000000000001
-416.2999999999997
-319.4000000000001
-413.5
-416.6999999999998
-420.9000000000001
-422.1999999999998
-329.2999999999997
-417.7999999999997
-420.7999999999997
-330.7999999999997
-416.5
-417.4000000000001
-327.0999999999999
-411.5
-412.0
-324.2999999999997
-404.5999999999999
-318.5999999999999
-398.7999999999997
-311.6999999999998
-392.6999999999998
-306.5
-385.5
-299.0999999999999
-376.9000000000001
-376.1999999999998
-291.2999999999997
-367.7999999999997
-284.6999999999998
-361.1999999999998
-278.0999999999999
-351.5999999999999
-350.1999999999998
-348.5999999999999
-347.7999999999997
-345.9000000000001
-345.7999999999997
-345.6999999999998
-346.5999999999999
-345.5999999999999
-345.5
-345.4000000000001
-346.2999999999997
-346.2999999999997
-347.2999999999997
-347.4000000000001
-348.5
-348.6999999999998
-350.9000000000001
-352.2999999999997
-355.7999999999997
-357.5999999999999
-360.5
-362.5999999999999
-365.7999999999997
-368.1999999999998
-370.6999999999998
-374.2999999999997
-378.0999999999999
-382.0999999999999
-385.2999999999997
-388.5999999999999
-392.0
-396.5
-400.1999999999998
-405.0
-407.0
-311.9000000000001
-406.0
-411.1999999999998
-411.5999999999999
-413.6999999999998
-321.6999999999998
-410.1999999999998
-319.1999999999998
-406.7999999999997
-407.7999999999997
-318.5999999999999
-403.1999999999998
-404.9000000000001
-315.5
-399.9000000000001
-311.4000000000001
-393.7999999999997
-306.0999999999999
-386.4000000000001
-387.4000000000001
-301.2999999999997
-379.4000000000001
-294.0
-372.9000000000001
-288.4000000000001
-364.2999999999997
-280.5
-357.1999999999998
-355.2999999999997
-273.0999999999999
-346.5999999999999
-347.1999999999998
-345.7999999999997
-244.19999999999982
-334.4000000000001
-333.5999999999999
-333.6999999999998
-332.7999999999997
-333.7999999999997
-334.9000000000001
-334.0999999999999
-334.1999999999998
-334.2999999999997
-334.4000000000001
-336.5
-336.7999999999997
-338.0999999999999
-339.5
-341.0
-343.5999999999999
-345.4000000000001
-347.2999999999997
-350.2999999999997
-352.5
-356.7999999999997
-359.4000000000001
-362.0999999999999
-365.9000000000001
-368.9000000000001
-373.0
-376.2999999999997
-380.6999999999998
-383.2999999999997
-387.9000000000001
-393.6999999999998
-397.7999999999997
-401.0
-307.1999999999998
-398.6999999999998
-402.0
-404.2999999999997
-310.5
-400.0
-403.0999999999999
-405.1999999999998
-314.1999999999998
-400.7999999999997
-310.6999999999998
-395.2999999999997
-306.0
-390.5
-391.0999999999999
-304.5
-384.0
-298.0999999999999
-378.4000000000001
-291.4000000000001
-370.5
-285.1999999999998
-364.1999999999998
-364.7999999999997
-280.2999999999997
-356.1999999999998
-273.4000000000001
-265.1999999999998
-340.9000000000001
-340.9000000000001
-340.7999999999997
-340.5999999999999
-340.2999999999997
-338.9000000000001
-338.2999999999997
-336.5999999999999
-338.6999999999998
-339.0
-339.2999999999997
-339.5999999999999
-339.9000000000001
-339.1999999999998
-340.4000000000001
-340.6999999999998
-342.0
-342.4000000000001
-343.7999999999997
-345.2999999999997
-347.9000000000001
-349.6999999999998
-352.5999999999999
-354.6999999999998
-357.9000000000001
-360.2999999999997
-363.7999999999997
-367.5
-371.4000000000001
-374.5
-378.6999999999998
-383.0999999999999
-386.6999999999998
-390.4000000000001
-395.1999999999998
-399.1999999999998
-404.2999999999997
-407.5999999999999
-312.9000000000001
-405.4000000000001
-407.7999999999997
-411.0999999999999
-318.4000000000001
-406.0999999999999
-407.1999999999998
-410.0999999999999
-320.0
-405.5999999999999
-316.4000000000001
-399.0
-400.5
-312.9000000000001
-395.2999999999997
-308.5999999999999
-389.0
-302.0999999999999
-382.2999999999997
-382.1999999999998
-296.9000000000001
-373.9000000000001
-290.2999999999997
-367.1999999999998
-283.5
-359.2999999999997
-275.4000000000001
-351.0
-349.9000000000001
-268.5999999999999
-341.0999999999999
-338.5999999999999
-338.7999999999997
-339.0
-339.1999999999998
-339.4000000000001
-338.5999999999999
-339.6999999999998
-339.9000000000001
-340.0999999999999
-340.2999999999997
-340.5
-341.6999999999998
-341.0
-342.1999999999998
-343.5
-344.9000000000001
-346.4000000000001
-348.0
-350.6999999999998
-352.5999999999999
-355.5999999999999
-357.7999999999997
-361.0999999999999
-363.5999999999999
-367.1999999999998
-371.0
-373.0
-377.0
-380.1999999999998
-384.5
-388.0
-392.5999999999999
-396.4000000000001
-401.2999999999997
-404.4000000000001
-310.5
-402.9000000000001
-405.1999999999998
-408.4000000000001
-315.5999999999999
-404.1999999999998
-406.2999999999997
-315.2999999999997
-401.9000000000001
-402.7999999999997
-313.5
-398.0
-308.5999999999999
-391.0
-392.2999999999997
-305.5
-385.7999999999997
-299.7999999999997
-379.0
-293.7999999999997
-372.9000000000001
-287.5999999999999
-365.5999999999999
-280.0999999999999
-355.9000000000001
-356.0
-272.0
-346.5
-265.1999999999998
-339.6999999999998
-338.4000000000001
-337.9000000000001
-336.2999999999997
-337.5
-337.7999999999997
-337.0999999999999
-337.2999999999997
-337.5
-336.6999999999998
-336.7999999999997
-337.9000000000001
-337.0999999999999
-337.1999999999998
-339.2999999999997
-340.5999999999999
-341.0
-342.4000000000001
-343.9000000000001
-346.5
-348.2999999999997
-351.1999999999998
-354.2999999999997
-357.5999999999999
-360.0999999999999
-363.6999999999998
-366.5
-369.4000000000001
-373.4000000000001
-377.5999999999999
-382.0
-386.5999999999999
-390.4000000000001
-395.2999999999997
-399.4000000000001
-402.5999999999999
-407.7999999999997
-314.1999999999998
-405.9000000000001
-407.4000000000001
-410.6999999999998
-318.0
-407.6999999999998
-410.0
-319.1999999999998
-405.0
-406.0
-315.7999999999997
-400.2999999999997
-310.9000000000001
-393.2999999999997
-394.5999999999999
-307.7999999999997
-389.0999999999999
-301.1999999999998
-383.2999999999997
-295.2999999999997
-375.2999999999997
-374.0
-290.4000000000001
-368.2999999999997
-282.6999999999998
-360.4000000000001
-276.5999999999999
-353.2999999999997
-352.4000000000001
-271.2999999999997
-344.0
-342.6999999999998
-342.1999999999998
-340.5999999999999
-340.7999999999997
-341.0
-341.1999999999998
-341.4000000000001
-341.5999999999999
-339.7999999999997
-340.7999999999997
-340.9000000000001
-340.0
-342.0
-342.1999999999998
-343.4000000000001
-344.6999999999998
-347.0999999999999
-348.6999999999998
-351.4000000000001
-353.2999999999997
-356.2999999999997
-358.5
-360.7999999999997
-363.1999999999998
-368.6999999999998
-371.5999999999999
-374.5999999999999
-378.6999999999998
-383.0
-386.5
-393.0999999999999
-394.0999999999999
-399.9000000000001
-405.0
-408.2999999999997
-313.5999999999999
-406.0999999999999
-405.5
-409.5
-316.5999999999999
-404.0999999999999
-408.0
-410.0
-319.9000000000001
-405.5
-316.2999999999997
-398.9000000000001
-399.4000000000001
-311.6999999999998
-394.0
-306.1999999999998
-387.4000000000001
-388.4000000000001
-302.2999999999997
-380.4000000000001
-295.0
-372.9000000000001
-288.2999999999997
-365.0999999999999
-281.2999999999997
-357.0
-356.0
-273.7999999999997
-347.2999999999997
-346.9000000000001
-346.4000000000001
-345.7999999999997
-346.0999999999999
-344.4000000000001
-343.5
-344.5
-344.5999999999999
-344.6999999999998
-343.7999999999997
-343.7999999999997
-343.7999999999997
-343.7999999999997
-344.7999999999997
-345.9000000000001
-347.0999999999999
-347.4000000000001
-350.6999999999998
-351.2999999999997
-353.9000000000001
-354.6999999999998
-357.5
-360.5
-362.6999999999998
-366.0
-367.5
-373.0
-375.9000000000001
-377.9000000000001
-382.9000000000001
-386.1999999999998
-390.5999999999999
-393.1999999999998
-397.7999999999997
-401.5999999999999
-406.5
-410.5999999999999
-316.7999999999997
-410.2999999999997
-411.7999999999997
-413.0999999999999
-320.1999999999998
-408.6999999999998
-410.6999999999998
-320.5999999999999
-407.1999999999998
-409.0999999999999
-319.9000000000001
-403.5
-314.0999999999999
-397.5
-398.9000000000001
-311.1999999999998
-392.5
-304.5999999999999
-384.6999999999998
-298.5
-377.5
-292.0999999999999
-371.0
-369.5
-286.6999999999998
-362.5
-278.5999999999999
-353.1999999999998
-353.0
-350.6999999999998
-353.0999999999999
-351.6999999999998
-350.0999999999999
-350.2999999999997
-349.5
-348.5999999999999
-351.5999999999999
-350.9000000000001
-350.0999999999999
-350.1999999999998
-349.2999999999997
-351.2999999999997
-350.5
-351.5999999999999
-351.7999999999997
-354.0
-356.4000000000001
-359.0
-360.7999999999997
-362.6999999999998
-364.6999999999998
-367.7999999999997
-371.0999999999999
-373.5999999999999
-377.1999999999998
-381.0
-383.0
-388.0
-391.2999999999997
-394.6999999999998
-399.1999999999998
-402.9000000000001
-406.6999999999998
-411.5999999999999
-415.6999999999998
-319.9000000000001
-413.1999999999998
-416.5
-418.7999999999997
-420.0
-328.0
-416.5
-419.5
-326.5
-413.9000000000001
-414.6999999999998
-325.2999999999997
-408.6999999999998
-409.0999999999999
-321.2999999999997
-402.5
-316.5
-396.6999999999998
-310.5999999999999
-389.6999999999998
-304.4000000000001
-382.4000000000001
-297.9000000000001
-375.7999999999997
-290.1999999999998
-365.9000000000001
-282.9000000000001
-358.5
-357.4000000000001
-274.0999999999999
-348.4000000000001
-346.9000000000001
-347.1999999999998
-344.5
-345.5
-342.5999999999999
-342.4000000000001
-343.1999999999998
-345.0999999999999
-344.1999999999998
-344.1999999999998
-343.1999999999998
-344.0999999999999
-344.0999999999999
-345.0999999999999
-345.1999999999998
-346.2999999999997
-348.5
-349.9000000000001
-352.4000000000001
-355.0999999999999
-357.0
-360.0
-363.1999999999998
-366.5999999999999
-370.1999999999998
-374.0
-377.0
-379.0999999999999
-382.1999999999998
-386.4000000000001
-390.7999999999997
-395.4000000000001
-399.1999999999998
-403.0999999999999
-406.0999999999999
-310.0999999999999
-403.1999999999998
-405.2999999999997
-407.2999999999997
-408.1999999999998
-313.9000000000001
-400.9000000000001
-402.2999999999997
-311.5999999999999
-396.5999999999999
-304.7999999999997
-389.5999999999999
-389.5999999999999
-299.4000000000001
-381.0
-292.5
-373.0
-373.2999999999997
-286.5
-364.9000000000001
-364.9000000000001
-279.7999999999997
-357.0999999999999
-269.9000000000001
-346.9000000000001
-346.4000000000001
-260.7999999999997
-335.5999999999999
-252.69999999999982
-325.5
-243.4000000000001
-316.0999999999999
-313.9000000000001
-312.5
-310.0
-310.2999999999997
-309.6999999999998
-308.0999999999999
-308.4000000000001
-307.7999999999997
-306.1999999999998
-305.5
-306.7999999999997
-305.2999999999997
-304.6999999999998
-305.0999999999999
-305.5999999999999
-307.1999999999998
-308.0
-308.9000000000001
-310.9000000000001
-312.0999999999999
-314.4000000000001
-316.9000000000001
-317.5999999999999
-320.2999999999997
-322.1999999999998
-325.1999999999998
-328.4000000000001
-331.7999999999997
-334.4000000000001
-337.0999999999999
-340.9000000000001
-343.9000000000001
-348.0
-352.2999999999997
-354.7999999999997
-261.2999999999997
-350.1999999999998
-352.6999999999998
-354.1999999999998
-260.5999999999999
-349.4000000000001
-351.7999999999997
-353.1999999999998
-262.5
-347.5
-256.6999999999998
-339.5999999999999
-341.5
-253.4000000000001
-334.2999999999997
-246.0
-325.6999999999998
-237.0999999999999
-317.5
-230.69999999999982
-309.0999999999999
-308.0999999999999
-221.9000000000001
-298.0
-212.5
-289.4000000000001
-206.79999999999973
-281.9000000000001
-199.29999999999973
-273.4000000000001
-273.6999999999998
-273.0
-274.1999999999998
-273.5
-274.6999999999998
-275.0
-276.2999999999997
-276.6999999999998
-278.0999999999999
-279.5999999999999
-281.1999999999998
-281.9000000000001
-282.5999999999999
-284.2999999999997
-286.0999999999999
-288.0
-292.0
-294.2999999999997
-295.6999999999998
-298.0999999999999
-300.5999999999999
-303.1999999999998
-305.9000000000001
-307.6999999999998
-309.5
-312.2999999999997
-316.1999999999998
-318.2999999999997
-321.4000000000001
-324.5999999999999
-327.9000000000001
-331.2999999999997
-334.7999999999997
-337.4000000000001
-341.0
-343.6999999999998
-247.4000000000001
-339.1999999999998
-339.9000000000001
-341.4000000000001
-247.79999999999973
-334.5999999999999
-334.7999999999997
-242.79999999999973
-327.4000000000001
-327.1999999999998
-237.79999999999973
-321.2999999999997
-320.9000000000001
-230.29999999999973
-311.5
-222.5999999999999
-302.6999999999998
-213.5999999999999
-293.5
-292.1999999999998
-204.69999999999982
-282.4000000000001
-281.6999999999998
-196.9000000000001
-271.5999999999999
-187.5999999999999
-261.1999999999998
-177.0
-250.4000000000001
-167.0
-240.29999999999973
-237.79999999999973
-235.0999999999999
-233.19999999999982
-232.19999999999982
-231.19999999999982
-231.19999999999982
-229.29999999999973
-228.29999999999973
-226.29999999999973
-225.19999999999982
-223.0999999999999
-222.9000000000001
-221.79999999999973
-221.69999999999982
-221.69999999999982
-220.79999999999973
-221.9000000000001
-223.19999999999982
-224.69999999999982
-226.39999999999986
-227.29999999999995
-229.29999999999995
-229.5
-232.69999999999982
-234.19999999999982
-236.79999999999973
-237.5999999999999
-240.4000000000001
-242.4000000000001
-244.5
-245.69999999999982
-247.9000000000001
-251.19999999999982
-252.69999999999982
-253.19999999999982
-155.5999999999999
-246.0999999999999
-246.5
-246.79999999999973
-152.0
-239.5999999999999
-238.79999999999973
-146.79999999999973
-230.5
-231.39999999999986
-140.29999999999995
-222.0
-131.70000000000005
-213.29999999999995
-122.89999999999986
-204.39999999999986
-204.89999999999986
-118.39999999999986
-198.20000000000005
-198.79999999999995
-114.39999999999986
-106.5
-185.5999999999999
-100.39999999999986
-179.5999999999999
-180.5
-97.39999999999986
-174.89999999999986
-175.89999999999986
-176.89999999999986
-177.89999999999986
-178.89999999999986
-179.89999999999986
-180.89999999999986
-181.89999999999986
-182.89999999999986
-183.89999999999986
-184.89999999999986
-185.89999999999986
-186.89999999999986
-187.89999999999986
-188.89999999999986
-189.89999999999986
-190.89999999999986
-191.89999999999986
-192.89999999999986
-193.89999999999986
-195.89999999999986
-198.0
-200.20000000000005
-202.5
-204.89999999999986
-207.39999999999986
-210.0
-212.70000000000005
-215.5
-217.39999999999986
-220.29999999999995
-223.29999999999995
-225.39999999999986
-228.5
-231.70000000000005
-235.0
-237.39999999999986
-240.79999999999995
-243.29999999999995
-147.79999999999995
-238.5
-239.0
-240.29999999999995
-145.5
-233.0
-234.0
-141.89999999999986
-226.39999999999986
-227.0999999999999
-135.70000000000005
-218.0
-127.29999999999995
-208.39999999999986
-209.39999999999986
-120.39999999999986
-199.39999999999986
-111.09999999999991
-188.89999999999986
-102.29999999999995
-180.0
-93.29999999999995
-168.89999999999986
-82.89999999999986
-158.29999999999995
-74.09999999999991
-148.5
-65.20000000000005
-138.5999999999999
-137.20000000000005
-134.70000000000005
-132.0
-131.0999999999999
-131.20000000000005
-130.39999999999986
-129.5999999999999
-127.79999999999995
-127.89999999999986
-127.09999999999991
-125.29999999999995
-125.39999999999986
-124.59999999999991
-124.79999999999995
-124.09999999999991
-123.39999999999986
-123.70000000000005
-124.09999999999991
-123.59999999999991
-124.09999999999991
-124.70000000000005
-124.39999999999986
-125.09999999999991
-124.89999999999986
-125.70000000000005
-126.59999999999991
-126.59999999999991
-126.59999999999991
-126.59999999999991
-126.59999999999991
-126.59999999999991
-126.59999999999991
-126.59999999999991
-126.59999999999991
-126.59999999999991
-126.59999999999991
-126.59999999999991
-126.59999999999991
-126.59999999999991
-126.59999999999991
-126.59999999999991
-126.59999999999991
-126.59999999999991
-126.59999999999991
-126.59999999999991
-126.59999999999991
-126.59999999999991
-126.59999999999991
-126.59999999999991
-126.59999999999991
-126.59999999999991
-126.59999999999991
-126.59999999999991
-126.59999999999991
-126.59999999999991
-126.59999999999991
-126.59999999999991
-126.59999999999991
-126.59999999999991
-126.59999999999991
-126.59999999999991
-126.59999999999991
-126.59999999999991
-126.59999999999991
-126.59999999999991
-126.59999999999991
-126.59999999999991
-126.59999999999991
-126.59999999999991
-126.59999999999991
-126.59999999999991
-126.59999999999991
-126.59999999999991
-126.59999999999991
-126.59999999999991
-126.59999999999991
-126.59999999999991
-126.59999999999991
-126.59999999999991
-126.59999999999991
-126.59999999999991
-126.59999999999991
-126.59999999999991
-127.59999999999991
-128.70000000000005
-128.89999999999986
-130.0999999999999
-131.39999999999986
-132.79999999999995
-134.29999999999995
-134.89999999999986
-136.5
-138.20000000000005
-140.0
-141.89999999999986
-143.89999999999986
-146.0
-148.20000000000005
-148.5
-150.70000000000005
-153.0
-155.39999999999986
-155.89999999999986
-58.299999999999955
-146.79999999999995
-146.0
-145.0
-49.799999999999955
-135.0
-133.5999999999999
-41.0
-124.09999999999991
-122.39999999999986
-29.5
-111.29999999999995
-20.199999999999932
-100.0
-97.69999999999993
-8.199999999999932
-86.79999999999995
1.8000000000000682
-76.79999999999995
10.800000000000068
-66.89999999999998
-65.29999999999995
21.399999999999977
-55.299999999999955
29.399999999999977
-46.5
37.10000000000002
-38.0
44.5
-29.80000000000001
-29.399999999999977
-30.0
-29.69999999999999
-30.399999999999977
-30.19999999999999
-31.0
-30.899999999999977
-30.80000000000001
-31.69999999999999
-31.69999999999999
-32.69999999999999
-32.80000000000001
-32.89999999999998
-33.0
-33.099999999999966
-33.19999999999999
-33.30000000000001
-33.39999999999998
-33.5
-33.599999999999966
-33.69999999999999
-33.80000000000001
-33.89999999999998
-34.0
-34.099999999999966
-34.19999999999999
-34.30000000000001
-34.39999999999998
-34.5
-34.599999999999966
-34.69999999999999
-34.80000000000001
-34.89999999999998
-35.0
-35.099999999999966
-35.19999999999999
-35.30000000000001
-35.39999999999998
-35.5
-35.599999999999966
-35.69999999999999
-35.80000000000001
-35.89999999999998
-36.0
-36.099999999999966
-36.19999999999999
-36.30000000000001
-36.39999999999998
-36.5
-36.599999999999966
-36.69999999999999
-36.80000000000001
-36.89999999999998
-37.0
-37.099999999999966
