-1556927.7
-1534823.1999999995
-1485016.7999999996
-1548282.5000000016
-1551877.7000000004
-1540038.6999999974
-1551087.4000000004
-1601868.5000000012
-1580115.6999999997
-1595881.499999998
-1552918.8999999985
-1517030.8000000007
-1550117.4000000001
-1511659.6000000003
-1558398.2999999993
-1548045.1000000006
-1541482.1999999997
-1604606.2000000007
-1497273.7999999998
-1487500.3000000014
-1547903.7999999982
-1548265.2000000007
-1521397.5000000005
-1512827.6999999997
-1488756.499999999
-1504046.199999999
-1554670.800000001
-1473265.700000001
-1530644.2
-1494847.4999999998
-1526406.0999999994
-1487545.6999999993
-1741060.0
-1567573.000000002
-1593353.3000000003
-1547275.0000000005
-1471886.2999999986
-1589382.9000000013
-1515175.1000000015
-1659736.2000000007
-1516383.0000000007
-1655518.400000002
-1750514.800000001
-1508811.000000001
-1526208.4000000013
-1742033.7999999993
-1954084.7999999989
-1489364.9999999986
-1676835.4
-1610917.0999999975
-1805633.2999999966
-1979258.7000000007
-1453472.199999999
-1678729.2999999993
-1769666.4999999993
-1674218.8000000005
-1678587.8000000012
-1586745.800000001
-1621356.6999999995
-1726421.300000001
-2026739.8999999997
-1903641.5999999999
-1946149.2999999996
-2052108.5999999999
-2078663.3
-1837641.6999999995
-2247187.0
-2094542.4000000013
-1738074.5999999978
-1894423.799999998
-2261854.899999998
-1963343.2999999989
-2009633.4000000013
-1702120.6000000003
-2124036.299999998
-1748665.7
-1773643.3000000021
-1811368.700000002
-1818374.6999999995
-1686827.3000000005
-1849311.100000001
-1708932.0000000026
-1792138.9999999981
-1758145.6000000006
-1740038.0999999975
-2027682.8
-1863014.6999999904
-1773793.4000000004
-2256897.600000002
-1775529.6999999972
-1794722.6999999995
-1706570.3999999994
-1904414.5999999978
-1942305.7000000004
-1732191.0000000007
-1833826.5000000007
-1737163.5000000005
-1836884.299999999
-1971362.2000000018
-2112421.3000000003
