357112
356624
359111
363484
362426
359960
361549
362258
332100
339179
342530
337137
351523
331824
328263
347879
347503
341361
337195
322643
326967
332977
313121
316103
303982
321641
332046
315552
320176
321740
311592
336054
329307
291409
329221
328182
309594
319551
308373
299966
318888
323352
303669
302137
310329
306518
326990
323829
318565
290741
330566
346635
309409
309673
294995
257499
282775
294704
305435
281965
343360
280775
286518
321559
323450
312303
333410
326257
355647
283192
312980
329784
305407
342374
338395
366822
330156
358852
357478
351448
368206
359049
353968
354890
351683
349033
186339
338954
331554
356978
351335
342475
368717
374119
341402
354140
326680
349771
366649
291636
