66.13185185185185
66.04148148148148
66.50203703703704
67.31185185185186
67.11592592592592
66.65925925925926
66.95351851851852
67.08481481481482
61.5
62.81092592592593
63.431481481481484
62.43277777777778
65.09685185185185
61.44888888888889
60.78944444444444
64.42203703703704
64.35240740740741
63.215
62.443518518518516
59.748703703703704
60.54944444444445
61.66240740740741
57.98537037037037
58.537592592592596
56.29296296296296
59.56314814814815
61.49
58.43555555555555
59.29185185185185
59.58148148148148
57.702222222222225
62.23222222222222
60.98277777777778
53.96462962962963
60.96685185185185
60.77444444444444
57.33222222222222
59.17611111111111
57.10611111111111
55.54925925925926
59.053333333333335
59.88
56.235
55.9512962962963
57.468333333333334
56.76259259259259
60.553703703703704
59.968333333333334
58.99351851851852
53.84092592592592
61.21592592592592
64.19166666666666
57.29796296296296
57.34685185185185
54.62870370370371
47.685
52.36574074074074
54.574814814814815
56.56203703703704
52.21574074074074
63.58518518518518
51.995370370370374
53.05888888888889
59.54796296296296
59.898148148148145
57.833888888888886
61.742592592592594
60.41796296296296
65.86055555555555
52.442962962962966
57.95925925925926
61.07111111111111
56.55685185185185
63.40259259259259
62.66574074074074
67.93
61.14
66.45407407407407
66.19962962962963
65.08296296296297
68.18629629629629
66.49055555555556
65.54962962962964
65.72037037037038
65.12648148148148
64.63574074074074
34.507222222222225
62.76925925925926
61.39888888888889
66.10703703703703
65.06203703703704
63.4212962962963
68.28092592592593
69.28129629629629
63.22259259259259
65.58148148148148
60.49629629629629
64.77240740740741
67.89796296296296
54.00666666666667
