-1608971.2999999977
-1541413.999999999
-1540230.4999999998
-1573465.5999999985
-1612761.6999999976
-1629363.2000000002
-1494100.5000000028
-1472882.9000000004
-1454768.100000001
-1463642.1999999988
-1420163.4
-1449473.9000000004
-1402166.2000000002
-1458478.5000000014
-1421291.500000001
-1318621.4000000015
-1453554.1000000015
-1473389.1999999986
-1265667.9000000004
-1382598.900000001
-1368246.1
-1337166.1000000006
-1271129.4999999995
-1300469.9000000015
-1346547.100000001
-1185110.6999999995
-1224596.9999999986
-1192211.8
-1092946.1000000003
-1325829.3000000012
-1178875.9000000004
-1276291.4000000004
-1171496.3999999994
-1124192.7999999989
-1074533.199999999
-1213175.4000000001
-1042816.8000000004
-1003942.2
-971237.2999999992
-1195815.3000000012
-1120497.1999999993
-964807.7
-1073618.7000000004
-1000496.2999999988
-918362.9999999994
-939623.2999999991
-996189.0999999993
-1034646.6999999994
-941607.3000000004
-1078610.0000000007
-847767.599999999
-940295.9999999995
-877504.7
-924808.8999999987
-866474.7999999997
-765924.3999999997
-1066013.0999999999
-818152.899999999
-736609.2
-749357.0999999989
-794850.2999999995
-710239.3000000004
-880138.3000000006
-742004.5000000003
-835294.8000000003
-709896.0000000003
-810739.0000000002
-672293.4000000004
-736645.7999999985
-723033.7000000001
-596252.8999999999
-626237.0999999993
-728772.7999999999
-660671.1999999997
-584882.0000000001
-745070.7999999997
-821718.7999999993
-639520.5000000003
-749070.4999999993
-564417.2999999986
-661615.2999999996
-781971.0999999997
-663432.5000000001
-772721.1000000006
-564777.7999999999
-753020.4000000004
-749966.0000000003
-705853.4999999986
-556527.5999999995
-511304.0000000006
-655597.1999999996
-603977.599999999
-618546.2000000005
-614345.2999999969
-614328.8999999998
-740000.700000002
-480927.99999999965
-553496.8999999983
-771900.800000001
-583135.5000000037
