67.84722222222223
66.11111111111111
64.95037037037036
66.42555555555556
67.34537037037038
68.16685185185185
67.06166666666667
65.39277777777778
61.880185185185184
65.40314814814815
62.2887037037037
64.08962962962963
62.489814814814814
66.2912962962963
63.75944444444445
61.035185185185185
64.92203703703704
63.377037037037034
58.706296296296294
63.87148148148148
61.76314814814815
61.723333333333336
59.59407407407407
60.120555555555555
61.4362962962963
58.349444444444444
56.32944444444445
56.64
54.986111111111114
56.6487037037037
56.46092592592593
58.409444444444446
56.927592592592596
53.8662962962963
52.36074074074074
53.96333333333333
51.224444444444444
50.930925925925926
47.965555555555554
53.053333333333335
51.60407407407408
50.620370370370374
53.70962962962963
47.519814814814815
48.47759259259259
49.404444444444444
50.171851851851855
48.26462962962963
46.050185185185185
51.40611111111111
45.24055555555555
46.29962962962963
42.33722222222222
47.00259259259259
41.03074074074074
40.54925925925926
45.79240740740741
42.17629629629629
42.623333333333335
37.60685185185185
43.09796296296296
38.91148148148148
39.85148148148148
38.87611111111111
40.04944444444445
36.52111111111111
40.150740740740744
36.49814814814815
36.41240740740741
37.8412962962963
34.75685185185185
33.99055555555555
39.36333333333334
35.718148148148146
32.526296296296294
32.32666666666667
36.35444444444445
35.54388888888889
35.60574074074074
33.681481481481484
32.92777777777778
33.028703703703705
35.406666666666666
34.79296296296296
31.92851851851852
36.258148148148145
30.20148148148148
35.42166666666667
32.57962962962963
31.66148148148148
31.54722222222222
31.72851851851852
31.683703703703703
31.072777777777777
30.718333333333334
34.48962962962963
27.504814814814814
31.175555555555555
32.68648148148148
29.85537037037037
