361460
363831
352105
364660
347394
352005
346080
345756
361565
359191
356234
336319
346690
357452
342260
354429
329964
334913
334028
329312
322841
322761
343575
346832
330115
320550
314889
306161
317375
320775
297640
318481
272537
322872
286034
302918
313699
301363
287502
286486
278175
274040
262404
255183
268519
272207
287154
251542
245873
264426
256843
251125
252485
256063
255639
257821
264387
253862
241596
226515
245581
240187
237861
196309
233585
219261
217634
229415
228019
211953
211136
197782
222264
189042
216861
214996
208507
190186
226248
171486
203657
172256
190693
179258
171684
178166
185615
166521
164228
176296
173995
166220
158883
161960
150308
152749
143445
146470
145370
132738
