-91674.0
-102085.0
-95370.0
-93673.0
-98210.0
-93774.0
-92662.0
-93527.0
-103306.0
-98720.0
-92413.0
-96932.0
-99762.0
-105846.0
-94507.0
-100713.0
-95990.0
-100947.0
-96209.0
-105063.0
-96228.0
-105811.0
-104497.0
-103285.0
-100091.0
-102339.0
-110432.0
-93976.0
-100804.0
-102821.0
-95164.0
-97328.0
-83465.0
-101140.0
-101465.0
-96267.0
-97060.0
-95028.0
-91226.0
-111868.0
-87113.0
-84100.0
-85665.0
-95986.0
-103004.0
-89734.0
-91973.0
-82194.0
-95767.0
-85115.0
-95440.0
-82216.0
-83071.0
-91966.0
-79423.0
-79447.0
-82730.0
-83571.0
-91336.0
-70855.0
-79420.0
-76068.0
-80499.0
-69910.0
-81725.0
-78572.0
-68218.0
-76340.0
-86042.0
-77627.0
-70193.0
-73789.0
-71101.0
-62905.0
-70898.0
-79568.0
-80599.0
-65627.0
-77640.0
-61848.0
-82826.0
-61903.0
-71875.0
-69074.0
-65545.0
-77829.0
-74850.0
-61689.0
-58437.0
-64891.0
-62693.0
-62245.0
-58582.0
-62114.0
-63937.0
-58393.0
-50395.0
-60498.0
-63617.0
-45138.0
