-1557912.0000000012
-868450.1000000002
-775796.8000000013
-1553162.3
-870570.1
-855551.2000000003
-1533141.5000000005
-776952.5999999994
-826522.3000000005
-1535132.5999999987
-872921.6000000007
-799943.2000000003
-1596224.8999999994
-806713.1000000004
-859830.5000000008
-1588868.3000000007
-840739.7999999999
-924641.6999999998
-1465719.3999999997
-771466.0999999997
-928440.3000000013
-1561418.4000000001
-890670.1
-934779.8000000006
-1431552.8
-793516.6999999997
-809533.4000000007
-1580947.899999999
-732840.3000000004
-738027.1000000001
-1542000.5999999992
-791419.4000000001
-709516.1999999993
-1480624.2999999993
-781976.8000000007
-927945.8000000003
-1562168.8999999994
-809825.3999999994
-835984.4000000001
-1596072.0999999996
-696829.2000000001
-855146.300000001
-1493488.0999999992
-755752.6999999996
-773059.0999999995
-1445435.0999999994
-745677.9999999994
-705538.7999999995
-1499046.9000000004
-712254.1000000001
-832610.4000000011
-1535930.5000000012
-849445.0000000006
-714639.7000000001
-1540988.5999999994
-819017.7
-816493.8999999996
-1472925.2999999996
-746371.3999999993
-782247.7
-1590431.9999999995
-832498.5000000003
-784970.6999999997
-1478667.1000000008
-807574.4000000011
-743575.1000000002
-1467617.4000000008
-767268.3
-737317.4999999999
-1455028.1000000017
-723688.2000000011
-690961.7999999997
-1534386.9999999974
-708008.5000000002
-764327.9000000001
-1486481.7999999996
-728109.0
-708822.9000000005
-1517218.9
-711874.0
-725729.8000000002
-1461993.4000000008
-659406.2999999997
-654665.3000000004
-1488330.6999999993
-783357.1000000002
-788040.7999999997
-1418297.6000000017
-812292.8999999993
-677273.7999999999
-1401203.0999999992
-689740.6999999989
-650012.3000000007
-1512448.7999999986
-705265.8999999996
-683028.4999999997
-1407106.2999999998
-732151.5999999996
-825599.8999999994
-1431145.7999999973
-720356.7000000003
-660028.4000000003
-1423134.2999999998
-718657.9999999995
-676800.4999999999
-1500822.7000000016
-662854.6000000006
-735736.9000000001
-1428707.5999999994
-737376.1000000003
-703583.5000000003
-1484177.5
-617495.9000000005
-680712.7999999997
-1527127.0999999992
-555750.4999999998
-667017.4000000004
-1381071.1999999995
-714692.4
-772774.3000000006
-1437645.4999999995
-820475.3000000005
-710422.0999999995
-1282307.5999999996
-685515.4000000006
-609444.6999999995
-1507758.8000000014
-618042.6
-708763.9000000003
-1361022.6000000017
-655916.8000000004
-743728.2999999998
-1422226.3000000014
-607184.4000000003
-701133.0999999996
-1345015.6
-749068.0999999997
-689914.0000000007
-1385652.4000000001
-641577.3999999994
-672134.0000000001
-1437866.2999999998
-693342.5999999988
-657614.1999999998
-1460522.4999999993
-684069.8
-610855.7999999997
-1414947.5000000002
-630213.3999999997
-648051.8999999999
-1402363.5999999982
-620502.0999999992
-676147.3000000005
-1392279.2000000011
-666073.5000000003
-702730.0000000001
-1277326.6999999995
-683622.8000000003
-682123.2000000002
-1402515.1999999993
-698771.6999999995
-623565.5000000001
-1368376.0999999978
-611012.3
-583941.2999999999
-1388865.000000001
-677057.2999999996
-656892.7999999999
-1390449.699999999
-729379.5999999988
-677956.7
-1270108.2000000007
-716626.9999999998
-641283.7999999997
-1350401.7000000004
-637006.5000000001
-640057.8
-1433917.1
-683565.6
-646920.1999999997
-1413807.1999999995
-646968.9000000005
-737277.7999999998
-1390866.699999999
-643293.5000000005
-678890.1
-1315110.6
-653581.6000000001
-566766.9
-1288058.8999999997
-637186.8
-663603.3999999997
-1304391.4000000001
-667365.5000000003
-675383.1
-1336107.399999999
-664293.7999999997
-609173.4999999995
-1381420.100000001
-544189.6999999998
-636432.6999999994
-1324465.9999999995
-662609.3
-626800.7999999999
-1317216.8999999994
-647465.8
-570047.9999999993
-1262872.5000000005
-674479.2999999998
-669030.599999999
-1259339.6000000015
-677128.6000000001
-662886.1000000006
-1231140.2
-631158.7000000004
-641434.5999999995
-1271667.5999999975
-638975.7999999998
-567225.0999999994
-1239913.8999999997
-835097.9999999988
-588628.5999999997
-1160234.0999999987
-610297.4999999998
-763554.1000000001
-1361423.0000000007
-612322.8999999997
-597952.6000000002
-1221696.8999999976
-612640.1000000002
-596333.0000000003
-1283720.6000000022
-539525.4000000003
-637807.6999999997
-1246203.8000000003
-578921.5999999994
-620176.1000000001
-1254218.2000000004
-610217.7999999996
-555918.8999999997
-1198935.2999999989
-535531.5999999999
-594963.1000000001
-1177062.9
-573562.9000000007
-603629.9
-1258500.1000000013
-588167.8999999997
-593592.0000000006
-1255849.4999999998
-498776.60000000003
-612069.4000000001
-1234217.3999999994
-593338.9000000003
-586509.4000000003
-1212163.0999999978
-546065.2999999998
-602932.3999999996
-1274525.7999999984
-563012.7999999999
-566503.5999999995
-1137483.5000000002
-595771.8999999999
-506230.60000000027
-1136736.9000000015
-594665.1
-537685.2999999998
-1134389.9999999995
-539943.1000000002
-534064.2
-1162584.3000000012
-720758.5000000012
-552557.2999999995
-1301968.7999999989
-519110.70000000065
-582292.6000000001
-1187362.0
-578833.8000000002
-540546.7999999997
-1176485.6000000003
-625909.7999999999
-618297.6000000016
-1200502.100000002
-487689.19999999984
-497631.8999999999
-994259.0000000003
-560504.5999999999
-495985.8000000003
-1083144.8999999985
-503441.7999999994
-576062.5999999993
-1124127.5000000007
-475831.09999999986
-578129.3999999994
-1101865.700000002
-536460.8999999997
-569142.4999999999
-1036430.5000000005
-569206.2000000005
-532184.3999999999
-1081476.5999999996
-505013.9999999998
-602413.0000000003
-1201034.7999999993
-491419.4000000001
-607769.7999999998
-1077130.0
-591788.4000000001
-604907.1999999998
-1136287.9999999995
-518272.9999999998
-472084.4000000004
-1146843.2000000004
-542294.0000000006
-530972.7999999996
-1190217.0000000002
-589716.4999999997
-598372.1000000009
-1038594.1999999997
-563380.7999999997
-497243.2999999998
-1072578.699999999
-488375.8
-584616.6999999997
-1161847.6000000003
-506354.5999999998
-499854.40000000014
-1049443.800000001
-505401.4000000002
-529092.8999999994
-1093643.4000000001
-608586.6000000007
-483018.2000000007
-1142080.4000000008
-481337.9000000004
-559683.1000000002
-1043762.6000000001
-474699.2999999999
-516360.8000000003
-1045031.4999999998
-463378.2000000002
-481345.80000000045
-1067148.4999999995
-427148.20000000024
-467191.09999999957
-1062796.6
-414916.50000000006
-540870.1999999994
-1030329.8000000006
-501315.6999999995
-578204.4999999998
-947928.0000000001
-475621.8000000001
-468206.2000000005
-1001216.9999999994
-388174.9999999998
-484447.7999999998
-1071646.1000000006
-470408.89999999997
-461016.00000000006
-971939.2999999997
-492080.4999999999
-495445.0
-1059611.5999999992
-500166.30000000034
-515363.10000000027
-1094912.4000000001
-494716.6
-523979.9000000006
-1102682.3
-443325.9999999998
-458328.1999999998
-1054442.6999999995
-480924.50000000006
-460647.3
-990549.6000000006
-419090.6000000001
-524938.4000000003
-1008477.7999999992
-475110.99999999977
-478009.6000000004
-985920.7999999998
-513504.0000000003
-601931.9000000004
-1125024.4000000008
-539241.3999999999
-439508.5999999996
-1118013.800000002
-425192.70000000007
-359736.20000000007
-1144100.699999999
-522698.9999999994
-398205.7
-951274.2999999993
-421277.9999999996
-470243.7000000003
-946623.8000000003
-442772.50000000093
-433873.3999999996
-1058958.8999999997
-446858.9
-466995.1999999999
-1004613.1
-504715.9999999997
-502924.8000000004
-953423.4
-499603.30000000005
-529961.3999999997
-1013522.7999999995
-474964.9999999998
-455155.9000000003
-1159814.7999999986
-428340.4999999996
-453867.49999999994
-997487.4000000018
-469856.6000000004
-438929.4000000002
-1033133.6999999993
-426550.8000000001
-398343.7000000002
-904576.8000000002
-391796.7999999998
-500586.6
-1028813.6000000004
-425779.7000000001
-409226.6000000002
-895528.0000000001
-405153.79999999964
-529160.0000000002
-941659.8999999992
-413385.2999999993
-442283.3000000001
-970199.3999999992
-423523.6999999997
-410907.4
-903866.9999999997
-397945.4999999997
-437358.8000000008
-950204.9000000007
-417643.1999999998
-413190.89999999997
-940350.9000000004
-312706.3000000002
-398990.6
-971200.399999999
-476714.80000000045
-441560.59999999974
-956457.7000000008
-452958.8000000002
-463996.2000000001
-982558.7999999988
-340831.90000000014
-422464.99999999977
-992781.3999999997
-455411.69999999984
-530396.7999999996
-932354.7999999992
-383837.7999999995
-381030.1000000005
-864140.5000000002
-527959.2000000004
-417402.4999999998
-885084.4000000001
-410355.4999999999
-396531.09999999974
-916744.7000000001
-345933.90000000026
-404377.9999999998
-952135.4000000001
-320666.8000000002
-363219.79999999964
-974385.7000000007
-391614.0
-426881.0000000006
-935268.5000000003
-466424.7
-385207.60000000003
-917388.8000000002
-327040.7999999998
-378918.49999999953
-948134.6
-453924.20000000024
-345937.99999999977
-843046.8999999987
-374855.4999999994
-438677.89999999985
-958084.0000000013
-411964.70000000054
-384203.8
-807852.4999999995
-411751.9000000001
-438008.3000000006
-835785.7999999998
-359877.4000000003
-390051.3999999999
-937781.9000000006
-398190.59999999986
-428646.6999999999
-857462.2000000007
-393796.10000000044
-393333.7
-868814.4999999997
-376660.2000000005
-363121.8000000003
-882335.3000000004
-368609.9999999999
-330549.5999999998
-965109.8
-425560.5999999996
-349338.70000000036
-910392.2999999995
-334501.19999999984
-376467.9000000001
-848486.2999999989
-327172.8999999997
-368225.5
-823577.4999999993
-333230.2999999996
-363277.20000000036
-833249.500000001
-301016.6999999999
-325408.6000000003
-865853.6999999996
-301046.90000000026
-333200.30000000005
-941041.3999999997
-321492.50000000006
-319141.3000000005
-787683.6999999996
-390683.8000000003
-292692.20000000007
-902843.9000000008
-311483.0000000002
-314507.89999999985
-871152.4999999994
-360438.19999999984
-380164.10000000003
-877593.0999999995
-421405.3000000002
-342785.09999999986
-877079.7000000001
-393443.4000000005
-372124.20000000024
-915465.1999999994
-329311.6000000002
-365978.79999999993
-851436.8
-392946.39999999985
-386972.0999999997
-938307.5999999987
-356314.00000000006
-447665.8999999996
-807478.0000000006
-342652.59999999986
-318808.1
-940296.6999999993
-324930.7999999998
-400193.0999999997
-845625.9000000005
-314772.3999999999
-362795.5999999998
-897605.6000000004
-293962.5000000004
-337764.49999999977
-792557.8000000007
-353379.60000000003
-368942.49999999994
-825881.0999999995
-336523.79999999976
-325744.2
-764326.1000000004
-448126.0999999999
-346633.2000000005
-791942.7999999998
-245964.60000000015
-306565.2
-771432.4999999997
-300456.3000000001
-395887.69999999995
-763370.3999999996
-313584.59999999957
-332614.0999999998
-713328.5000000008
-299269.8999999997
-314120.49999999965
-828071.099999999
-302191.90000000014
-288500.4
-869381.6000000001
-325248.5000000003
-324965.2999999999
-981728.7999999999
-290957.0000000001
-291560.2999999995
-837145.2999999992
-307782.69999999984
-282803.8000000001
-792751.7999999998
-342791.3999999998
-270834.4
-791051.4000000003
-271674.1
-306593.9999999997
-889025.2000000016
-325362.8000000001
-285052.5999999996
-885054.0000000003
-332632.3000000001
-263512.5
-854368.9999999994
-316600.7000000003
-288033.6999999996
-754786.900000001
-331542.09999999974
-346512.8
-723328.7000000001
-290887.7000000002
-290911.4999999995
-721599.6
-278585.69999999984
-280639.70000000007
-736575.8
-286390.20000000024
-245300.8
-816533.0999999996
-321920.0999999998
-288723.6999999999
-826453.099999999
-292787.30000000016
-295459.69999999984
-782273.8000000002
-283453.79999999976
-268118.8
-717698.1999999995
-291916.90000000014
-293698.10000000027
-673013.9999999999
-278518.0999999998
-265804.59999999986
-763823.8
-289802.3999999997
-249457.49999999977
-1002748.7000000001
-325724.1999999997
-244714.10000000012
-827334.5000000006
-298240.10000000003
-230919.60000000003
-686942.1999999998
-280198.5000000002
-259459.00000000003
-788667.0
-276541.3999999999
-290165.9
-729229.9999999998
-287841.5000000002
-247227.1000000001
-726167.7
-293804.3
-390918.4000000001
-792210.100000001
-270205.50000000006
-255458.09999999977
-732212.099999999
-212581.49999999983
-307391.5999999996
-783205.9999999999
-261377.79999999987
-284126.19999999984
-716246.5999999997
-258022.40000000017
-255624.50000000003
-806237.499999999
-277631.7999999997
-270857.8999999996
-663346.5000000003
-294170.4999999999
-296747.6999999997
-756854.8999999997
-320080.5000000003
-293360.80000000005
-769030.0999999995
-250563.90000000026
-254783.70000000007
-760325.3999999997
-235795.69999999992
-288726.1999999998
-866943.7999999996
-230319.7000000001
-258205.4999999999
-769064.7999999997
-215080.19999999987
-264196.7
-776498.6999999998
-258754.49999999965
-271260.3000000001
-685859.4000000001
-211367.59999999971
-241093.09999999998
-754952.7000000008
-345408.4000000002
-288552.90000000014
-728931.4999999986
-242377.0
-229059.09999999977
-744674.2
-312975.00000000047
-244725.09999999948
-732548.3999999997
-260281.6000000001
-273352.60000000015
-708707.7999999998
-227944.80000000002
-232873.70000000013
-828553.1999999987
-363382.5000000002
-251720.90000000005
-664484.7999999999
-268598.49999999977
-191747.30000000005
-612412.3999999998
-258781.7
-262615.4999999999
-701023.6999999997
-198098.60000000003
-288609.4000000002
-660663.7999999998
-224063.9000000003
-228172.8000000002
-645393.2999999998
-280985.00000000047
-243968.19999999987
-792265.7000000002
-271141.99999999977
-235017.5
-579412.3
-282113.5000000001
-272479.79999999993
-632610.1000000004
-249708.7000000001
-282118.7999999997
-697331.0000000005
-243190.70000000022
-311822.6999999999
-652306.7999999997
-255607.3999999999
-255977.1999999999
-729102.5000000003
-228847.69999999987
-234422.49999999985
-734435.7000000001
-217941.6999999999
-261378.59999999983
-728047.9000000008
-207965.69999999995
-226782.69999999975
-677089.200000003
-213577.30000000016
-306706.0999999998
-729905.4000000004
-265650.7000000001
-207256.4000000002
-655374.6999999995
-199797.59999999995
-220292.80000000025
-633348.7999999993
-252272.69999999958
-235848.09999999992
-875529.8000000006
-263032.8000000003
-243173.79999999978
-653901.2000000024
-236582.3999999999
-220779.9999999999
-690201.8999999997
-240427.59999999998
-248611.10000000006
-671684.3000000005
-215146.49999999968
-249218.29999999984
-669829.0999999995
-267798.99999999965
-397749.69999999955
-676856.5999999997
-247949.30000000045
-214326.79999999978
-621705.7000000002
-254059.6999999999
-265145.3
-605440.9999999999
-220240.19999999987
-233352.2
-686419.7000000003
-230262.1000000003
-229407.00000000003
-664306.3000000007
-254230.3999999999
-239234.00000000006
-640367.7000000002
-247312.4
-222734.59999999983
-573649.2000000003
-235962.79999999987
-256716.0000000001
-713938.4
-205921.00000000017
-217653.10000000003
-573346.3000000016
-218417.60000000003
-277670.3000000001
-611244.3000000003
-222573.60000000015
-250293.99999999974
-714490.2999999991
-201127.89999999982
-229569.69999999987
-653859.3999999996
-203346.40000000008
-239487.59999999971
-617926.8999999997
-291566.09999999974
-189641.0999999997
-702937.5000000002
-204984.2
-257182.7999999999
-830944.7000000003
-272177.3000000002
-259573.99999999994
-756709.2999999999
-209907.99999999997
-229235.49999999988
-687088.1999999984
-179993.10000000015
-201713.40000000014
-660867.4999999993
-252415.8999999997
-316127.80000000086
-581529.4999999997
-219121.89999999967
-201796.20000000016
-871922.4999999994
-219637.19999999998
-208226.49999999977
-574974.1999999998
-202837.19999999998
-195687.70000000007
-531052.5000000031
-286064.1000000002
-221448.60000000006
-666352.4999999992
-361615.2000000002
-267000.79999999993
-626987.8999999999
-203453.10000000006
-223130.40000000002
-712725.2999999996
-248721.4000000001
-506747.5000000006
-897687.0999999995
-180318.99999999994
-203105.00000000015
-650264.8000000005
-270197.2999999999
-412101.9999999999
-598225.4999999994
-199883.10000000027
-241418.4
-562742.8000000003
-197068.5000000001
-220745.7000000001
-636279.0
-218310.10000000006
-198810.80000000002
-657410.7000000002
-209344.2000000001
-171372.69999999984
-760932.1000000003
-256479.99999999997
-298221.30000000045
-654874.5
-365859.79999999976
-305522.30000000005
-720399.6000000004
-207827.29999999993
-230890.2000000001
-830853.500000001
-221180.2999999998
-231867.09999999983
-594667.0999999994
-186619.30000000005
-234294.8000000001
-693075.2
-289940.5
-181230.6000000001
-796820.2000000004
-278887.3
-205100.59999999998
-789096.5999999995
-244414.60000000012
-213123.49999999977
-695934.4999999992
-263790.6000000001
-216206.80000000008
-615195.1000000001
-221940.99999999985
-191255.3999999999
-679510.2
-278817.2
-335649.599999999
-623038.4999999997
-217362.7999999997
-223112.79999999987
-684665.7000000003
-204407.8999999997
-283360.89999999985
-617701.1000000004
-225417.6000000002
-303734.7999999997
-707420.9999999997
-206149.89999999982
-205632.7999999998
-622399.1000000035
-216894.40000000002
-309505.89999999997
-628587.1999999972
-359074.19999999745
-261622.0000000001
-543888.0000000012
-227721.10000000024
-194048.89999999956
-869366.9999999999
-276821.89999999944
-197403.90000000005
-758031.6000000002
-201392.39999999964
-1054650.1999999948
-672317.0000000013
-317769.6999999988
-255328.50000000026
-587935.4
-209574.29999999993
-287532.9999999998
-641951.9999999991
-274047.79999999894
-290948.79999999964
-500872.29999999976
-226598.59999999966
-205788.7000000003
-627702.3999999993
-301244.9999999999
-385754.0999999991
-1436074.5999999961
-201372.5999999996
-252119.90000000023
-605805.6999999993
-192272.30000000016
-296390.09999999986
-592527.1
-186985.3000000004
-250963.09999999995
-529936.6000000006
-398855.2999999996
-248684.59999999966
-794508.8999999982
-231960.2000000004
-214829.99999999977
-846970.1999999976
-199189.10000000003
-211097.2
-626138.6999999976
-203079.70000000027
-310696.59999999986
-614596.3
-210629.6999999998
-202570.5
-699041.099999996
-211808.89999999994
-172303.60000000053
-597469.6999999965
-219183.19999999952
-220197.29999999993
-804251.7999999982
-192850.80000000005
-169153.60000000027
-581332.9999999903
-211859.20000000022
-356527.2999999998
-695467.200000004
-214720.79999999912
-209594.3999999977
-639147.6000000002
-198595.99999999983
-184461.1000000007
-1001712.4999999995
-252712.59999999916
-234948.8000000005
-547604.6999999993
-272770.40000000136
-261712.4000000034
-608034.1000000003
