361435
202080
195056
366533
197162
194549
362025
194041
199076
354373
196996
189992
359404
192742
198409
365999
195923
203404
349966
193094
202348
360775
205361
199113
346868
195940
191247
357428
192253
188433
360697
192050
190712
350398
193228
202374
358828
195584
193523
364679
190101
201806
357485
195022
191718
356345
192320
186455
351879
193934
204119
367694
200060
188761
360511
194759
198963
347216
193676
196885
361813
197743
196888
351243
199787
188742
356535
189828
194391
353583
192943
190252
361179
186740
194197
352021
188838
188731
355080
193650
196854
340789
188961
186669
361753
195872
202447
351242
195675
191166
329702
193539
188275
359903
187299
193298
338562
195230
206057
351291
189958
189464
339773
193020
185870
346441
189240
191768
350415
196684
192032
348968
185006
186789
367133
181187
187443
335032
192063
191240
349573
195764
187883
313560
191800
181480
351140
186257
198085
331469
187725
197447
344764
182225
187226
347549
187094
188884
340027
189800
192340
344967
191737
187405
343285
190716
184357
338851
181414
191788
338283
180067
184844
346525
187803
185024
328057
182591
180919
336406
196649
184288
331759
183270
181566
341955
186221
183882
350363
193784
190088
323942
191282
190456
332911
185323
186028
340209
194339
184056
347454
194679
186937
347225
186200
189991
327232
185717
182806
319052
184452
186374
323770
187378
186811
332427
189568
191595
346064
178915
189753
333020
188362
183192
340454
184965
189898
314147
182820
183932
315325
185026
185618
321856
185484
188722
321468
190408
185911
309995
187671
180450
293163
180719
195620
321031
188997
183949
304114
182969
182312
328111
180702
182208
320264
181468
186546
317300
184287
182451
311977
176764
181395
307570
187403
180232
323884
180043
184833
311103
174763
184335
307618
182282
180676
306305
184236
184014
320326
179551
179018
309111
180183
177711
302065
183360
179851
293384
180242
177347
312272
196861
183753
326897
176194
175602
304382
177975
180014
306642
186860
186410
314495
174045
170559
277412
176718
175532
300804
177494
184839
297138
176538
183312
289275
186349
175585
282597
175556
177960
294885
176884
180714
302486
179429
186772
299026
181892
179903
292687
174339
168943
297710
179078
178134
314014
183285
186307
277236
178111
179743
287264
178074
185045
290317
174140
173645
292138
164165
178484
287430
180431
177592
303707
177557
180642
285980
168346
177216
281693
174445
172131
283150
150774
175557
277164
164651
183551
282108
161549
173603
269285
169962
174413
266228
153390
164280
276099
168375
173494
273061
168611
176306
283666
179245
178179
283393
169348
188098
281964
172006
170121
290710
171723
175501
262410
161900
171926
273706
173569
169376
279198
176087
180462
287834
169896
169468
285729
168079
147995
298145
177320
165991
271798
166911
178588
259426
158179
165670
281948
164864
156489
272821
167166
177969
266228
181506
170213
273105
173341
163211
288507
172746
166309
266393
184349
158423
277608
174746
153200
262864
156052
178660
276977
155059
148883
258346
154965
170792
264499
153829
158918
268252
168161
156134
253597
154876
165967
259855
164278
167626
268447
145625
154089
269349
169749
166086
266917
171743
167261
269282
139978
169004
272949
155154
173514
262530
157349
148525
244859
170660
161841
235204
162405
154694
254393
145483
144662
266411
142114
155173
262773
162063
159811
260800
158499
140719
256562
142719
151928
255489
166430
147410
244719
147490
164842
246011
148899
132295
238225
167003
173546
238939
156624
161813
257472
150985
158112
249905
152106
145039
243326
147279
149718
258453
139369
151869
254193
150928
148801
253847
135197
156464
243361
147013
147433
235403
148262
143434
250948
129371
135876
231065
139674
139919
251032
134377
137925
228952
156858
137835
256779
138051
138778
248476
141981
146511
240785
144065
148710
253687
140118
133956
249388
143342
148155
241978
143474
143286
233223
150043
142104
232418
132044
143801
257346
132866
140508
236924
140588
153082
246522
124048
149692
227175
139252
156278
236495
137526
148218
227378
146999
145917
227800
123482
139381
233907
136422
142627
231253
134218
133870
218528
135843
141992
233950
121980
127390
234404
135378
145753
232358
139714
124696
225562
134621
127081
238589
146691
134094
229065
121598
136985
253742
138326
128812
243612
138204
115289
239403
123139
129241
217979
129084
150342
217309
130864
122265
226465
138650
124323
206087
133678
119303
217307
145438
132358
225526
133600
132908
215184
130877
122189
223892
125318
119484
196384
116585
128822
210414
133684
126098
240774
138707
120086
230026
130994
110075
213772
116517
124952
230253
117142
123347
222759
130982
114725
221708
131204
146681
210618
130747
118934
221674
107565
125514
207076
115588
132160
218990
126436
126099
220978
126305
114305
194489
131766
124819
225332
139450
123699
228689
123164
121038
217578
117648
119600
232482
109109
130990
221286
111244
118757
214088
125149
119536
209874
104206
114126
205992
126968
134757
215721
115572
104183
199797
104369
116312
216999
110431
120531
206545
109999
111231
213193
115589
119350
209839
117291
105238
193186
118293
126545
213878
101477
115049
210457
97851
111452
209678
122460
116143
220436
128394
117640
188257
128894
126403
211393
115143
122003
208833
113855
130542
209679
113822
118647
222804
104714
109009
201987
114462
108900
208285
114418
112668
206374
112187
136185
198527
111059
100017
199654
107948
97296
202485
111297
111024
232967
118352
111184
197197
106978
111282
204471
110576
109802
205059
102452
111569
201159
123250
143032
194011
113592
97056
175740
116493
118853
196384
106990
113444
183325
114893
87683
200688
102855
96668
195381
117984
94898
178811
109937
105388
204642
103366
111907
189908
108485
118377
203443
104359
114574
195170
104536
87439
192374
99046
115292
194031
126768
104075
206271
105603
121815
194482
106970
104518
180801
105048
108297
189617
95883
101120
197010
106580
118554
193338
108959
102226
207560
95196
101957
191679
91789
109439
177756
115465
100130
190412
122031
112303
187217
106386
108703
202196
118374
148313
202602
89631
99851
194921
114597
124476
186753
89465
111244
181603
105580
92937
177082
109306
103907
183698
106190
93336
186931
116334
103450
194026
122807
99837
206073
110650
98146
201129
95338
107918
180837
81998
105900
191928
110692
94126
189043
104503
96373
203616
115031
99181
191086
124832
114421
175855
105298
100396
181709
107857
104739
183217
93666
96380
195111
99792
104301
185289
105664
110840
202844
101441
97968
188016
105532
114498
200159
115541
95368
181043
96136
91033
195460
111895
91911
189702
102015
138520
187865
123542
103834
180973
107588
107152
192944
108823
102509
174553
99341
94718
191389
126683
123086
212056
97582
107181
180112
85118
112848
187215
100467
115442
180082
117943
101466
184698
110127
100947
175253
90286
96477
189543
96316
109205
168935
97122
84957
190677
106329
97441
173472
105462
114555
184602
91322
92851
182858
103339
111561
187731
104562
100687
186130
98948
96193
200872
107443
100261
179092
97227
95573
173401
