66.93240740740741
37.422222222222224
36.12148148148148
67.87648148148148
36.51148148148148
36.02759259259259
67.04166666666667
35.93351851851852
36.86592592592593
65.62462962962962
36.48074074074074
35.183703703703706
66.5562962962963
35.692962962962966
36.742407407407406
67.7775925925926
36.282037037037036
37.66740740740741
64.80851851851853
35.758148148148145
37.47185185185185
66.81018518518519
38.02981481481481
36.87277777777778
64.23481481481481
36.285185185185185
35.416111111111114
66.19037037037037
35.602407407407405
34.895
66.79574074074074
35.56481481481482
35.31703703703704
64.88851851851852
35.78296296296296
37.47666666666667
66.44962962962963
36.21925925925926
35.83759259259259
67.53314814814814
35.20388888888889
37.37148148148148
66.20092592592593
36.11518518518518
35.50333333333333
65.98981481481482
35.614814814814814
34.528703703703705
65.16277777777778
35.9137037037037
37.799814814814816
68.09148148148148
37.04814814814815
34.955740740740744
66.7612962962963
36.06648148148148
36.845
64.29925925925926
35.86592592592593
36.46018518518518
67.0024074074074
36.61907407407407
36.46074074074074
65.045
36.99759259259259
34.952222222222225
66.025
35.153333333333336
35.998333333333335
65.47833333333334
35.730185185185185
35.23185185185185
66.885
34.58148148148148
35.962407407407404
65.18907407407407
34.97
34.950185185185184
65.75555555555556
35.861111111111114
36.45444444444445
63.10907407407407
34.992777777777775
34.568333333333335
66.9912962962963
36.272592592592595
37.49018518518518
65.04481481481481
36.236111111111114
35.40111111111111
61.055925925925926
35.840555555555554
34.86574074074074
66.6487037037037
34.685
35.79592592592593
62.696666666666665
36.153703703703705
38.1587037037037
65.05388888888889
35.17740740740741
35.08592592592593
62.92092592592593
35.74444444444445
34.42037037037037
64.15574074074074
35.044444444444444
35.51259259259259
64.89166666666667
36.42296296296296
35.56148148148148
64.6237037037037
34.26037037037037
34.590555555555554
67.98759259259259
33.553148148148146
34.711666666666666
62.04296296296296
35.56722222222222
35.41481481481482
64.73574074074074
36.25259259259259
34.79314814814815
58.06666666666667
35.51851851851852
33.60740740740741
65.02592592592593
34.492037037037036
36.68240740740741
61.383148148148145
34.763888888888886
36.56425925925926
63.84518518518519
33.745370370370374
34.67148148148148
64.36092592592593
34.64703703703704
34.97851851851852
62.967962962962964
35.148148148148145
35.61851851851852
63.882777777777775
35.50685185185185
34.70462962962963
63.571296296296296
35.31777777777778
34.14018518518518
62.75018518518519
33.59518518518519
35.5162962962963
62.645
33.34574074074074
34.23037037037037
64.17129629629629
34.778333333333336
34.263703703703705
60.751296296296296
33.81314814814815
33.50351851851852
62.297407407407405
36.41648148148148
34.12740740740741
61.43685185185185
33.93888888888889
33.623333333333335
63.325
34.48537037037037
34.05222222222222
64.88203703703704
35.885925925925925
35.20148148148148
59.989259259259256
35.42259259259259
35.26962962962963
61.65018518518519
34.319074074074074
34.44962962962963
63.001666666666665
35.988703703703706
34.08444444444444
64.34333333333333
36.05166666666667
34.61796296296296
64.30092592592592
34.48148148148148
35.18351851851852
60.59851851851852
34.392037037037035
33.85296296296296
59.083703703703705
34.15777777777778
34.513703703703705
59.95740740740741
34.69962962962963
34.59462962962963
61.56055555555555
35.105185185185185
35.480555555555554
64.08592592592592
33.132407407407406
35.13944444444444
61.67037037037037
34.88185185185185
33.92444444444445
63.047037037037036
34.25277777777778
35.166296296296295
58.17537037037037
33.855555555555554
34.06148148148148
58.39351851851852
34.264074074074074
34.373703703703704
59.60296296296296
34.34888888888889
34.94851851851852
59.53111111111111
35.260740740740744
34.427962962962965
57.40648148148148
34.75388888888889
33.416666666666664
54.28944444444444
33.46648148148148
36.22592592592593
59.450185185185184
34.99944444444444
34.06462962962963
56.31740740740741
33.883148148148145
33.76148148148148
60.761296296296294
33.46333333333333
33.742222222222225
59.30814814814815
33.605185185185185
34.54555555555555
58.75925925925926
34.12722222222222
33.78722222222222
57.77351851851852
32.73407407407407
33.59166666666667
56.95740740740741
34.70425925925926
33.376296296296296
59.97851851851852
33.3412962962963
34.22833333333333
57.611666666666665
32.36351851851852
34.13611111111111
56.9662962962963
33.75592592592593
33.45851851851852
56.72314814814815
34.117777777777775
34.07666666666667
59.31962962962963
33.25018518518519
33.15148148148148
57.242777777777775
33.367222222222225
32.909444444444446
55.93796296296296
33.955555555555556
33.30574074074074
54.33037037037037
33.37814814814815
32.84203703703704
57.828148148148145
36.455740740740744
34.028333333333336
60.53648148148148
32.62851851851852
32.51888888888889
56.367037037037036
32.958333333333336
33.33592592592593
56.785555555555554
34.6037037037037
34.52037037037037
58.239814814814814
32.230555555555554
31.585
51.37259259259259
32.72555555555556
32.50592592592593
55.70444444444445
32.86925925925926
34.22944444444445
55.025555555555556
32.69222222222222
33.946666666666665
53.56944444444444
34.50907407407407
32.51574074074074
52.33277777777778
32.51037037037037
32.955555555555556
54.608333333333334
32.7562962962963
33.465555555555554
56.01592592592593
33.22759259259259
34.587407407407404
55.37518518518519
33.683703703703706
33.31537037037037
54.2012962962963
32.285
31.285740740740742
55.13148148148148
33.162592592592596
32.98777777777778
58.150740740740744
33.94166666666667
34.501296296296296
51.34
32.983518518518515
33.28574074074074
53.197037037037035
32.97666666666667
34.26759259259259
53.76240740740741
32.24814814814815
32.15648148148148
54.09962962962963
30.400925925925925
33.052592592592596
53.227777777777774
33.413148148148146
32.88740740740741
56.242037037037036
32.88092592592593
33.452222222222225
52.95925925925926
31.175185185185185
32.81777777777778
52.16537037037037
32.30462962962963
31.87611111111111
52.43518518518518
27.92111111111111
32.510555555555555
51.32666666666667
30.490925925925925
33.99092592592593
52.242222222222225
29.916481481481483
32.1487037037037
49.867592592592594
31.474444444444444
32.2987037037037
49.30148148148148
28.405555555555555
30.42222222222222
51.129444444444445
31.180555555555557
32.12851851851852
50.56685185185185
31.22425925925926
32.64925925925926
52.53074074074074
33.193518518518516
32.99611111111111
52.480185185185185
31.36074074074074
34.83296296296297
52.215555555555554
31.852962962962962
31.503888888888888
53.83518518518518
31.800555555555555
32.50018518518519
48.59444444444444
29.98148148148148
31.838148148148147
50.6862962962963
32.142407407407404
31.365925925925925
51.70333333333333
32.6087037037037
33.41888888888889
53.302592592592596
31.462222222222223
31.382962962962964
52.91277777777778
31.125740740740742
27.40648148148148
55.212037037037035
32.837037037037035
30.739074074074075
50.33296296296297
30.909444444444443
33.071851851851854
48.04185185185185
29.292407407407406
30.67962962962963
52.21259259259259
30.53037037037037
28.979444444444443
50.52240740740741
30.956666666666667
32.95722222222222
49.30148148148148
33.61222222222222
31.520925925925926
50.575
32.10018518518518
30.22425925925926
53.42722222222222
31.99
30.797962962962963
49.33203703703704
34.138703703703705
29.337592592592593
51.40888888888889
32.36037037037037
28.37037037037037
48.678518518518516
28.898518518518518
33.08518518518518
51.29203703703703
28.71462962962963
27.570925925925927
47.84185185185185
28.697222222222223
31.62814814814815
48.98129629629629
28.486851851851853
29.429259259259258
49.67629629629629
31.140925925925927
28.913703703703703
46.962407407407404
28.68074074074074
30.73462962962963
48.12129629629629
30.42185185185185
31.041851851851852
49.712407407407404
26.96759259259259
28.535
49.879444444444445
31.435
30.756666666666668
49.42907407407407
31.804259259259258
30.97425925925926
49.867037037037036
25.92185185185185
31.297037037037036
50.54611111111111
28.732222222222223
32.132222222222225
48.61666666666667
29.138703703703705
27.50462962962963
45.34425925925926
31.603703703703705
29.970555555555556
43.556296296296296
30.075
28.647037037037038
47.10981481481482
26.941296296296297
26.78925925925926
49.33537037037037
26.31740740740741
28.73574074074074
48.66166666666667
30.011666666666667
29.59462962962963
48.2962962962963
29.351666666666667
26.059074074074076
47.51148148148148
26.429444444444446
28.134814814814813
47.312777777777775
30.82037037037037
27.298148148148147
45.318333333333335
27.312962962962963
30.526296296296298
45.55759259259259
27.573888888888888
24.499074074074073
44.11574074074074
30.92648148148148
32.13814814814815
44.247962962962966
29.004444444444445
29.96537037037037
47.68
27.960185185185185
29.28
46.278703703703705
28.16777777777778
26.859074074074073
45.06037037037037
27.273888888888887
27.725555555555555
47.861666666666665
25.809074074074076
28.12388888888889
47.07277777777778
27.94962962962963
27.55574074074074
47.0087037037037
25.03648148148148
28.974814814814813
45.06685185185185
27.22462962962963
27.302407407407408
43.593148148148146
27.455925925925925
26.561851851851852
46.47185185185185
23.957592592592594
25.162222222222223
42.78981481481482
25.865555555555556
25.910925925925927
46.48740740740741
24.88462962962963
25.541666666666668
42.39851851851852
29.047777777777778
25.525
47.55166666666667
25.565
25.69962962962963
46.014074074074074
26.29277777777778
27.131666666666668
44.589814814814815
26.678703703703704
27.538888888888888
46.97907407407408
25.947777777777777
24.80666666666667
46.18296296296296
26.544814814814814
27.43611111111111
44.81074074074074
26.56925925925926
26.534444444444443
43.18944444444445
27.785740740740742
26.315555555555555
43.04037037037037
24.45259259259259
26.629814814814814
47.656666666666666
24.604814814814816
26.02
43.87481481481481
26.034814814814816
28.348518518518517
45.65222222222222
22.971851851851852
27.72074074074074
42.06944444444444
25.787407407407407
28.94037037037037
43.79537037037037
25.467777777777776
27.447777777777777
42.10703703703704
27.222037037037037
27.02166666666667
42.18518518518518
22.867037037037036
25.811296296296295
43.31611111111111
25.263333333333332
26.412407407407407
42.82462962962963
24.855185185185185
24.79074074074074
40.468148148148146
25.156111111111112
26.294814814814814
43.324074074074076
22.58888888888889
23.590740740740742
43.40814814814815
25.07
26.991296296296298
43.02925925925926
25.872962962962962
23.091851851851853
41.77074074074074
24.929814814814815
23.53351851851852
44.18314814814815
27.165
24.83222222222222
42.419444444444444
22.51814814814815
25.367592592592594
46.989259259259256
25.615925925925925
23.854074074074074
45.11333333333334
25.593333333333334
21.349814814814813
44.333888888888886
22.80351851851852
23.933518518518518
40.36648148148148
23.904444444444444
27.84111111111111
40.242407407407406
24.234074074074073
22.641666666666666
41.93796296296296
25.675925925925927
23.022777777777776
38.16425925925926
24.755185185185184
22.09314814814815
40.242037037037036
26.932962962962964
24.51074074074074
41.764074074074074
24.74074074074074
24.61259259259259
39.84888888888889
24.23648148148148
22.627592592592592
41.461481481481485
23.207037037037036
22.126666666666665
36.367407407407406
21.589814814814815
23.855925925925927
38.965555555555554
24.756296296296295
23.351481481481482
44.58777777777778
25.686481481481483
22.23814814814815
42.59740740740741
24.25814814814815
20.38425925925926
39.587407407407404
21.577222222222222
23.13925925925926
42.63944444444444
21.692962962962962
22.842037037037038
41.251666666666665
24.255925925925926
21.24537037037037
41.057037037037034
24.297037037037036
27.16314814814815
39.00333333333333
24.212407407407408
22.024814814814814
41.05074074074074
19.919444444444444
23.243333333333332
38.34740740740741
21.405185185185186
24.474074074074075
40.553703703703704
23.414074074074072
23.351666666666667
40.921851851851855
23.389814814814816
21.16759259259259
36.016481481481485
24.40111111111111
23.11462962962963
41.72814814814815
25.824074074074073
22.907222222222224
42.34981481481481
22.80814814814815
22.414444444444445
40.29222222222222
21.786666666666665
22.14814814814815
43.05222222222222
20.20537037037037
24.257407407407406
40.97888888888889
20.60074074074074
21.992037037037036
39.64592592592592
23.17574074074074
22.136296296296297
38.86555555555555
19.29740740740741
21.134444444444444
38.14666666666667
23.512592592592593
24.955
39.94833333333333
21.40222222222222
19.29314814814815
36.99944444444444
19.32759259259259
21.53925925925926
40.185
20.450185185185184
22.320555555555554
38.24907407407407
20.370185185185186
20.598333333333333
39.480185185185185
21.40537037037037
22.10185185185185
38.85907407407407
21.720555555555556
19.488518518518518
35.77518518518519
21.906111111111112
23.43425925925926
39.60703703703704
18.792037037037037
21.30537037037037
38.97351851851852
18.120555555555555
20.63925925925926
38.82925925925926
22.677777777777777
21.507962962962964
40.821481481481484
23.776666666666667
21.785185185185185
34.86240740740741
23.86925925925926
23.407962962962962
39.14685185185185
21.322777777777777
22.59314814814815
38.672777777777775
21.08425925925926
24.174444444444443
38.82944444444445
21.07814814814815
21.971666666666668
41.26
19.39148148148148
20.186851851851852
37.405
21.196666666666665
20.166666666666668
38.571296296296296
21.188518518518517
20.864444444444445
38.21740740740741
20.77537037037037
25.219444444444445
36.76425925925926
20.566481481481482
18.52166666666667
36.97296296296296
19.99037037037037
18.017777777777777
37.49722222222222
20.610555555555557
20.56
43.142037037037035
21.917037037037037
20.58962962962963
36.51796296296296
19.81074074074074
20.607777777777777
37.865
20.477037037037036
20.333703703703705
37.97388888888889
18.972592592592594
20.660925925925927
37.251666666666665
22.824074074074073
26.487407407407407
35.927962962962965
21.035555555555554
17.973333333333333
32.544444444444444
21.572777777777777
22.009814814814813
36.367407407407406
19.812962962962963
21.00814814814815
33.949074074074076
21.276481481481483
16.23759259259259
37.16444444444444
19.04722222222222
17.901481481481483
36.181666666666665
21.84888888888889
17.573703703703703
33.11314814814815
20.358703703703704
19.516296296296296
37.89666666666667
19.14185185185185
20.723518518518517
35.16814814814815
20.089814814814815
21.921666666666667
37.67462962962963
19.32574074074074
21.217407407407407
36.14259259259259
19.35851851851852
16.19240740740741
35.62481481481481
18.341851851851853
21.35037037037037
35.931666666666665
23.475555555555555
19.27314814814815
38.19833333333333
19.55611111111111
22.558333333333334
36.01518518518518
19.80925925925926
19.355185185185185
33.48166666666667
19.453333333333333
20.055
35.114259259259256
17.75611111111111
18.725925925925925
36.483333333333334
19.737037037037037
21.954444444444444
35.803333333333335
20.177592592592593
18.93074074074074
38.43703703703704
17.628888888888888
18.880925925925926
35.49611111111111
16.997962962962962
20.26648148148148
32.91777777777778
21.382407407407406
18.54259259259259
35.26148148148148
22.598333333333333
20.79685185185185
34.66981481481481
19.70111111111111
20.130185185185184
37.443703703703704
21.92111111111111
27.46537037037037
37.51888888888889
16.598333333333333
18.490925925925925
36.09648148148148
21.221666666666668
23.051111111111112
34.583888888888886
16.567592592592593
20.60074074074074
33.630185185185184
19.55185185185185
17.210555555555555
32.79296296296296
20.24185185185185
19.242037037037036
34.01814814814815
19.664814814814815
17.284444444444443
34.616851851851855
21.543333333333333
19.15740740740741
35.93074074074074
22.742037037037036
18.488333333333333
38.16166666666667
20.49074074074074
18.175185185185185
37.24611111111111
17.655185185185186
19.984814814814815
33.48833333333334
15.184814814814814
19.61111111111111
35.54222222222222
20.49851851851852
17.43074074074074
35.007962962962964
19.35240740740741
17.846851851851852
37.70666666666666
21.30203703703704
18.36685185185185
35.386296296296294
23.117037037037036
21.189074074074075
32.56574074074074
19.49962962962963
18.591851851851853
33.64981481481482
19.973518518518517
19.39611111111111
33.92907407407407
17.345555555555556
17.848148148148148
36.13166666666667
18.48
19.315
34.312777777777775
19.56740740740741
20.525925925925925
37.5637037037037
18.78537037037037
18.142222222222223
34.81777777777778
19.542962962962964
21.203333333333333
37.06648148148148
21.39648148148148
17.660740740740742
33.52648148148148
17.80296296296296
16.85796296296296
36.196296296296296
20.721296296296295
17.020555555555557
35.13
18.891666666666666
25.651851851851852
34.78981481481482
22.87814814814815
19.22851851851852
33.51351851851852
19.923703703703705
19.842962962962964
35.73037037037037
20.152407407407406
18.98314814814815
32.32462962962963
18.39648148148148
17.540370370370372
35.44240740740741
23.459814814814816
22.793703703703702
39.26962962962963
18.070740740740742
19.848333333333333
33.35407407407408
15.762592592592593
20.897777777777776
34.669444444444444
18.605
21.37814814814815
33.34851851851852
21.841296296296296
18.79
34.20333333333333
20.39388888888889
18.69388888888889
32.45425925925926
16.71962962962963
17.86611111111111
35.10055555555556
17.836296296296297
20.223148148148148
31.284259259259258
17.985555555555557
15.732777777777779
35.31055555555555
19.690555555555555
18.04462962962963
32.12444444444444
19.53
21.21388888888889
34.18555555555555
16.91148148148148
17.19462962962963
33.86259259259259
19.13685185185185
20.659444444444443
34.765
19.363333333333333
18.64574074074074
34.46851851851852
18.323703703703703
17.813518518518517
37.19851851851852
19.896851851851853
18.56685185185185
33.16518518518519
18.005
17.698703703703703
32.111296296296295
