363239
341482
364128
363534
346199
355093
363225
349578
359754
336444
364388
337472
336850
346884
336790
343344
331457
325683
308629
302482
342637
327001
310622
325425
318770
323921
308456
306371
300103
309893
308210
296016
315100
313075
320313
294579
275686
291163
296659
297722
295704
275425
304075
264226
308933
308166
282249
278711
312792
284568
265944
315047
284041
251043
296096
270500
299116
258103
285871
279145
278524
311388
265196
320967
273774
302662
245138
285772
317787
260148
271389
250807
282023
319366
269355
280957
273967
283634
244336
300266
265567
278832
271706
309809
325222
273744
290541
218696
302540
325916
266829
253718
282833
260290
288462
311182
258545
260019
316017
272514
