-1587815.7000000004
-1497581.1000000015
-1615643.1000000006
-1554973.3000000012
-1458881.4000000015
-1565674.6999999986
-1541904.2000000014
-1517884.1000000015
-1556064.2000000016
-1491939.0999999996
-1616548.9000000001
-1483403.500000001
-1645994.6999999997
-1530388.8000000005
-1522841.7000000025
-1616164.499999999
-1488038.400000001
-1492823.4000000006
-1465707.8999999997
-1605610.699999999
-1617514.4999999984
-1611057.299999999
-1460773.6999999997
-1600400.100000001
-1535303.1000000017
-1620091.7999999998
-1598012.8999999985
-1562921.5999999987
-1430471.9999999998
-1645957.7999999996
-1581688.9999999993
-1695963.800000001
-1620358.4999999995
-1425387.8000000014
-1758228.4000000018
-1546674.2000000007
-1531088.8999999994
-1641609.399999999
-1593473.399999999
-1697618.300000001
-1502934.3000000005
-1455524.1999999995
-1448652.100000001
-1606728.4000000018
-1513279.6000000008
-1550077.0999999987
-1580114.2999999982
-1459770.7999999984
-1477431.200000001
-1646007.4999999986
-1508862.4999999995
-2149740.7999999975
-1505176.2000000023
-1489502.3000000012
-1966342.899999998
-1765606.899999999
-1716970.2999999968
-1739250.2000000018
-1978385.9000000004
-1604403.4
-2036689.6999999997
-1584650.700000001
-1621490.4000000004
-1779973.0000000002
-1873525.7000000018
-1805492.0999999992
-1759896.5000000005
-1988609.3000000003
-1838481.0999999996
-2002263.3000000017
-2007038.200000003
-1673187.3000000014
-1651681.5999999996
-1838211.9999999988
-1833060.1000000022
-2101527.8000000007
-1961179.5999999982
-1629413.7
-1501164.9000000004
-1640139.100000003
-1496616.8000000005
-1715440.2000000007
-2192891.7999999984
-1603171.8999999992
-2138108.8000000026
-2188392.100000002
-2046027.7000000102
-1813833.199999998
-2345766.799999996
-1939796.6000000003
-1561280.4999999963
-1613822.200000002
-1821618.1999999997
-2043072.4000000036
-1917204.3999999992
-2043736.5999999903
-2237440.0000000047
-1359495.4000000064
-1484652.100000005
-1993577.0000000037
