67.26648148148148
63.23740740740741
67.43111111111111
67.32111111111111
64.11092592592593
65.75796296296296
67.26388888888889
64.73666666666666
66.6211111111111
62.30444444444444
67.47925925925927
62.494814814814816
62.379629629629626
64.23777777777778
62.36851851851852
63.58222222222222
61.38092592592593
60.31166666666667
57.15351851851852
56.01518518518518
63.4512962962963
60.55574074074074
57.522592592592595
60.263888888888886
59.03148148148148
59.98537037037037
57.12148148148148
56.73537037037037
55.57462962962963
57.38759259259259
57.07592592592592
54.81777777777778
58.351851851851855
57.976851851851855
59.31722222222222
54.55166666666667
51.052962962962965
53.919074074074075
54.93685185185185
55.1337037037037
54.76
51.004629629629626
56.31018518518518
48.93074074074074
57.20981481481481
57.06777777777778
52.26833333333333
51.61314814814815
57.92444444444445
52.69777777777778
49.24888888888889
58.34203703703704
52.60018518518518
46.489444444444445
54.83259259259259
50.092592592592595
55.391851851851854
47.796851851851855
52.93907407407407
51.693518518518516
51.57851851851852
57.66444444444444
49.11037037037037
59.43833333333333
50.69888888888889
56.04851851851852
45.39592592592592
52.92074074074074
58.849444444444444
48.175555555555555
50.257222222222225
46.44574074074074
52.22648148148148
59.141851851851854
49.88055555555555
52.029074074074074
50.73462962962963
52.52481481481482
45.24740740740741
55.604814814814816
49.17907407407407
51.635555555555555
50.315925925925924
57.37203703703704
60.2262962962963
50.693333333333335
53.80388888888889
40.49925925925926
56.025925925925925
60.354814814814816
49.41277777777778
46.98481481481482
52.376481481481484
48.20185185185185
53.41888888888889
57.626296296296296
47.87870370370371
48.151666666666664
58.52166666666667
50.465555555555554
