0.0
0.0
0.0
0.0
0.0
0.0
0.0
0.0
0.0
0.0
0.0
0.0
0.0
0.0
0.0
0.0
0.0
0.0
0.0
0.0
0.0
0.0
0.0
0.0
0.0
0.0
0.0
0.0
0.0
0.0
0.0
0.0
0.0
0.0
0.0
0.0
0.0
0.0
0.0
0.0
0.0
0.0
0.0
0.0
0.0
0.0
0.0
0.0
0.0
0.0
0.0
0.0
0.0
0.0
0.0
0.0
0.0
0.0
0.0
0.0
0.0
0.0
0.0
0.0
0.0
0.0
0.0
0.0
0.0
-1.0
-1.1
-0.19999999999999996
1.8
0.0
0.0
0.0
0.0
0.0
0.0
0.0
0.0
0.0
0.0
0.0
0.0
0.0
0.0
0.0
0.0
0.0
0.0
0.0
0.0
0.0
0.0
0.0
0.0
0.0
0.0
0.0
0.0
0.0
0.0
0.0
0.0
0.0
0.0
0.0
0.0
0.0
0.0
0.0
0.0
0.0
0.0
0.0
0.0
0.0
0.0
-1.0
-1.1
-1.2
-1.2999999999999998
-1.4
-1.5
-1.5999999999999996
-1.7000000000000002
-1.7999999999999998
-1.9000000000000004
-2.0
-2.0999999999999996
-1.1999999999999993
10.8
0.0
0.0
0.0
0.0
0.0
0.0
0.0
0.0
0.0
0.0
0.0
0.0
0.0
0.0
-1.0
-1.1
-1.2
-1.2999999999999998
-0.3999999999999999
3.6
0.0
0.0
0.0
0.0
0.0
-1.0
-1.1
-1.2
-1.2999999999999998
-1.4
-1.5
-1.5999999999999996
-1.7000000000000002
-1.7999999999999998
-1.9000000000000004
-2.0
-2.0999999999999996
-2.1999999999999993
-1.299999999999999
11.700000000000001
0.0
0.0
0.0
0.0
0.0
0.0
0.0
-1.0
-1.1
-2.2
-2.4
-2.5999999999999996
-2.8
-3.0
-3.1999999999999993
-3.4000000000000004
-4.6
-4.899999999999999
-5.199999999999999
5.5
-3.6999999999999993
-2.8999999999999986
-3.0
-3.099999999999998
-2.1999999999999993
-3.1999999999999993
-4.300000000000001
-4.5
-5.699999999999999
-6.0
-7.300000000000001
-7.699999999999996
-9.100000000000001
-9.600000000000001
-10.100000000000001
-10.600000000000001
-11.100000000000001
-11.600000000000001
-11.100000000000001
12.5
-7.5
-6.699999999999996
-5.799999999999997
-5.799999999999997
-6.799999999999997
-6.899999999999999
-8.0
-9.199999999999996
-10.5
-10.899999999999999
-11.299999999999997
-11.700000000000003
-12.099999999999994
-12.5
-12.899999999999991
-13.299999999999997
-13.700000000000003
-14.099999999999994
-13.5
18.200000000000003
-8.899999999999991
-8.0
-8.0
-8.0
-10.0
-11.200000000000003
-13.5
-14.0
-13.5
-8.899999999999991
-12.799999999999997
-13.099999999999994
-13.399999999999991
-13.700000000000003
-15.0
-15.399999999999991
-15.799999999999997
-16.200000000000003
-15.599999999999994
27.10000000000001
-9.899999999999991
-10.0
-10.099999999999994
-10.200000000000003
-10.299999999999997
-11.399999999999991
-12.599999999999994
-13.899999999999991
-15.299999999999997
-15.799999999999997
-16.299999999999997
-16.799999999999997
-17.299999999999997
-17.799999999999997
-18.299999999999997
-18.799999999999997
-19.299999999999983
-20.799999999999983
-21.400000000000006
-22.0
-23.599999999999994
-24.299999999999983
-25.0
-26.69999999999999
-27.5
-28.299999999999983
-30.099999999999994
-31.0
-31.900000000000006
-33.79999999999998
-34.79999999999998
-35.79999999999998
-37.79999999999998
-37.900000000000006
4.100000000000023
-33.599999999999994
-33.400000000000006
-33.099999999999994
-32.69999999999999
-33.19999999999999
-33.69999999999999
-34.19999999999999
-35.69999999999999
-35.30000000000001
39.19999999999999
-29.799999999999983
-29.400000000000006
-29.900000000000006
-31.400000000000006
-32.0
-33.599999999999994
-35.29999999999998
-36.099999999999994
-35.89999999999998
5.400000000000034
-32.099999999999994
-32.69999999999999
-32.29999999999998
-31.799999999999983
-33.19999999999999
-34.69999999999999
-35.30000000000001
-37.89999999999998
-37.69999999999999
39.60000000000002
-31.299999999999983
-31.0
-30.599999999999994
-31.099999999999994
-31.599999999999994
-33.099999999999994
-33.69999999999999
-35.29999999999998
-36.0
16.30000000000001
-32.099999999999994
-30.799999999999983
-31.299999999999983
-31.799999999999983
-33.29999999999998
-34.900000000000006
-36.599999999999966
-37.39999999999998
-37.19999999999999
12.100000000000023
-34.599999999999994
-34.400000000000006
-34.099999999999994
-34.69999999999999
-34.30000000000001
-35.80000000000001
-36.39999999999998
-38.0
-38.69999999999999
17.600000000000023
-34.400000000000006
-34.099999999999994
-34.69999999999999
-35.30000000000001
-36.89999999999998
-37.599999999999966
-39.30000000000001
-40.099999999999966
-40.89999999999998
21.30000000000001
-35.19999999999999
-35.89999999999998
-36.599999999999966
-37.30000000000001
-38.0
-39.69999999999999
-40.5
-42.30000000000001
-43.19999999999999
15.900000000000034
-38.0
-37.80000000000001
-39.5
-39.30000000000001
-40.0
-39.69999999999999
-42.30000000000001
-43.099999999999966
-43.89999999999998
27.30000000000001
-37.30000000000001
-38.0
-39.69999999999999
-39.5
-40.19999999999999
-41.89999999999998
-44.69999999999999
-46.69999999999999
-47.80000000000001
12.100000000000023
-44.89999999999998
-45.099999999999966
-47.19999999999999
-47.39999999999998
-40.5
-49.80000000000001
-50.0
-52.099999999999966
-53.30000000000001
-54.5
-56.69999999999999
-58.0
5.699999999999989
-52.099999999999966
-53.19999999999999
-55.30000000000001
-55.5
-47.599999999999966
-56.80000000000001
-59.89999999999998
-61.19999999999999
-62.5
0.19999999999998863
-58.69999999999999
-61.0
-61.39999999999998
-61.69999999999999
-44.89999999999998
-65.30000000000001
-65.80000000000001
-66.19999999999999
-67.5
-3.8000000000000114
-60.599999999999966
-60.599999999999966
-60.5
-62.30000000000001
-63.19999999999999
-64.09999999999997
-66.0
-68.0
-70.10000000000002
-11.299999999999955
-66.5
-67.69999999999999
-67.89999999999998
-69.0
-72.10000000000002
-72.39999999999998
-72.60000000000002
-72.69999999999993
-73.69999999999993
-74.69999999999993
-75.69999999999993
-10.699999999999932
-72.10000000000002
-72.19999999999993
-73.19999999999993
-74.19999999999993
-75.19999999999993
-77.19999999999993
-79.29999999999995
-80.5
-83.69999999999993
-18.100000000000023
-78.79999999999995
-80.10000000000002
-81.39999999999998
-82.69999999999993
-71.0
-83.0
-84.19999999999993
-84.39999999999998
-85.5
-20.600000000000023
-78.10000000000002
-78.89999999999998
-78.69999999999993
-22.399999999999977
-75.39999999999998
-75.19999999999993
-27.899999999999977
-72.79999999999995
-72.60000000000002
-26.299999999999955
-71.29999999999995
-73.19999999999993
-40.19999999999993
-74.79999999999995
-43.10000000000002
-75.10000000000002
-77.5
-65.0
-78.10000000000002
-76.5
-80.60000000000002
-79.0
-82.10000000000002
-81.39999999999998
-85.5
-86.89999999999998
-90.29999999999995
-92.89999999999998
-94.60000000000002
-98.29999999999995
-102.19999999999993
-105.29999999999995
-108.5
-111.79999999999995
-36.19999999999993
-107.79999999999995
-108.10000000000002
-109.19999999999993
-109.19999999999993
-110.0
-110.69999999999993
-110.29999999999995
-110.69999999999993
-112.0
-92.29999999999995
-108.5
-106.39999999999998
-108.0
-107.69999999999993
-108.29999999999995
-109.89999999999998
-112.60000000000002
-114.5
-115.5
-40.5
-111.89999999999998
-111.10000000000002
-115.10000000000002
-116.39999999999998
-118.69999999999993
-121.10000000000002
-119.60000000000002
-120.79999999999995
-122.0
-122.19999999999993
-126.29999999999995
-125.69999999999993
-93.89999999999986
-122.79999999999995
-120.79999999999995
-122.5
-122.29999999999995
-108.0
-125.20000000000005
-128.20000000000005
-131.39999999999986
-135.79999999999995
-59.5
-134.39999999999986
-135.39999999999986
-136.29999999999995
-137.0999999999999
-134.79999999999995
-130.0999999999999
-136.79999999999995
-138.0999999999999
-139.39999999999986
-139.70000000000005
-93.89999999999986
-135.39999999999986
-138.39999999999986
-140.5999999999999
-140.89999999999986
-138.0999999999999
-141.89999999999986
-144.0
-148.20000000000005
-149.70000000000005
-74.20000000000005
-147.0
-149.70000000000005
-150.5
-76.20000000000005
-145.29999999999995
-146.89999999999986
-147.5
-147.0
-147.29999999999995
-151.5
-151.0
-153.29999999999995
-153.70000000000005
-94.0
-148.20000000000005
-149.29999999999995
-148.39999999999986
-148.29999999999995
-135.0999999999999
-146.5
-146.0999999999999
-147.5999999999999
-148.20000000000005
-79.79999999999995
-142.5
-141.0999999999999
-142.5
-79.0
-137.0999999999999
-138.5999999999999
-76.20000000000005
-130.5
-130.79999999999995
-76.09999999999991
-127.89999999999986
-129.39999999999986
-78.0
-126.39999999999986
-76.09999999999991
-123.70000000000005
-124.5
-77.29999999999995
-120.29999999999995
-77.0
-118.29999999999995
-75.10000000000002
-116.5
-73.39999999999998
-114.89999999999998
-117.89999999999998
-119.10000000000002
-121.29999999999995
-124.60000000000002
-92.10000000000002
-125.19999999999993
-127.79999999999995
-129.5
-131.20000000000005
-50.899999999999864
-125.39999999999998
-127.0
-127.60000000000002
-52.09999999999991
-122.89999999999998
-122.39999999999998
-125.69999999999993
-127.19999999999993
-128.69999999999993
-130.20000000000005
-130.70000000000005
-132.0999999999999
-134.5
-136.0
-86.5
-135.89999999999986
-137.5999999999999
-137.29999999999995
-140.79999999999995
-141.5
-146.0999999999999
-150.0
-150.0999999999999
-154.0
-159.0999999999999
-159.5
-85.70000000000005
-158.29999999999995
-159.70000000000005
-159.0
-157.0
-159.5999999999999
-146.29999999999995
-156.5
-159.70000000000005
-161.0999999999999
-162.5
-166.89999999999986
-167.5999999999999
-108.20000000000005
-162.70000000000005
-166.0999999999999
-167.70000000000005
-111.29999999999995
-166.0999999999999
-168.79999999999995
-117.59999999999991
-169.0999999999999
-174.0999999999999
-122.39999999999986
-169.29999999999995
-124.20000000000005
-169.39999999999986
-170.39999999999986
-172.29999999999995
-174.20000000000005
-177.0999999999999
-179.0999999999999
-183.0999999999999
-186.29999999999995
-191.5999999999999
-195.20000000000005
-110.89999999999986
-188.89999999999986
-193.29999999999995
-193.89999999999986
-197.29999999999995
-197.79999999999995
-170.0999999999999
-202.39999999999986
-203.0
-207.39999999999986
-211.0
-153.70000000000005
-208.39999999999986
-207.89999999999986
-210.0999999999999
-212.29999999999995
-211.5
-214.39999999999986
-216.39999999999986
-219.39999999999986
-219.5
-140.39999999999986
-215.20000000000005
-216.0999999999999
-218.89999999999986
-143.79999999999995
-212.0
-214.5999999999999
-216.29999999999995
-216.0
-216.5
-171.89999999999986
-214.70000000000005
-216.0999999999999
-220.5
-221.20000000000005
-222.79999999999995
-224.39999999999986
-228.0
-229.79999999999995
-161.5999999999999
-226.39999999999986
-229.20000000000005
-233.0999999999999
-166.20000000000005
-229.39999999999986
-232.39999999999986
-172.5
-232.39999999999986
-234.70000000000005
-178.0
-234.39999999999986
-177.79999999999995
-229.29999999999995
-231.29999999999995
-179.29999999999995
-230.89999999999986
-177.0
-228.5
-226.5
-175.0999999999999
-224.39999999999986
-173.0
-220.29999999999995
-172.70000000000005
-217.20000000000005
-168.5
-213.79999999999995
-217.0
-219.39999999999986
-220.89999999999986
-226.39999999999986
-230.29999999999995
-234.39999999999986
-238.70000000000005
-157.20000000000005
-238.29999999999995
-241.0999999999999
-242.89999999999986
-165.5999999999999
-239.29999999999995
-242.89999999999986
-243.5999999999999
-246.0999999999999
-245.5999999999999
-231.79999999999995
-243.39999999999986
-248.0999999999999
-249.0999999999999
-249.0
-199.69999999999982
-248.29999999999973
-247.0999999999999
-246.5999999999999
-196.9000000000001
-246.0999999999999
-242.5999999999999
-199.5999999999999
-239.19999999999982
-239.0999999999999
-195.9000000000001
-238.29999999999973
-192.29999999999973
-232.5999999999999
-190.29999999999995
-230.70000000000005
-230.5
-185.20000000000005
-226.29999999999995
-187.89999999999986
-227.5999999999999
-184.5999999999999
-225.20000000000005
-188.20000000000005
-225.39999999999986
-185.5999999999999
-222.70000000000005
-224.79999999999995
-226.0
-226.20000000000005
-182.29999999999995
-224.89999999999986
-228.0999999999999
-231.5
-233.0999999999999
-155.70000000000005
-234.39999999999986
-236.5999999999999
-236.79999999999995
-160.79999999999995
-234.0
-238.0999999999999
-161.39999999999986
-234.79999999999995
-236.0999999999999
-161.29999999999995
-236.79999999999995
-241.39999999999986
-165.20000000000005
-237.0999999999999
-240.70000000000005
-242.39999999999986
-245.0
-229.5999999999999
-246.39999999999986
-248.79999999999995
-250.20000000000005
-249.5
-195.5
-249.9000000000001
-247.0999999999999
-249.79999999999973
-250.5999999999999
-252.29999999999973
-252.0
-194.5
-246.0999999999999
-244.29999999999973
-243.19999999999982
-244.9000000000001
-170.69999999999982
-238.0
-238.69999999999982
-237.4000000000001
-237.9000000000001
-206.4000000000001
-234.69999999999982
-235.0999999999999
-236.5
-236.0
-182.4000000000001
-232.39999999999986
-229.9000000000001
-231.0999999999999
-179.4000000000001
-229.5
-230.0999999999999
-177.70000000000005
-225.0
-224.5
-170.89999999999986
-220.89999999999986
-172.39999999999986
-220.0
-223.79999999999995
-169.89999999999986
-220.5
-171.5999999999999
-219.70000000000005
-169.0
-217.0999999999999
-169.39999999999986
-214.79999999999995
-171.0999999999999
-210.89999999999986
-167.0
-208.5999999999999
-211.70000000000005
-214.0
-216.39999999999986
-149.89999999999986
-212.5999999999999
-216.0999999999999
-219.79999999999995
-191.70000000000005
-223.5999999999999
-227.79999999999995
-201.20000000000005
-231.70000000000005
-233.29999999999995
-234.79999999999995
-237.20000000000005
-239.5999999999999
-240.0
-243.20000000000005
-246.5
-248.89999999999986
-251.29999999999995
-254.69999999999982
-258.1999999999998
-261.7999999999997
-263.5
-265.0999999999999
-267.5999999999999
-270.0999999999999
-271.5999999999999
-274.0
-276.4000000000001
-278.7999999999997
-280.1999999999998
-203.5
-276.9000000000001
-280.1999999999998
-282.5999999999999
-207.0
-281.5999999999999
-285.1999999999998
-209.9000000000001
-283.7999999999997
-284.5999999999999
-286.1999999999998
-290.6999999999998
-292.4000000000001
-295.0
-259.5999999999999
-295.4000000000001
-299.9000000000001
-302.5999999999999
-307.2999999999997
-236.19999999999982
-303.6999999999998
-307.4000000000001
-307.1999999999998
-308.6999999999998
-310.0999999999999
-314.4000000000001
-298.9000000000001
-317.5999999999999
-320.0999999999999
-321.5999999999999
-237.0
-315.6999999999998
-315.9000000000001
-317.9000000000001
-321.9000000000001
-245.0999999999999
-318.4000000000001
-323.5999999999999
-249.0999999999999
-320.9000000000001
-324.4000000000001
-249.0
-322.7999999999997
-323.5
-248.0
-318.6999999999998
-243.0
-312.5
-314.5
-317.5
-317.5999999999999
-258.5
-310.2999999999997
-312.6999999999998
-313.1999999999998
-286.5999999999999
-316.1999999999998
-315.9000000000001
-319.4000000000001
-323.0999999999999
-327.0
-329.0999999999999
-334.1999999999998
-338.5999999999999
-341.1999999999998
-255.79999999999973
-337.5999999999999
-339.1999999999998
-340.6999999999998
-257.0999999999999
-336.9000000000001
-338.2999999999997
-252.5999999999999
-332.0999999999999
-332.1999999999998
-250.0999999999999
-325.5999999999999
-325.2999999999997
-246.79999999999973
-320.2999999999997
-321.7999999999997
-244.29999999999973
-316.9000000000001
-239.4000000000001
-311.0
-233.4000000000001
-304.9000000000001
-306.1999999999998
-232.5
-302.2999999999997
-301.6999999999998
-229.9000000000001
-296.7999999999997
-297.0
-296.0999999999999
-233.0
-290.5
-292.2999999999997
-292.1999999999998
-277.0
-292.1999999999998
-293.0
-292.7999999999997
-294.5
-295.2999999999997
-223.0999999999999
-289.5999999999999
-289.4000000000001
-289.0999999999999
-290.6999999999998
-292.4000000000001
-294.1999999999998
-295.0999999999999
-298.0
-298.0999999999999
-231.0999999999999
-293.2999999999997
-295.2999999999997
-296.4000000000001
-297.5
-300.5999999999999
-302.9000000000001
-280.2999999999997
-302.2999999999997
-303.5999999999999
-303.9000000000001
-303.0999999999999
-305.0999999999999
-223.19999999999982
-299.0
-300.0999999999999
-301.1999999999998
-228.29999999999973
-299.0
-297.4000000000001
-229.5
-294.6999999999998
-293.0
-228.0
-291.4000000000001
-224.69999999999982
-286.1999999999998
-286.4000000000001
-224.5
-282.2999999999997
-220.4000000000001
-278.1999999999998
-278.2999999999997
-280.2999999999997
-282.4000000000001
-286.5999999999999
-289.0999999999999
-293.6999999999998
-296.5999999999999
-298.5999999999999
-299.5999999999999
-228.5
-297.0999999999999
-299.0999999999999
-300.0999999999999
-301.0
-304.7999999999997
-304.7999999999997
-304.5999999999999
-309.1999999999998
-259.0999999999999
-303.7999999999997
-304.2999999999997
-306.6999999999998
-261.1999999999998
-303.0
-305.2999999999997
-265.6999999999998
-302.0
-303.1999999999998
-302.4000000000001
-304.4000000000001
-306.5
-305.6999999999998
-309.6999999999998
-312.0
-313.4000000000001
-314.7999999999997
-317.1999999999998
-319.6999999999998
-321.2999999999997
-323.9000000000001
-327.5999999999999
-327.5
-330.1999999999998
-260.0
-329.5999999999999
-331.6999999999998
-333.7999999999997
-337.9000000000001
-340.1999999999998
-344.5
-346.0
-348.4000000000001
-263.7999999999997
-344.5
-345.9000000000001
-349.1999999999998
-349.5999999999999
-267.7999999999997
-343.5999999999999
-345.5999999999999
-346.5999999999999
-347.5
-348.2999999999997
-348.0
-350.5
-351.0999999999999
-350.5999999999999
-349.9000000000001
-277.0
-341.6999999999998
-342.5
-344.2999999999997
-275.1999999999998
-337.0999999999999
-338.7999999999997
-339.5999999999999
-342.4000000000001
-340.4000000000001
-324.0999999999999
-340.0999999999999
-341.7999999999997
-343.5999999999999
-342.5
-343.1999999999998
-344.9000000000001
-344.6999999999998
-345.4000000000001
-350.0999999999999
-348.1999999999998
-351.0
-352.0
-355.0
-356.1999999999998
-360.4000000000001
-361.9000000000001
-364.4000000000001
-366.0
-368.5999999999999
-372.2999999999997
-374.1999999999998
-376.0999999999999
-298.0
-373.9000000000001
-375.0
-378.0
-301.0999999999999
-370.2999999999997
-372.0
-300.6999999999998
-368.0999999999999
-369.7999999999997
-299.5
-365.0
-297.5999999999999
-362.2999999999997
-294.0
-358.6999999999998
-357.4000000000001
-290.7999999999997
-352.4000000000001
-288.6999999999998
-348.5
-282.7999999999997
-343.4000000000001
-342.5999999999999
-278.5999999999999
-272.0999999999999
-331.5
-332.4000000000001
-332.2999999999997
-332.0999999999999
-333.7999999999997
-333.5999999999999
-333.2999999999997
-334.9000000000001
-336.5999999999999
-250.4000000000001
-326.5
-327.0
-327.5
-247.0
-321.4000000000001
-320.0
-318.4000000000001
-316.5999999999999
-316.5999999999999
-280.5999999999999
-312.0
-311.9000000000001
-311.7999999999997
-308.6999999999998
-314.2999999999997
-314.5
-317.6999999999998
-320.1999999999998
-318.9000000000001
-318.4000000000001
-250.79999999999973
-312.4000000000001
-310.7999999999997
-311.0
-246.19999999999982
-305.9000000000001
-306.1999999999998
-246.5
-302.7999999999997
-302.2999999999997
-244.69999999999982
-296.2999999999997
-297.5999999999999
-297.0
-300.2999999999997
-302.9000000000001
-305.6999999999998
-309.6999999999998
-316.0
-316.7999999999997
-322.5
-235.5999999999999
-319.7999999999997
-320.0999999999999
-322.1999999999998
-239.29999999999973
-319.9000000000001
-323.1999999999998
-324.5999999999999
-326.9000000000001
-325.1999999999998
-293.0999999999999
-321.5999999999999
-323.0999999999999
-324.5999999999999
-299.0999999999999
-323.9000000000001
-324.2999999999997
-326.5999999999999
-328.0
-327.4000000000001
-331.5999999999999
-334.0999999999999
-335.6999999999998
-335.2999999999997
-334.6999999999998
-335.9000000000001
-335.0999999999999
-338.0999999999999
-340.2999999999997
-340.5999999999999
-341.7999999999997
-344.0
-344.2999999999997
-344.5
-281.5999999999999
-341.2999999999997
-340.5
-340.5
-341.4000000000001
-305.2999999999997
-339.5
-340.4000000000001
-341.2999999999997
-342.1999999999998
-264.0999999999999
-338.0999999999999
-341.1999999999998
-343.5
-266.9000000000001
-339.5
-342.0
-270.5999999999999
-340.9000000000001
-267.7999999999997
-336.1999999999998
-338.0
-266.7999999999997
-334.2999999999997
-264.0999999999999
-328.6999999999998
-330.2999999999997
-262.9000000000001
-323.5999999999999
-322.9000000000001
-322.0
-321.9000000000001
-321.6999999999998
-321.4000000000001
-322.0
-321.5999999999999
-243.0999999999999
-316.6999999999998
-316.4000000000001
-317.0
-240.5999999999999
-308.5
-307.9000000000001
-309.1999999999998
-312.5999999999999
-312.2999999999997
-259.9000000000001
-310.1999999999998
-311.0
-312.7999999999997
-281.6999999999998
-312.4000000000001
-312.4000000000001
-313.2999999999997
-316.1999999999998
-320.2999999999997
-321.6999999999998
-324.0999999999999
-328.5999999999999
-328.4000000000001
-331.0
-331.6999999999998
-332.2999999999997
-332.7999999999997
-339.1999999999998
-338.0999999999999
-343.6999999999998
-343.6999999999998
-345.5
-349.2999999999997
-352.2999999999997
-355.4000000000001
-357.5999999999999
-359.7999999999997
-363.0
-365.2999999999997
-295.5999999999999
-364.6999999999998
-368.1999999999998
-367.7999999999997
-371.0999999999999
-338.5
-372.4000000000001
-375.7999999999997
-379.2999999999997
-382.9000000000001
-301.5999999999999
-377.9000000000001
-378.4000000000001
-379.6999999999998
-302.9000000000001
-375.1999999999998
-374.2999999999997
-375.0999999999999
-375.7999999999997
-375.4000000000001
-373.7999999999997
-374.9000000000001
-375.0
-375.0
-373.9000000000001
-296.5999999999999
-364.5
-363.9000000000001
-358.1999999999998
-285.9000000000001
-349.4000000000001
-351.0
-347.7999999999997
-348.2999999999997
-346.9000000000001
-301.4000000000001
-339.4000000000001
-342.6999999999998
-342.4000000000001
-341.0999999999999
-338.6999999999998
-337.0999999999999
-337.4000000000001
-338.7999999999997
-339.4000000000001
-342.0999999999999
-344.0999999999999
-345.2999999999997
-349.5999999999999
-352.2999999999997
-353.1999999999998
-355.0999999999999
-358.0999999999999
-362.2999999999997
-364.7999999999997
-368.4000000000001
-371.1999999999998
-375.0999999999999
-379.1999999999998
-382.5
-385.9000000000001
-387.4000000000001
-309.7999999999997
-384.1999999999998
-388.5999999999999
-390.1999999999998
-392.6999999999998
-383.1999999999998
-395.5
-399.9000000000001
-398.5
-401.6999999999998
-319.0
-397.7999999999997
-396.0999999999999
-398.0
-319.9000000000001
-394.7999999999997
-394.7999999999997
-316.5999999999999
-387.4000000000001
-386.9000000000001
-386.1999999999998
-388.2999999999997
-387.5
-387.5
-388.4000000000001
-387.2999999999997
-386.0
-384.5
-300.7999999999997
-374.6999999999998
-373.7999999999997
-369.7999999999997
-286.4000000000001
-358.6999999999998
-356.0999999999999
-353.2999999999997
-350.2999999999997
-348.0999999999999
-346.7999999999997
-344.5
-344.0999999999999
-343.7999999999997
-340.5999999999999
-266.1999999999998
-327.5
-324.7999999999997
-325.0
-255.4000000000001
-317.0
-315.5999999999999
-315.1999999999998
-313.9000000000001
-315.5999999999999
-315.5999999999999
-317.6999999999998
-317.0999999999999
-319.5
-319.1999999999998
-241.9000000000001
-309.9000000000001
-312.5
-311.4000000000001
-232.19999999999982
-306.0999999999999
-308.1999999999998
-306.5
-309.5999999999999
-310.0
-295.4000000000001
-305.2999999999997
-309.2999999999997
-309.6999999999998
-312.0999999999999
-312.6999999999998
-241.29999999999973
-306.6999999999998
-308.2999999999997
-309.0
-238.69999999999982
-307.2999999999997
-308.4000000000001
-308.5
-310.5
-308.5999999999999
-310.4000000000001
-308.2999999999997
-308.9000000000001
-307.5
-307.9000000000001
-237.29999999999973
-304.5999999999999
-302.2999999999997
-304.6999999999998
-235.29999999999973
-296.9000000000001
-297.2999999999997
-293.6999999999998
-293.6999999999998
-292.6999999999998
-260.5999999999999
-289.2999999999997
-285.1999999999998
-284.6999999999998
-286.1999999999998
-284.9000000000001
-212.5
-273.9000000000001
-270.1999999999998
-273.1999999999998
-270.5999999999999
-271.7999999999997
-270.1999999999998
-269.5
-268.7999999999997
-267.0999999999999
-197.29999999999973
-259.5999999999999
-258.9000000000001
-262.1999999999998
-195.9000000000001
-255.0
-257.6999999999998
-258.6999999999998
-258.7999999999997
-259.9000000000001
-256.0999999999999
-261.9000000000001
-265.2999999999997
-265.0
-262.5999999999999
-268.9000000000001
-270.7999999999997
-269.7999999999997
-269.5999999999999
-272.2999999999997
-274.1999999999998
-276.1999999999998
-278.2999999999997
-281.5
-283.9000000000001
-282.4000000000001
-208.5999999999999
-279.2999999999997
-279.6999999999998
-283.0
-218.5
-280.4000000000001
-281.0
-280.5
-281.7999999999997
-287.0999999999999
-288.7999999999997
-285.5
-293.6999999999998
-296.5999999999999
-300.5999999999999
-300.7999999999997
-231.79999999999973
-298.6999999999998
-303.7999999999997
-303.1999999999998
-238.29999999999973
-301.6999999999998
-300.9000000000001
-299.7999999999997
-301.4000000000001
-289.0
-302.1999999999998
-306.6999999999998
-310.5
-310.5
-311.2999999999997
-313.0
-314.6999999999998
-316.4000000000001
-317.0999999999999
-242.69999999999982
-310.6999999999998
-309.0999999999999
-310.1999999999998
-240.29999999999973
-304.2999999999997
-305.2999999999997
-240.29999999999973
-301.6999999999998
-234.79999999999973
-298.0999999999999
-300.2999999999997
-231.5999999999999
-293.9000000000001
-228.0
-289.4000000000001
-228.5
-286.4000000000001
-288.5999999999999
-226.9000000000001
-285.9000000000001
-223.29999999999973
-282.2999999999997
-284.6999999999998
-286.1999999999998
-248.69999999999982
-288.2999999999997
-288.0999999999999
-289.6999999999998
-277.2999999999997
-291.5
-295.0999999999999
-290.9000000000001
-297.0999999999999
-298.7999999999997
-300.5
-301.1999999999998
-221.79999999999973
-296.2999999999997
-296.9000000000001
-298.4000000000001
-222.9000000000001
-291.6999999999998
-294.0
-222.4000000000001
-291.5
-293.0999999999999
-220.69999999999982
-292.9000000000001
-292.9000000000001
-223.69999999999982
-290.4000000000001
-222.29999999999973
-288.1999999999998
-219.19999999999982
-285.0999999999999
-217.0999999999999
-284.0999999999999
-217.29999999999973
-280.5999999999999
-282.6999999999998
-214.79999999999973
-279.9000000000001
-282.0
-283.0999999999999
-287.0999999999999
-288.2999999999997
-238.4000000000001
-282.2999999999997
-282.9000000000001
-286.4000000000001
-258.0999999999999
-285.7999999999997
-286.4000000000001
-273.9000000000001
-284.0
-286.0999999999999
-288.2999999999997
-290.5999999999999
-291.0
-216.29999999999973
-288.0
-288.5
-288.9000000000001
-218.19999999999982
-286.2999999999997
-286.7999999999997
-215.19999999999982
-284.2999999999997
-282.9000000000001
-212.19999999999982
-280.2999999999997
-283.7999999999997
-284.5
-288.0999999999999
-291.9000000000001
-279.9000000000001
-296.5
-301.6999999999998
-304.1999999999998
-305.6999999999998
-232.0999999999999
-302.9000000000001
-305.2999999999997
-308.6999999999998
-310.1999999999998
-313.5999999999999
-313.0999999999999
-314.2999999999997
-286.4000000000001
-313.5
-313.4000000000001
-314.0999999999999
-314.6999999999998
-245.19999999999982
-311.5999999999999
-311.1999999999998
-312.5999999999999
-244.0
-309.4000000000001
-310.9000000000001
-244.4000000000001
-308.0999999999999
-308.6999999999998
-241.19999999999982
-303.7999999999997
-239.19999999999982
-299.0
-300.2999999999997
-236.5999999999999
-297.4000000000001
-232.79999999999973
-292.5999999999999
-229.9000000000001
-286.7999999999997
-225.9000000000001
-285.7999999999997
-222.19999999999982
-282.0999999999999
-219.5
-278.5
-278.9000000000001
-282.1999999999998
-283.6999999999998
-242.19999999999982
-280.4000000000001
-281.6999999999998
-284.0
-246.4000000000001
-285.9000000000001
-287.5999999999999
-290.2999999999997
-293.0999999999999
-295.0
-296.9000000000001
-219.79999999999973
-293.7999999999997
-294.7999999999997
-297.6999999999998
-220.69999999999982
-295.7999999999997
-296.0
-298.0
-222.0
-294.1999999999998
-217.19999999999982
-290.2999999999997
-292.2999999999997
-222.29999999999973
-291.0999999999999
-221.29999999999973
-291.2999999999997
-292.7999999999997
-219.19999999999982
-289.0
-218.29999999999973
-285.2999999999997
-212.5
-282.1999999999998
-212.4000000000001
-280.4000000000001
-282.6999999999998
-285.0
-285.2999999999997
-286.4000000000001
-200.4000000000001
-280.5999999999999
-279.5
-279.0999999999999
-212.5
-276.0999999999999
-276.5999999999999
-261.0
-277.6999999999998
-279.0999999999999
-262.5
-280.0999999999999
-282.5
-284.0
-287.5
-289.1999999999998
-291.9000000000001
-294.6999999999998
-297.5999999999999
-299.5999999999999
-302.5999999999999
-305.6999999999998
-308.9000000000001
-312.1999999999998
-316.5999999999999
-320.1999999999998
-324.9000000000001
-329.7999999999997
-334.9000000000001
-338.1999999999998
-260.5
-336.6999999999998
-339.0
-343.1999999999998
-345.5
-284.6999999999998
-344.5
-345.5999999999999
-350.5
-352.5999999999999
-275.5999999999999
-350.5999999999999
-354.5999999999999
-355.6999999999998
-359.5999999999999
-359.5999999999999
-364.2999999999997
-368.1999999999998
-368.1999999999998
-372.9000000000001
-288.7999999999997
-364.0
-367.2999999999997
-365.6999999999998
-284.6999999999998
-358.4000000000001
-361.0999999999999
-359.9000000000001
-360.4000000000001
-361.7999999999997
-364.1999999999998
-363.6999999999998
-365.0
-363.2999999999997
-363.2999999999997
-291.1999999999998
-355.7999999999997
-354.5
-355.0
-284.5
-347.9000000000001
-351.2999999999997
-348.0
-347.2999999999997
-348.5
-347.7999999999997
-350.0
-349.4000000000001
-348.6999999999998
-349.9000000000001
-264.1999999999998
-339.9000000000001
-338.0
-336.9000000000001
-260.6999999999998
-332.9000000000001
-333.0999999999999
-334.2999999999997
-335.5999999999999
-337.0
-336.5
-338.9000000000001
-339.5
-339.0999999999999
-339.5999999999999
-265.0999999999999
-330.0999999999999
-330.2999999999997
-330.5
-255.69999999999982
-322.4000000000001
-324.5
-325.7999999999997
-328.1999999999998
-327.7999999999997
-330.2999999999997
-329.0
-328.5
-327.9000000000001
-327.1999999999998
-251.4000000000001
-319.0
-319.0999999999999
-319.1999999999998
-245.29999999999973
-311.0
-310.0
-308.9000000000001
-306.6999999999998
-308.2999999999997
-307.0999999999999
-306.7999999999997
-305.5
-303.0999999999999
-302.5
-226.9000000000001
-293.7999999999997
-292.1999999999998
-289.5
-217.5999999999999
-281.5999999999999
-278.7999999999997
-212.79999999999973
-272.2999999999997
-268.5
-266.4000000000001
-264.1999999999998
-266.9000000000001
-266.0
-265.0999999999999
-264.1999999999998
-265.2999999999997
-264.5999999999999
-193.9000000000001
-257.1999999999998
-257.5999999999999
-257.0999999999999
-190.5999999999999
-254.5
-254.5
-254.5
-254.5
-254.5
-257.5
-260.7999999999997
-261.4000000000001
-261.0
-260.5
-194.9000000000001
-259.6999999999998
-259.5999999999999
-263.4000000000001
-201.5
-263.2999999999997
-263.7999999999997
-263.1999999999998
-266.4000000000001
-268.7999999999997
-271.2999999999997
-269.9000000000001
-272.1999999999998
-269.5999999999999
-201.5999999999999
-262.6999999999998
-264.5
-263.4000000000001
-198.0999999999999
-259.1999999999998
-260.0
-260.7999999999997
-264.5999999999999
-264.6999999999998
-264.6999999999998
-268.5999999999999
-267.7999999999997
-266.7999999999997
-265.5999999999999
-196.19999999999982
-258.7999999999997
-261.2999999999997
-261.0
-192.5999999999999
-257.2999999999997
-259.0999999999999
-262.0
-260.0999999999999
-258.9000000000001
-264.5
-265.5999999999999
-267.6999999999998
-267.9000000000001
-194.0
-258.5999999999999
-258.2999999999997
-260.9000000000001
-195.69999999999982
-258.9000000000001
-259.0
-261.0
-262.0999999999999
-265.1999999999998
-268.5
-269.0
-268.4000000000001
-271.5999999999999
-272.0
-198.29999999999973
-265.0999999999999
-264.1999999999998
-264.0999999999999
-200.9000000000001
-259.2999999999997
-264.0999999999999
-267.2999999999997
-266.6999999999998
-267.9000000000001
-268.0999999999999
-269.1999999999998
-272.2999999999997
-270.5999999999999
-198.5999999999999
-265.2999999999997
-261.2999999999997
-261.7999999999997
-194.29999999999973
-256.0
-260.5
-261.4000000000001
-260.2999999999997
-263.0
-265.9000000000001
-265.0
-264.9000000000001
-266.6999999999998
-266.5999999999999
-194.4000000000001
-257.9000000000001
-258.4000000000001
-253.9000000000001
-188.9000000000001
-252.4000000000001
-252.9000000000001
-258.4000000000001
-257.4000000000001
-255.19999999999982
-260.6999999999998
-260.6999999999998
-265.5999999999999
-264.9000000000001
-194.0
-257.9000000000001
-258.7999999999997
-258.6999999999998
-189.5
-257.2999999999997
-257.5
-259.5999999999999
-261.7999999999997
-261.0999999999999
-247.19999999999982
-265.7999999999997
-266.2999999999997
-267.6999999999998
-272.0999999999999
-272.7999999999997
-273.4000000000001
-205.9000000000001
-269.5
-272.0
-271.5999999999999
-206.0
-268.6999999999998
-272.1999999999998
-209.9000000000001
-268.1999999999998
-270.7999999999997
-272.5
-214.19999999999982
-270.9000000000001
-269.6999999999998
-272.1999999999998
-276.7999999999997
-275.6999999999998
-243.29999999999973
-270.5
-272.5999999999999
-273.7999999999997
-243.0
-276.0
-279.5
-250.19999999999982
-278.7999999999997
-281.4000000000001
-278.0999999999999
-286.2999999999997
-288.1999999999998
-284.0999999999999
-293.4000000000001
-295.5
-297.5999999999999
-300.6999999999998
-301.9000000000001
-227.0
-300.4000000000001
-301.6999999999998
-302.9000000000001
-229.0
-300.5
-304.6999999999998
-231.0999999999999
-299.9000000000001
-302.0999999999999
-230.29999999999973
-296.0999999999999
-231.0
-295.1999999999998
-298.2999999999997
-233.5
-295.0
-231.0999999999999
-293.5999999999999
-232.79999999999973
-296.6999999999998
-237.4000000000001
-296.9000000000001
-299.6999999999998
-237.5
-293.7999999999997
-238.0999999999999
-292.5999999999999
-292.9000000000001
-295.0
-226.0999999999999
-290.0999999999999
-291.0
-290.7999999999997
-226.4000000000001
-287.4000000000001
-291.0
-279.7999999999997
-294.2999999999997
-298.1999999999998
-301.2999999999997
-300.5
-221.4000000000001
-298.1999999999998
-302.2999999999997
-304.5999999999999
-305.9000000000001
-282.0999999999999
-309.6999999999998
-313.0999999999999
-313.5999999999999
-316.9000000000001
-246.29999999999973
-311.4000000000001
-311.5
-311.4000000000001
-248.0999999999999
-307.2999999999997
-307.9000000000001
-246.4000000000001
-305.5999999999999
-307.1999999999998
-249.79999999999973
-303.5
-301.0
-247.0999999999999
-297.6999999999998
-244.79999999999973
-296.5
-240.79999999999973
-292.4000000000001
-294.5999999999999
-242.9000000000001
-293.9000000000001
-242.4000000000001
-290.5999999999999
-293.0
-244.5
-295.0
-295.9000000000001
-298.6999999999998
-299.5999999999999
-263.4000000000001
-300.4000000000001
-303.2999999999997
-306.2999999999997
-305.4000000000001
-214.19999999999982
-301.6999999999998
-304.6999999999998
-305.7999999999997
-215.79999999999973
-297.5999999999999
-299.2999999999997
-214.0
-294.0
-294.6999999999998
-213.29999999999973
-288.5999999999999
-207.0999999999999
-282.2999999999997
-202.69999999999982
-276.0
-277.2999999999997
-198.5999999999999
-270.9000000000001
-192.0999999999999
-264.2999999999997
-187.4000000000001
-258.6999999999998
-182.79999999999973
-251.19999999999982
-251.0999999999999
-252.9000000000001
-252.79999999999973
-253.5999999999999
-253.4000000000001
-167.0999999999999
-245.0999999999999
-246.69999999999982
-247.4000000000001
-249.0999999999999
-249.9000000000001
-251.69999999999982
-255.5999999999999
-257.7999999999997
-260.0999999999999
-262.5
-266.0
-268.6999999999998
-272.5
-274.5
-278.5
-282.6999999999998
-286.0999999999999
-289.5999999999999
-293.1999999999998
-296.9000000000001
-299.6999999999998
-225.5
-296.5999999999999
-299.2999999999997
-301.0
-303.5999999999999
-306.1999999999998
-308.7999999999997
-311.4000000000001
-314.0
-241.5999999999999
-309.6999999999998
-311.0999999999999
-312.4000000000001
-313.5999999999999
-314.6999999999998
-319.6999999999998
-319.0
-319.0
-323.7999999999997
-325.9000000000001
-327.0
-327.0
-253.79999999999973
-321.0999999999999
-322.6999999999998
-324.2999999999997
-252.9000000000001
-317.1999999999998
-314.5
-316.4000000000001
-318.4000000000001
-321.5
-322.7999999999997
-322.0999999999999
-323.1999999999998
-328.2999999999997
-328.7999999999997
-256.1999999999998
-324.1999999999998
-325.5999999999999
-326.0
-327.2999999999997
-259.5999999999999
-325.0
-325.5
-327.9000000000001
-331.4000000000001
-333.0999999999999
-333.7999999999997
-334.4000000000001
-333.9000000000001
-336.1999999999998
-251.5999999999999
-326.4000000000001
-327.4000000000001
-326.4000000000001
-245.19999999999982
-318.7999999999997
-318.5
-242.0999999999999
-311.0
-311.5
-311.0
-310.4000000000001
-310.6999999999998
-310.0
-313.1999999999998
-313.6999999999998
-316.1999999999998
-243.9000000000001
-309.2999999999997
-308.9000000000001
-311.4000000000001
-241.0999999999999
-303.6999999999998
-306.1999999999998
-306.9000000000001
-307.5999999999999
-306.2999999999997
-306.7999999999997
-309.2999999999997
-310.0
-308.6999999999998
-309.1999999999998
-236.69999999999982
-299.9000000000001
-300.0999999999999
-300.2999999999997
-235.5
-293.1999999999998
-291.2999999999997
-293.1999999999998
-291.2999999999997
-290.1999999999998
-291.0
-289.9000000000001
-290.6999999999998
-289.5999999999999
-288.4000000000001
-286.0999999999999
-210.5999999999999
-276.5999999999999
-274.0
-276.1999999999998
-203.69999999999982
-268.0
-263.5
-264.5999999999999
-264.9000000000001
-265.2999999999997
-263.7999999999997
-265.1999999999998
-263.7999999999997
-263.2999999999997
-261.7999999999997
-194.19999999999982
-252.9000000000001
-254.19999999999982
-251.69999999999982
-253.0
-191.5
-250.9000000000001
-251.9000000000001
-255.0
-253.4000000000001
-256.5999999999999
-256.0999999999999
-257.5
-258.0
-259.5
-188.0999999999999
-252.5
-253.0
-253.5
-188.0
-250.9000000000001
-252.69999999999982
-253.5999999999999
-258.5
-258.7999999999997
-261.0
-262.2999999999997
-262.5999999999999
-263.7999999999997
-262.0
-192.9000000000001
-255.79999999999973
-256.5999999999999
-255.4000000000001
-259.0
-195.9000000000001
-252.4000000000001
-255.0999999999999
-259.0
-256.1999999999998
-242.0
-256.2999999999997
-256.0999999999999
-256.7999999999997
-258.5
-258.2999999999997
-189.0
-254.69999999999982
-257.5999999999999
-257.6999999999998
-190.69999999999982
-254.9000000000001
-256.0999999999999
-191.29999999999973
-250.9000000000001
-253.0
-195.19999999999982
-250.5
-191.79999999999973
-247.0999999999999
-190.4000000000001
-241.9000000000001
-243.0
-192.0999999999999
-239.0
-240.0
-190.0
-236.89999999999986
-188.9000000000001
-235.0
-188.0999999999999
-185.39999999999986
-226.79999999999995
-226.70000000000005
-229.5
-231.5
-208.5999999999999
-232.29999999999995
-233.5
-236.70000000000005
-241.0999999999999
-163.79999999999995
-237.5999999999999
-240.39999999999986
-243.29999999999995
-171.29999999999995
-238.89999999999986
-241.79999999999995
-239.79999999999995
-243.39999999999986
-242.20000000000005
-210.69999999999982
-241.89999999999986
-241.4000000000001
-241.69999999999982
-243.9000000000001
-245.19999999999982
-190.5
-242.19999999999982
-241.5
-241.5999999999999
-240.5999999999999
-231.4000000000001
-243.19999999999982
-242.19999999999982
-242.0
-242.69999999999982
-172.4000000000001
-238.0
-240.79999999999973
-240.79999999999973
-172.69999999999982
-238.70000000000005
-239.9000000000001
-172.0999999999999
-239.39999999999986
-241.0
-244.5999999999999
-177.4000000000001
-241.29999999999995
-173.0999999999999
-233.89999999999986
-233.29999999999995
-170.5
-230.29999999999995
-170.5999999999999
-225.79999999999995
-168.0
-222.29999999999995
-168.5
-224.20000000000005
-167.89999999999986
-220.79999999999995
-167.39999999999986
-217.5
-221.0
-222.70000000000005
-222.39999999999986
-224.89999999999986
-226.5
-229.0999999999999
-231.79999999999995
-158.5999999999999
-228.89999999999986
-228.79999999999995
-231.5
-233.29999999999995
-234.0999999999999
-234.79999999999995
-237.39999999999986
-241.0999999999999
-215.0
-240.0999999999999
-243.79999999999995
-245.70000000000005
-246.5999999999999
-185.4000000000001
-242.89999999999986
-245.5999999999999
-247.4000000000001
-191.19999999999982
-244.20000000000005
-248.9000000000001
-251.9000000000001
-197.0
-248.4000000000001
-195.29999999999973
-245.69999999999982
-246.5
-195.19999999999982
-244.5999999999999
-195.29999999999973
-244.89999999999986
-247.79999999999973
-247.79999999999973
-251.5999999999999
-255.5999999999999
-258.7999999999997
-263.0999999999999
-175.5999999999999
-257.0999999999999
-257.4000000000001
-257.5
-259.4000000000001
-176.29999999999973
-250.69999999999982
-252.19999999999982
-254.69999999999982
-254.29999999999973
-253.69999999999982
-224.9000000000001
-257.0999999999999
-256.6999999999998
-260.0999999999999
-260.6999999999998
-261.1999999999998
-263.5999999999999
-266.0999999999999
-266.6999999999998
-268.1999999999998
-269.6999999999998
-274.1999999999998
-277.0
-279.9000000000001
-283.9000000000001
-286.0999999999999
-291.2999999999997
-293.7999999999997
-298.2999999999997
-301.0
-303.6999999999998
-309.4000000000001
-310.4000000000001
-252.19999999999982
-309.9000000000001
-311.6999999999998
-314.4000000000001
-315.0999999999999
-319.5999999999999
-319.2999999999997
-323.6999999999998
-327.2999999999997
-327.0
-244.4000000000001
-324.2999999999997
-324.7999999999997
-326.0999999999999
-246.29999999999973
-322.2999999999997
-323.5
-325.5999999999999
-326.6999999999998
-327.6999999999998
-328.5999999999999
-331.4000000000001
-332.2999999999997
-333.0999999999999
-333.7999999999997
-263.4000000000001
-325.7999999999997
-325.0
-325.0
-324.9000000000001
-255.69999999999982
-317.5
-317.0999999999999
-316.5999999999999
-318.0
-318.5
-322.0
-322.7999999999997
-323.5999999999999
-327.4000000000001
-243.5
-316.0999999999999
-318.6999999999998
-317.5
-242.0999999999999
-313.0999999999999
-311.9000000000001
-312.5
-315.0999999999999
-314.9000000000001
-314.5999999999999
-313.1999999999998
-314.5999999999999
-318.0999999999999
-317.9000000000001
-245.5999999999999
-312.0
-311.6999999999998
-311.2999999999997
-243.79999999999973
-309.5
-312.4000000000001
-310.5
-311.2999999999997
-311.0999999999999
-310.7999999999997
-311.4000000000001
-312.0
-313.5999999999999
-314.2999999999997
-240.0
-307.1999999999998
-307.7999999999997
-309.4000000000001
-238.0999999999999
-304.5999999999999
-304.4000000000001
-304.0999999999999
-302.6999999999998
-305.0999999999999
-304.6999999999998
-306.1999999999998
-308.7999999999997
-307.5999999999999
-232.19999999999982
-298.1999999999998
-297.5
-297.6999999999998
-228.9000000000001
-290.1999999999998
-290.2999999999997
-294.4000000000001
-295.9000000000001
-294.5
-294.9000000000001
-294.2999999999997
-292.5999999999999
-294.6999999999998
-221.0
-283.9000000000001
-282.7999999999997
-280.5999999999999
-213.19999999999982
-270.0999999999999
-270.4000000000001
-267.7999999999997
-268.0
-253.29999999999973
-264.1999999999998
-265.4000000000001
-260.7999999999997
-262.7999999999997
-263.0999999999999
-262.5
-189.9000000000001
-252.0999999999999
-253.29999999999973
-252.69999999999982
-253.0999999999999
-187.5999999999999
-251.5999999999999
-250.69999999999982
-186.69999999999982
-246.29999999999973
-247.5
-250.79999999999973
-253.4000000000001
-254.19999999999982
-255.0
-256.7999999999997
-258.6999999999998
-257.6999999999998
-189.5
-254.4000000000001
-257.4000000000001
-257.5999999999999
-192.69999999999982
-254.19999999999982
-257.4000000000001
-255.79999999999973
-257.9000000000001
-231.0999999999999
-258.5
-260.7999999999997
-260.1999999999998
-261.4000000000001
-191.5999999999999
-253.69999999999982
-253.5999999999999
-254.4000000000001
-255.19999999999982
-259.0
-262.0999999999999
-262.4000000000001
-263.5999999999999
-262.7999999999997
-194.79999999999973
-258.9000000000001
-261.0
-260.1999999999998
-189.19999999999982
-251.0
-250.5999999999999
-250.0999999999999
-249.5
-251.79999999999973
-245.29999999999973
-255.0999999999999
-257.9000000000001
-257.9000000000001
-260.7999999999997
-262.9000000000001
-263.0999999999999
-263.1999999999998
-267.1999999999998
-262.5
-188.19999999999982
-254.4000000000001
-255.9000000000001
-255.5
-258.0
-259.6999999999998
-261.5
-246.4000000000001
-262.6999999999998
-264.6999999999998
-266.7999999999997
-268.0
-201.19999999999982
-263.5999999999999
-265.7999999999997
-263.0999999999999
-202.0
-261.6999999999998
-264.9000000000001
-205.29999999999973
-263.5999999999999
-262.1999999999998
-207.5
-261.1999999999998
-206.69999999999982
-258.5999999999999
-260.0999999999999
-261.5999999999999
-261.0999999999999
-263.4000000000001
-263.7999999999997
-263.0999999999999
-264.1999999999998
-264.2999999999997
-267.2999999999997
-267.5
-192.5999999999999
-263.0999999999999
-264.2999999999997
-268.5
-196.0
-258.0999999999999
-260.0
-261.0
-259.0
-260.6999999999998
-235.5
-261.6999999999998
-263.6999999999998
-265.7999999999997
-268.0
-271.2999999999997
-273.7999999999997
-209.4000000000001
-271.4000000000001
-273.0999999999999
-272.7999999999997
-271.2999999999997
-211.5
-267.5999999999999
-265.7999999999997
-212.69999999999982
-260.1999999999998
-260.9000000000001
-210.5999999999999
-255.19999999999982
-207.69999999999982
-253.4000000000001
-252.0999999999999
-203.5999999999999
-247.19999999999982
-202.5999999999999
-244.5
-203.0
-244.29999999999973
-203.0999999999999
-239.69999999999982
-197.29999999999973
-238.5999999999999
-198.4000000000001
-240.0999999999999
-240.29999999999973
-240.4000000000001
-241.4000000000001
-246.4000000000001
-246.79999999999973
-249.0999999999999
-252.5
-256.0999999999999
-173.9000000000001
-250.29999999999973
-252.0
-251.69999999999982
-174.19999999999982
-246.79999999999973
-247.29999999999973
-247.69999999999982
-249.0
-250.29999999999973
-252.5999999999999
-256.0
-257.5999999999999
-260.1999999999998
-259.9000000000001
-203.4000000000001
-257.0999999999999
-258.5999999999999
-260.0999999999999
-259.5999999999999
-261.9000000000001
-266.2999999999997
-271.0
-270.0
-270.6999999999998
-271.2999999999997
-269.7999999999997
-190.0
-263.0999999999999
-262.1999999999998
-261.0999999999999
-261.7999999999997
-188.5
-255.79999999999973
-259.5
-258.5
-260.2999999999997
-262.1999999999998
-263.1999999999998
-263.1999999999998
-263.0999999999999
-262.9000000000001
-206.5999999999999
-259.5999999999999
-259.4000000000001
-262.0999999999999
-207.0
-257.2999999999997
-258.0999999999999
-257.9000000000001
-257.5999999999999
-260.1999999999998
-262.0
-264.9000000000001
-266.0
-269.0999999999999
-195.4000000000001
-261.1999999999998
-266.1999999999998
-266.5999999999999
-191.9000000000001
-261.5999999999999
-263.9000000000001
-265.2999999999997
-267.6999999999998
-267.1999999999998
-267.5
-270.6999999999998
-273.0999999999999
-271.5999999999999
-208.79999999999973
-269.5999999999999
-266.0
-267.9000000000001
-206.9000000000001
-262.6999999999998
-263.5999999999999
-263.5
-263.2999999999997
-264.0
-264.6999999999998
-266.4000000000001
-266.1999999999998
-267.9000000000001
-265.6999999999998
-193.19999999999982
-258.4000000000001
-262.7999999999997
-263.5999999999999
-197.4000000000001
-257.5
-257.1999999999998
-257.7999999999997
-262.4000000000001
-263.4000000000001
-264.4000000000001
-266.4000000000001
-267.5
-268.5999999999999
-194.69999999999982
-260.2999999999997
-259.0999999999999
-258.6999999999998
-191.19999999999982
-253.9000000000001
-253.5
-255.0
-253.5999999999999
-243.0
-256.2999999999997
-256.0
-255.5999999999999
-258.0999999999999
-261.7999999999997
-194.79999999999973
-255.0
-255.79999999999973
-255.5999999999999
-187.29999999999973
-252.0999999999999
-254.0
-187.0
-247.19999999999982
-249.0
-189.9000000000001
-247.79999999999973
-250.0
-248.29999999999973
-251.29999999999973
-250.5
-234.5
-251.79999999999973
-250.9000000000001
-254.79999999999973
-254.0
-255.0
-256.0
-185.0
-248.79999999999973
-249.5999999999999
-251.4000000000001
-187.29999999999973
-248.69999999999982
-249.79999999999973
-250.9000000000001
-252.0
-251.0999999999999
-255.0
-255.19999999999982
-257.2999999999997
-260.5
-260.9000000000001
-263.1999999999998
-196.5999999999999
-259.1999999999998
-259.5999999999999
-260.9000000000001
-200.19999999999982
-256.2999999999997
-258.5
-260.7999999999997
-261.1999999999998
-259.5
-259.5
-261.4000000000001
-264.4000000000001
-263.5999999999999
-192.5999999999999
-258.4000000000001
-259.4000000000001
-260.4000000000001
-193.4000000000001
-258.5999999999999
-257.9000000000001
-259.0
-264.0999999999999
-264.5999999999999
-264.0
-264.1999999999998
-269.2999999999997
-271.7999999999997
-268.4000000000001
-205.5
-269.1999999999998
-270.7999999999997
-273.4000000000001
-273.0999999999999
-210.5999999999999
-270.6999999999998
-270.2999999999997
-271.6999999999998
-274.0999999999999
-253.5999999999999
-268.9000000000001
-269.7999999999997
-269.6999999999998
-262.5
-276.5
-275.9000000000001
-272.0999999999999
-278.7999999999997
-282.0999999999999
-285.5999999999999
-288.2999999999997
-291.0999999999999
-295.0
-293.0999999999999
-221.79999999999973
-289.1999999999998
-289.9000000000001
-293.5
-295.2999999999997
-225.0999999999999
-288.6999999999998
-292.1999999999998
-221.9000000000001
-288.4000000000001
-291.0999999999999
-295.9000000000001
-296.0
-296.9000000000001
-299.6999999999998
-300.5999999999999
-303.4000000000001
-306.2999999999997
-308.2999999999997
-236.29999999999973
-303.9000000000001
-306.7999999999997
-308.7999999999997
-238.79999999999973
-304.5999999999999
-307.5
-307.5
-308.2999999999997
-308.0
-309.5
-309.0
-311.2999999999997
-311.6999999999998
-240.0
-302.0
-302.7999999999997
-301.5999999999999
-240.19999999999982
-295.5999999999999
-299.0999999999999
-297.9000000000001
-299.5
-299.1999999999998
-284.7999999999997
-299.9000000000001
-297.5999999999999
-299.0
-303.5
-303.4000000000001
-305.1999999999998
-305.0999999999999
-232.9000000000001
-297.4000000000001
-300.0
-299.7999999999997
-232.5
-296.4000000000001
-295.2999999999997
-225.0
-290.5999999999999
-289.4000000000001
-219.0
-282.5
-284.0
-219.5999999999999
-277.6999999999998
-213.19999999999982
-275.1999999999998
-211.0
-272.2999999999997
-274.2999999999997
-213.4000000000001
-271.2999999999997
-208.5
-270.2999999999997
-209.79999999999973
-268.0999999999999
-268.6999999999998
-272.1999999999998
-272.9000000000001
-274.5
-275.0999999999999
-276.5999999999999
-279.0999999999999
-277.6999999999998
-280.0
-198.4000000000001
-274.5
-274.9000000000001
-276.1999999999998
-196.5
-269.6999999999998
-269.9000000000001
-272.0
-274.1999999999998
-276.5
-275.9000000000001
-278.0999999999999
-279.4000000000001
-280.6999999999998
-213.0
-276.4000000000001
-276.6999999999998
-277.9000000000001
-278.0999999999999
-280.1999999999998
-278.4000000000001
-280.2999999999997
-285.2999999999997
-286.6999999999998
-287.0999999999999
-285.4000000000001
-211.4000000000001
-278.9000000000001
-279.7999999999997
-282.6999999999998
-205.79999999999973
-274.0999999999999
-272.9000000000001
-274.5
-275.1999999999998
-274.9000000000001
-264.5
-276.0
-274.6999999999998
-274.1999999999998
-276.5999999999999
-277.1999999999998
-279.7999999999997
-281.5999999999999
-283.5
-284.5
-284.5
-287.4000000000001
-221.5
-281.9000000000001
-284.9000000000001
-286.0999999999999
-222.29999999999973
-282.0
-287.1999999999998
-289.7999999999997
-290.5
-293.0999999999999
-295.7999999999997
-300.5999999999999
-305.6999999999998
-308.0999999999999
-309.5
-228.79999999999973
-304.7999999999997
-306.0
-309.0999999999999
-230.29999999999973
-301.4000000000001
-304.1999999999998
-305.0999999999999
-304.9000000000001
-307.5
-307.1999999999998
-310.6999999999998
-311.4000000000001
-311.0
-245.4000000000001
-304.0999999999999
-305.1999999999998
-303.2999999999997
-239.0999999999999
-297.4000000000001
-295.0999999999999
-295.5
-297.9000000000001
-300.5
-300.2999999999997
-302.0
-301.7999999999997
-300.5
-301.0
-228.5
-296.6999999999998
-296.4000000000001
-224.0
-289.2999999999997
-290.7999999999997
-291.4000000000001
-294.0
-291.7999999999997
-291.2999999999997
-277.6999999999998
-290.6999999999998
-292.0999999999999
-290.5999999999999
-289.9000000000001
-293.0999999999999
-293.5999999999999
-295.0999999999999
-295.6999999999998
-298.2999999999997
-300.0999999999999
-302.0
-229.0
-297.5999999999999
-299.6999999999998
-298.9000000000001
-228.9000000000001
-292.7999999999997
-295.6999999999998
-227.79999999999973
-287.0
-288.6999999999998
-222.5
-287.5999999999999
-218.79999999999973
-283.0
-283.1999999999998
-218.29999999999973
-278.7999999999997
-281.9000000000001
-284.1999999999998
-286.5999999999999
-290.0999999999999
-290.7999999999997
-292.4000000000001
-295.0
-298.6999999999998
-303.5999999999999
-219.79999999999973
-295.4000000000001
-294.1999999999998
-217.69999999999982
-288.4000000000001
-287.7999999999997
-290.0
-289.2999999999997
-291.4000000000001
-291.5999999999999
-291.6999999999998
-291.6999999999998
-292.5999999999999
-293.5
-228.4000000000001
-285.6999999999998
-285.2999999999997
-284.7999999999997
-225.19999999999982
-276.5999999999999
-275.6999999999998
-272.6999999999998
-274.4000000000001
-274.2999999999997
-276.1999999999998
-275.2999999999997
-276.2999999999997
-273.4000000000001
-204.19999999999982
-269.0999999999999
-268.1999999999998
-268.1999999999998
-198.19999999999982
-262.1999999999998
-261.2999999999997
-265.2999999999997
-266.6999999999998
-266.1999999999998
-266.5999999999999
-268.0
-270.5
-274.1999999999998
-273.1999999999998
-209.0
-267.2999999999997
-266.0
-267.5
-209.0999999999999
-263.7999999999997
-265.5
-265.2999999999997
-267.0
-266.7999999999997
-269.5
-272.4000000000001
-274.5
-273.6999999999998
-199.69999999999982
-267.1999999999998
-267.0999999999999
-268.9000000000001
-201.79999999999973
-264.9000000000001
-267.9000000000001
-270.0999999999999
-270.4000000000001
-273.5999999999999
-271.0
-273.0
-275.0999999999999
-275.2999999999997
-207.4000000000001
-268.5999999999999
-264.5
-264.9000000000001
-204.29999999999973
-258.5999999999999
-255.9000000000001
-256.9000000000001
-258.0
-259.1999999999998
-259.5
-259.7999999999997
-261.0999999999999
-256.5
-183.4000000000001
-251.0
-248.0999999999999
-247.9000000000001
-182.69999999999982
-244.0
-243.0999999999999
-243.0999999999999
-242.0999999999999
-243.0
-243.0
-248.0
-246.5
-246.79999999999973
-176.0999999999999
-239.29999999999973
-239.5
-241.69999999999982
-176.0999999999999
-232.9000000000001
-237.0
-236.5
-237.9000000000001
-238.4000000000001
-240.9000000000001
-242.5999999999999
-243.4000000000001
-247.19999999999982
-180.29999999999973
-236.5999999999999
-237.0999999999999
-238.5999999999999
-177.19999999999982
-231.5999999999999
-233.0
-233.5
-237.0
-237.79999999999973
-241.5999999999999
-239.69999999999982
-243.5
-244.5999999999999
-179.69999999999982
-237.19999999999982
-236.0
-238.5999999999999
-177.4000000000001
-237.0
-235.0999999999999
-238.9000000000001
-237.0
-238.79999999999973
-241.69999999999982
-242.79999999999973
-244.9000000000001
-247.0999999999999
-179.4000000000001
-238.79999999999973
-239.69999999999982
-242.5999999999999
-177.69999999999982
-239.20000000000005
-238.4000000000001
-241.4000000000001
-239.5999999999999
-243.5
-244.69999999999982
-246.9000000000001
-247.19999999999982
-246.4000000000001
-182.4000000000001
-242.9000000000001
-245.0
-245.19999999999982
-180.29999999999973
-239.79999999999973
-239.79999999999973
-241.69999999999982
-242.69999999999982
-241.69999999999982
-246.5
-245.69999999999982
-247.69999999999982
-247.79999999999973
-180.79999999999973
-242.0
-242.9000000000001
-245.79999999999973
-183.9000000000001
-239.69999999999982
-239.5999999999999
-240.4000000000001
-244.19999999999982
-248.29999999999973
-246.69999999999982
-247.79999999999973
-248.9000000000001
-251.0
-185.19999999999982
-243.69999999999982
-245.5999999999999
-244.5999999999999
-182.4000000000001
-239.9000000000001
-240.69999999999982
-242.5
-244.4000000000001
-244.4000000000001
-247.29999999999973
-248.4000000000001
-250.5
-248.69999999999982
-183.5999999999999
-244.9000000000001
-243.9000000000001
-245.69999999999982
-181.5999999999999
-240.0
-241.79999999999973
-243.69999999999982
-243.69999999999982
-244.5999999999999
-245.5
-248.4000000000001
-248.5
-250.5
-186.5999999999999
-242.19999999999982
-243.9000000000001
-245.69999999999982
-184.5999999999999
-242.29999999999973
-243.29999999999973
-244.29999999999973
-245.29999999999973
-246.29999999999973
-245.29999999999973
-249.0999999999999
-249.19999999999982
-252.19999999999982
-185.4000000000001
-243.79999999999973
-244.5999999999999
-248.4000000000001
-185.5
-243.19999999999982
-244.19999999999982
-242.19999999999982
-245.9000000000001
-244.9000000000001
-246.69999999999982
-248.5999999999999
-249.5999999999999
-251.5999999999999
-186.69999999999982
-245.19999999999982
-246.0999999999999
-187.0
-239.9000000000001
-239.5999999999999
-244.19999999999982
-240.19999999999982
-243.69999999999982
-241.5
-246.0
-245.9000000000001
-245.69999999999982
-247.4000000000001
-179.19999999999982
-244.0999999999999
-243.0999999999999
-243.9000000000001
-243.69999999999982
-244.4000000000001
-246.0999999999999
-245.9000000000001
-247.5999999999999
-247.4000000000001
-248.0999999999999
-252.79999999999973
-252.9000000000001
-255.9000000000001
-190.0999999999999
-247.5999999999999
-248.4000000000001
-249.19999999999982
-185.0
-244.29999999999973
-245.0999999999999
-246.9000000000001
-249.79999999999973
-250.9000000000001
-254.0
-251.29999999999973
-254.19999999999982
-184.29999999999973
-248.29999999999973
-250.29999999999973
-250.4000000000001
-253.4000000000001
-183.5999999999999
-245.69999999999982
-246.5999999999999
-247.5
-250.4000000000001
-250.5
-252.5
-254.5999999999999
-256.7999999999997
-258.0999999999999
-259.4000000000001
-191.69999999999982
-252.0999999999999
-255.0999999999999
-258.2999999999997
-193.69999999999982
-250.5
-252.5
-252.5999999999999
-255.5999999999999
-254.79999999999973
-255.79999999999973
-258.7999999999997
-257.0
-258.9000000000001
-187.9000000000001
-252.69999999999982
-254.5999999999999
-254.5999999999999
-187.5
-250.5999999999999
-249.5999999999999
-249.4000000000001
-251.0999999999999
-251.9000000000001
-252.69999999999982
-254.5
-254.4000000000001
-256.1999999999998
-259.0999999999999
-193.19999999999982
-253.5999999999999
-256.5999999999999
-252.79999999999973
-188.5
-248.69999999999982
-249.5
-253.29999999999973
-253.4000000000001
-253.4000000000001
-256.2999999999997
-256.4000000000001
-257.4000000000001
-256.4000000000001
-185.19999999999982
-250.79999999999973
-253.5999999999999
-249.5999999999999
-185.0999999999999
-247.0999999999999
-244.9000000000001
-247.4000000000001
-246.0999999999999
-249.5999999999999
-252.4000000000001
-251.4000000000001
-254.19999999999982
-256.1999999999998
-257.2999999999997
-185.4000000000001
-250.19999999999982
-249.0999999999999
-250.79999999999973
-185.5999999999999
-245.79999999999973
-247.5999999999999
-247.5
-247.29999999999973
-249.0
-247.79999999999973
-251.4000000000001
-252.29999999999973
-253.19999999999982
-186.0999999999999
-249.19999999999982
-252.19999999999982
-247.4000000000001
-177.0
-240.5
-242.0
-242.5999999999999
-244.19999999999982
-242.9000000000001
-248.4000000000001
-249.4000000000001
-252.4000000000001
-251.5999999999999
-184.5999999999999
-246.79999999999973
-245.79999999999973
-247.5999999999999
-182.5
-241.79999999999973
-242.5999999999999
-242.4000000000001
-245.0999999999999
-245.0
-247.79999999999973
-247.79999999999973
-249.69999999999982
-250.69999999999982
-181.69999999999982
-245.69999999999982
-243.69999999999982
-243.4000000000001
-177.0
-240.9000000000001
-241.79999999999973
-243.69999999999982
-241.69999999999982
-242.4000000000001
-244.0999999999999
-244.9000000000001
-245.69999999999982
-248.5
-182.5
-243.79999999999973
-241.79999999999973
-244.5
-181.4000000000001
-237.9000000000001
-241.5999999999999
-242.5999999999999
-243.5999999999999
-242.5999999999999
-245.4000000000001
-246.4000000000001
-245.4000000000001
-249.19999999999982
-180.29999999999973
-240.4000000000001
-242.0999999999999
-242.9000000000001
-180.69999999999982
-236.19999999999982
-236.79999999999973
-240.4000000000001
-239.29999999999973
-242.0
-244.9000000000001
-245.0
-246.0
-250.0
-184.29999999999973
-242.9000000000001
-245.9000000000001
-244.0999999999999
-185.0
-239.9000000000001
-241.79999999999973
-243.79999999999973
-244.9000000000001
-247.0
-246.19999999999982
-247.19999999999982
-251.19999999999982
-251.5
-188.69999999999982
-246.5
-249.5999999999999
-248.9000000000001
-184.0
-243.5
-245.5
-246.5999999999999
-246.69999999999982
-247.69999999999982
-248.69999999999982
-250.69999999999982
-253.79999999999973
-254.0999999999999
-191.29999999999973
-249.0999999999999
-249.19999999999982
-250.19999999999982
-185.19999999999982
-249.5999999999999
-250.0
-249.29999999999973
-249.4000000000001
-249.4000000000001
-253.29999999999973
-253.5
-254.5999999999999
-254.69999999999982
-189.69999999999982
-251.0999999999999
-252.19999999999982
-253.29999999999973
-189.4000000000001
-247.0
-250.9000000000001
-252.0999999999999
-252.29999999999973
-251.4000000000001
-250.29999999999973
-253.0
-252.9000000000001
-254.69999999999982
-191.5999999999999
-252.0999999999999
-252.19999999999982
-250.19999999999982
-187.9000000000001
-246.29999999999973
-249.0999999999999
-250.0999999999999
-247.0999999999999
-246.69999999999982
-248.19999999999982
-253.79999999999973
-253.9000000000001
-256.9000000000001
-191.0999999999999
-249.5999999999999
-250.5
-248.4000000000001
-187.0
-244.4000000000001
-247.0999999999999
-250.0
-250.0999999999999
-248.0999999999999
-249.79999999999973
-251.5999999999999
-252.5
-257.4000000000001
-190.69999999999982
-252.19999999999982
-253.4000000000001
-252.5999999999999
-253.5999999999999
-253.5999999999999
-257.5
-257.6999999999998
-257.7999999999997
-258.7999999999997
-258.7999999999997
-261.6999999999998
-260.7999999999997
-262.6999999999998
-199.69999999999982
-256.2999999999997
-258.0999999999999
-259.0
-194.9000000000001
-255.29999999999973
-255.29999999999973
-258.1999999999998
-258.2999999999997
-255.29999999999973
-258.9000000000001
-260.7999999999997
-262.7999999999997
-191.9000000000001
-256.7999999999997
-255.79999999999973
-255.5999999999999
-256.2999999999997
-189.0
-251.9000000000001
-253.69999999999982
-255.5999999999999
-255.5999999999999
-254.5
-255.19999999999982
-257.9000000000001
-258.7999999999997
-259.6999999999998
-260.5999999999999
-191.5
-254.4000000000001
-256.1999999999998
-253.0999999999999
-188.5999999999999
-249.5999999999999
-252.29999999999973
-253.19999999999982
-255.0999999999999
-255.0999999999999
-259.0
-258.1999999999998
-262.1999999999998
-259.5
-189.4000000000001
-253.19999999999982
-253.0
-252.69999999999982
-184.29999999999973
-249.0
-250.79999999999973
-249.69999999999982
-248.4000000000001
-251.9000000000001
-251.69999999999982
-252.4000000000001
-254.0999999999999
-255.9000000000001
-256.7999999999997
-186.69999999999982
-247.5
-249.0
-250.5999999999999
-183.29999999999973
-247.19999999999982
-244.0999999999999
-245.5999999999999
-248.19999999999982
-251.0
-252.0
-252.0
-253.9000000000001
-252.9000000000001
-180.69999999999982
-247.19999999999982
-248.0
-250.79999999999973
-181.79999999999973
-245.79999999999973
-243.79999999999973
-243.5
-243.0999999999999
-245.5999999999999
-248.29999999999973
-251.19999999999982
-252.29999999999973
-250.4000000000001
-186.19999999999982
-244.5
-246.19999999999982
-246.0
-185.69999999999982
-244.29999999999973
-244.29999999999973
-245.19999999999982
-247.0999999999999
-247.0999999999999
-249.0
-249.0
-253.9000000000001
-253.19999999999982
-183.29999999999973
-246.29999999999973
-246.19999999999982
-248.0
-180.9000000000001
-245.0
-242.0999999999999
-241.79999999999973
-244.4000000000001
-243.19999999999982
-247.79999999999973
-249.79999999999973
-249.9000000000001
-249.9000000000001
-180.79999999999973
-241.69999999999982
-242.29999999999973
-242.9000000000001
-177.5
-236.5
-237.0
-236.5
-237.9000000000001
-240.4000000000001
-243.0999999999999
-244.0
-243.9000000000001
-247.69999999999982
-178.79999999999973
-241.9000000000001
-241.9000000000001
-242.79999999999973
-179.69999999999982
-238.19999999999982
-239.0999999999999
-234.0
-234.29999999999973
-239.5999999999999
-238.4000000000001
-240.0
-242.69999999999982
-244.5999999999999
-177.5999999999999
-237.79999999999973
-238.5999999999999
-238.4000000000001
-174.0999999999999
-233.29999999999995
-236.0
-234.9000000000001
-236.5999999999999
-239.4000000000001
-236.4000000000001
-241.0
-243.0
-243.0999999999999
-179.0999999999999
-236.5999999999999
-237.4000000000001
-241.19999999999982
-178.29999999999973
-235.0
-236.89999999999986
-236.9000000000001
-238.79999999999973
-239.79999999999973
-242.79999999999973
-242.0
-242.0
-245.9000000000001
-179.0999999999999
-237.5
-240.29999999999973
-241.29999999999973
-177.29999999999973
-233.79999999999995
-237.5
-237.5
-237.4000000000001
-240.19999999999982
-239.19999999999982
-242.0
-242.0
-240.9000000000001
-174.5999999999999
-236.5999999999999
-236.4000000000001
-239.0999999999999
-173.0
-231.20000000000005
-233.79999999999995
-233.5999999999999
-233.29999999999995
-235.9000000000001
-235.69999999999982
-237.4000000000001
-240.19999999999982
-241.19999999999982
-174.19999999999982
-233.39999999999986
-235.0999999999999
-234.9000000000001
-172.5999999999999
-231.0
-230.79999999999995
-233.5
-234.39999999999986
-235.29999999999995
-237.20000000000005
-241.19999999999982
-242.5
-240.79999999999973
-177.79999999999973
-239.39999999999986
-241.69999999999982
-241.0999999999999
-175.29999999999973
-232.79999999999995
-235.5999999999999
-238.5999999999999
-237.79999999999973
-240.79999999999973
-241.0
-243.0999999999999
-243.29999999999973
-242.4000000000001
-178.29999999999973
-235.69999999999982
-236.4000000000001
-235.0999999999999
-170.5999999999999
-230.5999999999999
-235.20000000000005
-236.20000000000005
-237.20000000000005
-239.19999999999982
-239.29999999999973
-238.29999999999973
-242.0999999999999
-241.19999999999982
-174.0999999999999
-233.20000000000005
-234.79999999999973
-236.5
-175.29999999999973
-232.89999999999986
-232.79999999999995
-233.5999999999999
-233.39999999999986
-234.0999999999999
-236.79999999999973
-238.69999999999982
-243.69999999999982
-243.0999999999999
-179.29999999999973
-239.0
-238.19999999999982
-240.19999999999982
-179.29999999999973
-234.20000000000005
-235.0999999999999
-236.0
-239.9000000000001
-237.0999999999999
-240.9000000000001
-243.0
-242.19999999999982
-242.19999999999982
-179.0999999999999
-236.5999999999999
-237.4000000000001
-239.19999999999982
-173.0999999999999
-231.29999999999995
-233.89999999999986
-234.70000000000005
-234.5
-237.19999999999982
-237.0999999999999
-237.9000000000001
-240.69999999999982
-239.69999999999982
-175.5
-234.79999999999995
-234.5999999999999
-234.29999999999973
-173.9000000000001
-229.39999999999986
-232.0
-233.79999999999995
-236.70000000000005
-237.79999999999995
-239.9000000000001
-239.0999999999999
-242.0999999999999
-242.29999999999973
-179.4000000000001
-236.0999999999999
-236.0
-236.79999999999973
-177.5999999999999
-236.39999999999986
-234.5999999999999
-235.5
-236.39999999999986
-236.29999999999973
-240.0999999999999
-240.19999999999982
-241.19999999999982
-238.19999999999982
-171.79999999999973
-233.70000000000005
-234.39999999999986
-233.0999999999999
-167.5999999999999
-228.5
-231.0999999999999
-233.89999999999986
-235.89999999999986
-234.0
-236.79999999999995
-237.79999999999973
-239.79999999999973
-239.9000000000001
-175.9000000000001
-237.39999999999986
-238.5999999999999
-238.79999999999973
-172.9000000000001
-234.29999999999995
-236.39999999999986
-237.5999999999999
-236.79999999999995
-235.79999999999973
-239.5999999999999
-244.69999999999982
-246.19999999999982
-246.69999999999982
-179.0999999999999
-241.5999999999999
-240.9000000000001
-242.0
-244.0999999999999
-245.29999999999973
-246.5
-248.69999999999982
-251.0
-253.4000000000001
-252.9000000000001
-254.19999999999982
-256.5
-256.9000000000001
-192.19999999999982
-249.9000000000001
-248.9000000000001
-251.69999999999982
-192.69999999999982
-247.69999999999982
-248.69999999999982
-250.69999999999982
-251.79999999999973
-253.9000000000001
-253.0999999999999
-256.0999999999999
-256.2999999999997
-182.4000000000001
-249.0
-250.9000000000001
-251.9000000000001
-251.9000000000001
-183.79999999999973
-245.79999999999973
-250.5999999999999
-251.79999999999973
-250.0
-252.9000000000001
-253.0
-253.0
-256.9000000000001
-259.0999999999999
-258.4000000000001
-194.5
-255.0999999999999
-256.2999999999997
-259.5
-194.9000000000001
-254.69999999999982
-255.0
-255.19999999999982
-256.2999999999997
-256.4000000000001
-258.4000000000001
-258.5
-260.5
-262.5999999999999
-188.79999999999973
-254.5
-258.4000000000001
-258.5999999999999
-261.6999999999998
-191.0
-255.0999999999999
-255.19999999999982
-255.19999999999982
-254.0999999999999
-255.79999999999973
-254.5999999999999
-259.1999999999998
-259.1999999999998
-259.0999999999999
-192.9000000000001
-255.0
-254.9000000000001
-256.6999999999998
-193.5999999999999
-253.0999999999999
-254.0999999999999
-253.0999999999999
-257.9000000000001
-259.0999999999999
-259.2999999999997
-260.4000000000001
-259.5
-260.4000000000001
-189.29999999999973
-253.0
-252.69999999999982
-255.29999999999973
-190.0999999999999
-249.29999999999973
-253.0
-252.0
-251.79999999999973
-253.5
-253.29999999999973
-255.0
-256.7999999999997
-255.69999999999982
-188.4000000000001
-251.29999999999973
-253.0999999999999
-252.0
-187.69999999999982
-246.9000000000001
-249.5999999999999
-250.5
-250.4000000000001
-250.19999999999982
-253.9000000000001
-254.9000000000001
-255.9000000000001
-255.9000000000001
-186.79999999999973
-252.69999999999982
-251.79999999999973
-248.69999999999982
-185.19999999999982
-248.29999999999973
-246.29999999999973
-246.0
-247.5999999999999
-248.29999999999973
-250.0
-251.79999999999973
-251.69999999999982
-251.5
-187.19999999999982
-246.4000000000001
-247.0999999999999
-246.79999999999973
-247.4000000000001
-250.0
-250.79999999999973
-251.5999999999999
-252.4000000000001
-252.19999999999982
-252.9000000000001
-255.5999999999999
-255.5
-255.29999999999973
-192.0
-250.29999999999973
-252.0
-252.79999999999973
-186.5999999999999
-243.69999999999982
-245.0999999999999
-246.5999999999999
-247.19999999999982
-250.79999999999973
-252.69999999999982
-253.69999999999982
-256.6999999999998
-257.9000000000001
-187.0999999999999
-253.0999999999999
-254.29999999999973
-254.5
-185.5999999999999
-247.69999999999982
-250.5999999999999
-250.69999999999982
-253.69999999999982
-253.9000000000001
-258.0
-258.4000000000001
-258.6999999999998
-260.9000000000001
-262.1999999999998
-198.5
-256.2999999999997
-254.4000000000001
-259.1999999999998
-190.4000000000001
-252.5999999999999
-255.5999999999999
-255.79999999999973
-257.9000000000001
-255.0999999999999
-257.9000000000001
-257.9000000000001
-259.7999999999997
-260.7999999999997
-190.79999999999973
-257.6999999999998
-256.9000000000001
-256.9000000000001
-184.79999999999973
-249.4000000000001
-251.0999999999999
-249.9000000000001
-254.5
-254.5
-256.4000000000001
-256.4000000000001
-255.29999999999973
-255.0
-258.5999999999999
-192.5
-253.69999999999982
-253.5999999999999
-256.4000000000001
-192.4000000000001
-249.9000000000001
-250.69999999999982
-251.5
-253.29999999999973
-254.19999999999982
-254.0999999999999
-256.9000000000001
-257.9000000000001
-259.9000000000001
-191.0
-254.0999999999999
-255.0999999999999
-257.0999999999999
-189.19999999999982
-251.4000000000001
-251.4000000000001
-251.29999999999973
-251.0999999999999
-254.79999999999973
-252.79999999999973
-257.5
-261.5999999999999
-260.0
-194.0999999999999
-255.5
-255.5999999999999
-254.5999999999999
-255.4000000000001
-257.1999999999998
-257.0999999999999
-256.9000000000001
-261.5999999999999
-262.6999999999998
-262.7999999999997
-264.7999999999997
-265.9000000000001
-267.0
-195.0999999999999
-259.9000000000001
-258.7999999999997
-261.5
-199.4000000000001
-257.0
-255.9000000000001
-258.5999999999999
-261.5
-260.5999999999999
-260.5
-261.2999999999997
-264.0999999999999
-263.0999999999999
-195.9000000000001
-259.9000000000001
-259.9000000000001
-259.7999999999997
-189.5999999999999
-253.29999999999973
-252.0
-251.5
-252.9000000000001
-254.4000000000001
-255.0
-256.5999999999999
-259.2999999999997
-259.1999999999998
-259.0
-191.69999999999982
-253.5999999999999
-257.2999999999997
-256.2999999999997
-257.0999999999999
-256.9000000000001
-254.5999999999999
-257.0
-258.5999999999999
-260.2999999999997
-261.0999999999999
-263.9000000000001
-265.9000000000001
-266.0
-199.0
-262.1999999999998
-263.2999999999997
-264.4000000000001
-197.5
-257.7999999999997
-259.6999999999998
-260.6999999999998
-256.6999999999998
-259.1999999999998
-262.9000000000001
-265.9000000000001
-268.0999999999999
-270.4000000000001
-196.79999999999973
-262.6999999999998
-264.7999999999997
-268.0
-197.4000000000001
-257.5999999999999
-260.4000000000001
-261.4000000000001
-263.4000000000001
-261.5
-265.2999999999997
-266.4000000000001
-270.5
-271.9000000000001
-273.2999999999997
-273.6999999999998
-204.0
-268.1999999999998
-269.4000000000001
-265.5999999999999
-265.2999999999997
-202.9000000000001
-262.1999999999998
-263.0
-264.7999999999997
-265.6999999999998
-266.5999999999999
-267.5
-270.4000000000001
-271.5
-270.5999999999999
-200.5
-266.2999999999997
-265.2999999999997
-265.0999999999999
-265.7999999999997
-201.5
-262.6999999999998
-261.5999999999999
-265.2999999999997
-266.2999999999997
-269.2999999999997
-272.5
-273.9000000000001
-275.2999999999997
-276.6999999999998
-204.0999999999999
-269.0999999999999
-268.1999999999998
-269.0999999999999
-201.0
-264.0
-264.9000000000001
-265.7999999999997
-266.6999999999998
-266.5999999999999
-270.4000000000001
-267.5
-270.1999999999998
-272.0999999999999
-202.0999999999999
-266.0
-265.9000000000001
-263.6999999999998
-263.1999999999998
-195.5999999999999
-258.1999999999998
-259.6999999999998
-259.2999999999997
-260.7999999999997
-262.4000000000001
-263.0999999999999
-265.7999999999997
-265.6999999999998
-264.5
-191.0999999999999
-258.2999999999997
-259.9000000000001
-258.5999999999999
-190.0999999999999
-253.69999999999982
-255.29999999999973
-254.0
-257.5
-258.2999999999997
-261.0999999999999
-260.0999999999999
-260.9000000000001
-261.6999999999998
-191.5
-256.1999999999998
-255.0
-252.5999999999999
-185.9000000000001
-248.5
-252.0
-249.79999999999973
-251.29999999999973
-251.9000000000001
-254.5
-256.2999999999997
-259.1999999999998
-257.2999999999997
-182.0999999999999
-252.29999999999973
-250.19999999999982
-248.79999999999973
-178.19999999999982
-239.5
-239.5999999999999
-240.69999999999982
-242.9000000000001
-242.29999999999973
-244.5999999999999
-245.0999999999999
-248.5999999999999
-250.4000000000001
-184.29999999999973
-242.5
-244.0999999999999
-243.79999999999973
-177.4000000000001
-237.29999999999973
-238.79999999999973
-237.4000000000001
-237.79999999999973
-240.19999999999982
-242.79999999999973
-243.5999999999999
-246.4000000000001
-245.4000000000001
-176.19999999999982
-241.0
-241.9000000000001
-242.79999999999973
-174.69999999999982
-234.69999999999982
-234.29999999999973
-235.79999999999973
-237.4000000000001
-239.0999999999999
-237.9000000000001
-239.5
-243.19999999999982
-244.19999999999982
-180.19999999999982
-237.69999999999982
-237.5
-239.19999999999982
-174.0
-231.20000000000005
-230.70000000000005
-232.0999999999999
-235.5999999999999
-237.4000000000001
-236.29999999999973
-239.0
-241.9000000000001
-243.0
-176.0999999999999
-236.39999999999986
-238.29999999999973
-239.29999999999973
-175.29999999999973
-233.79999999999995
-233.70000000000005
-236.5
-235.5
-238.29999999999973
-239.29999999999973
-241.29999999999973
-243.4000000000001
-241.5999999999999
-177.5
-236.9000000000001
-238.79999999999973
-237.79999999999973
-177.5999999999999
-236.29999999999995
-235.39999999999986
-237.29999999999995
-238.29999999999973
-241.29999999999973
-241.5
-244.5999999999999
-243.9000000000001
-246.0
-181.19999999999982
-240.79999999999973
-242.9000000000001
-242.0999999999999
-180.0999999999999
-239.79999999999973
-241.0
-239.19999999999982
-238.0999999999999
-238.79999999999973
-241.5
-245.4000000000001
-245.5999999999999
-246.69999999999982
-181.79999999999973
-241.29999999999973
-244.29999999999973
-242.5
-183.4000000000001
-239.29999999999973
-241.29999999999973
-244.4000000000001
-246.69999999999982
-246.0999999999999
-246.29999999999973
-247.4000000000001
-252.5
-252.0
-185.29999999999973
-245.79999999999973
-244.9000000000001
-249.79999999999973
-187.0999999999999
-244.0
-246.0999999999999
-247.29999999999973
-246.5
-251.5
-253.9000000000001
-253.4000000000001
-253.69999999999982
-254.9000000000001
-188.0999999999999
-251.5
-252.79999999999973
-251.0999999999999
-187.0999999999999
-245.5999999999999
-248.5
-249.5999999999999
-250.69999999999982
-252.79999999999973
-250.0
-252.79999999999973
-254.79999999999973
-254.9000000000001
-187.9000000000001
-248.0999999999999
-249.9000000000001
-247.79999999999973
-188.4000000000001
-244.0
-246.69999999999982
-248.5999999999999
-251.5999999999999
-247.79999999999973
-248.5
-252.19999999999982
-254.19999999999982
-251.29999999999973
-184.0
-244.9000000000001
-246.5
-246.19999999999982
-183.79999999999973
-242.0999999999999
-241.79999999999973
-244.4000000000001
-246.19999999999982
-246.0999999999999
-248.9000000000001
-248.9000000000001
-251.79999999999973
-250.9000000000001
-182.79999999999973
-244.79999999999973
-247.5999999999999
-248.5999999999999
-182.5999999999999
-241.9000000000001
-243.69999999999982
-244.5999999999999
-246.5
-244.5
-245.19999999999982
-246.9000000000001
-248.69999999999982
-248.5999999999999
-183.4000000000001
-243.5999999999999
-242.4000000000001
-243.0
-179.5999999999999
-238.79999999999973
-239.5
-242.19999999999982
-242.0999999999999
-241.9000000000001
-244.5999999999999
-248.5
-248.69999999999982
-250.79999999999973
-185.0
-242.5
-243.29999999999973
-247.0999999999999
-184.19999999999982
-240.9000000000001
-243.79999999999973
-245.9000000000001
-245.0999999999999
-244.0999999999999
-243.9000000000001
-247.5999999999999
-248.5999999999999
-247.5999999999999
-180.4000000000001
-242.4000000000001
-242.19999999999982
-242.9000000000001
-245.5999999999999
-244.5
-244.19999999999982
-249.79999999999973
-248.9000000000001
-249.79999999999973
-248.69999999999982
-249.4000000000001
-251.0999999999999
-253.9000000000001
-192.9000000000001
-251.69999999999982
-248.9000000000001
-248.69999999999982
-189.4000000000001
-247.0999999999999
-248.0999999999999
-250.0999999999999
-250.19999999999982
-253.19999999999982
-253.4000000000001
-254.5
-257.5999999999999
-185.9000000000001
-250.9000000000001
-252.0
-252.0999999999999
-254.0999999999999
-187.19999999999982
-249.5
-251.5999999999999
-251.79999999999973
-251.9000000000001
-250.9000000000001
-250.69999999999982
-258.4000000000001
-258.7999999999997
-257.0999999999999
-257.0999999999999
-193.0
-252.4000000000001
-253.29999999999973
-255.19999999999982
-192.19999999999982
-249.79999999999973
-250.69999999999982
-253.5999999999999
-253.69999999999982
-254.69999999999982
-255.69999999999982
-255.69999999999982
-258.5999999999999
-258.6999999999998
-189.69999999999982
-256.6999999999998
-258.0
-256.2999999999997
-186.29999999999973
-252.19999999999982
-251.29999999999973
-251.19999999999982
-253.0
-253.9000000000001
-256.7999999999997
-257.9000000000001
-258.0
-259.0
-259.0
-192.9000000000001
-253.0999999999999
-254.9000000000001
-255.79999999999973
-194.69999999999982
-252.4000000000001
-253.4000000000001
-254.4000000000001
-255.4000000000001
-258.4000000000001
-257.5999999999999
-258.5999999999999
-258.5999999999999
-258.5
-190.29999999999973
-256.1999999999998
-255.29999999999973
-253.19999999999982
-255.79999999999973
-189.5999999999999
-250.69999999999982
-250.5
-250.19999999999982
-251.79999999999973
-256.5
-254.5999999999999
-257.4000000000001
-259.4000000000001
-259.5
-191.5
-252.5999999999999
-256.4000000000001
-254.5
-188.29999999999973
-251.4000000000001
-250.4000000000001
-255.19999999999982
-254.4000000000001
-255.4000000000001
-257.4000000000001
-260.5
-259.7999999999997
-260.9000000000001
-188.0
-253.69999999999982
-255.5999999999999
-253.5999999999999
-185.29999999999973
-249.0999999999999
-247.9000000000001
-250.5
-248.29999999999973
-250.79999999999973
-252.5
-254.29999999999973
-253.19999999999982
-254.9000000000001
-185.69999999999982
-249.5
-250.29999999999973
-250.0999999999999
-182.79999999999973
-240.69999999999982
-243.0
-245.5
-244.19999999999982
-247.69999999999982
-246.5
-248.0999999999999
-250.79999999999973
-252.69999999999982
-184.69999999999982
-246.79999999999973
-247.69999999999982
-247.5999999999999
-182.4000000000001
-243.5999999999999
-243.5
-246.29999999999973
-245.29999999999973
-248.0999999999999
-250.0999999999999
-251.19999999999982
-251.29999999999973
-252.29999999999973
-183.29999999999973
-245.29999999999973
-247.0999999999999
-247.0
-182.79999999999973
-239.0999999999999
-241.5999999999999
-243.29999999999973
-242.0999999999999
-244.69999999999982
-243.5
-246.0999999999999
-248.9000000000001
-248.9000000000001
-184.79999999999973
-244.19999999999982
-246.0999999999999
-246.0999999999999
-183.0
-240.5
-238.29999999999973
-241.79999999999973
-242.5999999999999
-243.4000000000001
-244.19999999999982
-246.0
-247.9000000000001
-247.9000000000001
-181.79999999999973
-241.0
-240.69999999999982
-241.29999999999973
-178.9000000000001
-235.19999999999982
-236.69999999999982
-236.29999999999973
-237.79999999999973
-239.4000000000001
-242.0999999999999
-243.0
-244.9000000000001
-244.9000000000001
-180.79999999999973
-237.19999999999982
-239.79999999999973
-239.5999999999999
-175.29999999999973
-233.5
-236.0999999999999
-238.9000000000001
-239.9000000000001
-238.9000000000001
-239.69999999999982
-242.5
-244.5
-243.5999999999999
-177.5
-237.69999999999982
-239.5
-239.4000000000001
-175.19999999999982
-233.5
-238.20000000000005
-236.29999999999973
-239.0999999999999
-239.0999999999999
-241.0
-242.0
-243.0
-246.0
-180.19999999999982
-240.69999999999982
-239.79999999999973
-238.69999999999982
-175.4000000000001
-235.70000000000005
-235.5999999999999
-238.4000000000001
-239.4000000000001
-240.4000000000001
-241.4000000000001
-241.4000000000001
-242.29999999999973
-246.19999999999982
-177.4000000000001
-236.5999999999999
-236.29999999999973
-236.9000000000001
-175.5
-233.89999999999986
-239.70000000000005
-239.0
-240.0999999999999
-238.19999999999982
-241.0
-241.0
-240.9000000000001
-242.69999999999982
-177.5999999999999
-237.9000000000001
-239.79999999999973
-238.79999999999973
-177.5999999999999
-234.20000000000005
-235.0
-234.79999999999973
-238.5
-236.5
-239.19999999999982
-241.0999999999999
-246.0999999999999
-245.5
-180.69999999999982
-241.29999999999973
-240.5
-243.5
-180.69999999999982
-238.5
-241.5999999999999
-241.9000000000001
-246.0999999999999
-243.5999999999999
-245.69999999999982
-246.9000000000001
-249.0999999999999
-249.4000000000001
-184.5999999999999
-245.19999999999982
-245.4000000000001
-245.5
-183.5
-241.19999999999982
-242.19999999999982
-246.19999999999982
-246.5
-248.69999999999982
-248.0
-249.0999999999999
-249.19999999999982
-249.19999999999982
-186.0999999999999
-246.5999999999999
-247.69999999999982
-250.79999999999973
-186.0999999999999
-245.79999999999973
-246.0
-249.0999999999999
-248.4000000000001
-247.5
-249.4000000000001
-249.4000000000001
-253.29999999999973
-254.5
-188.69999999999982
-246.19999999999982
-249.0
-247.0
-183.69999999999982
-241.0
-243.5999999999999
-244.4000000000001
-242.19999999999982
-244.69999999999982
-244.4000000000001
-247.0
-247.79999999999973
-250.5999999999999
-184.5999999999999
-243.9000000000001
-243.69999999999982
-242.4000000000001
-180.9000000000001
-239.19999999999982
-240.9000000000001
-239.69999999999982
-245.29999999999973
-245.4000000000001
-245.4000000000001
-246.29999999999973
-249.19999999999982
-251.29999999999973
-188.5
-242.29999999999973
-244.0
-246.79999999999973
-247.79999999999973
-247.79999999999973
-247.69999999999982
-249.5
-244.4000000000001
-247.69999999999982
-250.29999999999973
-251.0999999999999
-250.9000000000001
-254.5999999999999
-185.5999999999999
-248.5999999999999
-251.5
-249.5999999999999
-183.4000000000001
-246.5
-246.5
-250.4000000000001
-251.5999999999999
-254.79999999999973
-254.19999999999982
-258.4000000000001
-259.9000000000001
-186.4000000000001
-251.4000000000001
-251.5
-252.5
-251.5
-185.29999999999973
-245.4000000000001
-247.0999999999999
-249.9000000000001
-247.9000000000001
-249.5999999999999
-251.4000000000001
-254.29999999999973
-255.4000000000001
-257.5
-255.69999999999982
-186.5999999999999
-249.5
-250.29999999999973
-252.0999999999999
-188.0
-249.4000000000001
-248.5
-248.4000000000001
-247.19999999999982
-247.79999999999973
-252.4000000000001
-254.4000000000001
-257.5
-257.7999999999997
-192.0
-252.5
-253.5999999999999
-252.69999999999982
-188.5999999999999
-243.0
-247.4000000000001
-248.19999999999982
-247.0
-247.5999999999999
-249.19999999999982
-252.9000000000001
-256.9000000000001
-258.1999999999998
-256.5
-188.5
-252.5999999999999
-252.69999999999982
-255.69999999999982
-187.9000000000001
-249.19999999999982
-251.19999999999982
-253.29999999999973
-255.5
-254.79999999999973
-254.9000000000001
-255.9000000000001
-260.9000000000001
-258.2999999999997
-193.29999999999973
-253.69999999999982
-252.69999999999982
-257.5
-192.69999999999982
-253.29999999999973
-254.5
-253.69999999999982
-255.69999999999982
-256.7999999999997
-260.9000000000001
-261.2999999999997
-263.5999999999999
-263.0
-193.19999999999982
-259.2999999999997
-262.5999999999999
-260.0999999999999
-197.19999999999982
-257.9000000000001
-258.1999999999998
-260.4000000000001
-263.6999999999998
-262.1999999999998
-261.4000000000001
-263.4000000000001
-266.5
-265.7999999999997
-197.9000000000001
-262.0999999999999
-259.2999999999997
-262.0999999999999
-195.0999999999999
-256.2999999999997
-255.19999999999982
-252.9000000000001
-255.29999999999973
-255.9000000000001
-257.5
-257.1999999999998
-258.7999999999997
-259.5
-193.19999999999982
-256.1999999999998
-256.0999999999999
-256.9000000000001
-189.69999999999982
-249.69999999999982
-249.29999999999973
-249.79999999999973
-249.29999999999973
-250.69999999999982
-249.19999999999982
-252.5
-253.0999999999999
-254.69999999999982
-187.4000000000001
-249.29999999999973
-250.0
-250.69999999999982
-184.4000000000001
-245.4000000000001
-247.0999999999999
-246.9000000000001
-252.5999999999999
-253.79999999999973
-255.0
-252.19999999999982
-254.0
-251.9000000000001
-185.5
-244.4000000000001
-246.79999999999973
-249.4000000000001
-185.19999999999982
-245.5
-246.4000000000001
-248.29999999999973
-248.29999999999973
-247.19999999999982
-249.9000000000001
-249.79999999999973
-248.5999999999999
-250.19999999999982
-180.9000000000001
-245.5999999999999
-246.4000000000001
-247.19999999999982
-180.0
-240.0
-240.5999999999999
-243.19999999999982
-244.0
-242.79999999999973
-243.4000000000001
-246.0
-248.79999999999973
-247.79999999999973
-184.5999999999999
-244.0
-244.9000000000001
-242.79999999999973
-182.4000000000001
-238.9000000000001
-239.5999999999999
-241.29999999999973
-242.0999999999999
-244.9000000000001
-242.9000000000001
-242.5999999999999
-244.19999999999982
-245.9000000000001
-181.69999999999982
-242.0
-240.9000000000001
-240.5999999999999
-180.19999999999982
-238.69999999999982
-237.5999999999999
-238.29999999999973
-238.0
-238.5999999999999
-239.19999999999982
-244.79999999999973
-246.9000000000001
-247.0999999999999
-184.19999999999982
-241.9000000000001
-242.9000000000001
-243.9000000000001
-180.9000000000001
-238.5
-240.4000000000001
-239.4000000000001
-243.19999999999982
-243.29999999999973
-245.29999999999973
-246.4000000000001
-247.5
-248.5999999999999
-184.69999999999982
-243.29999999999973
-244.29999999999973
-244.29999999999973
-179.19999999999982
-239.5
-240.4000000000001
-241.29999999999973
-244.19999999999982
-245.29999999999973
-249.4000000000001
-247.79999999999973
-250.9000000000001
-252.19999999999982
-188.5
-246.29999999999973
-247.4000000000001
-248.5
-186.5999999999999
-243.4000000000001
-246.4000000000001
-244.5999999999999
-244.5
-244.29999999999973
-246.0
-244.79999999999973
-248.4000000000001
-248.29999999999973
-181.0999999999999
-245.0999999999999
-246.0999999999999
-247.0999999999999
-179.0999999999999
-239.19999999999982
-241.9000000000001
-242.79999999999973
-246.69999999999982
-242.9000000000001
-245.5999999999999
-248.5
-250.5999999999999
-250.79999999999973
-184.9000000000001
-243.29999999999973
-244.0999999999999
-246.9000000000001
-181.9000000000001
-240.29999999999973
-241.0999999999999
-246.9000000000001
-249.19999999999982
-244.5999999999999
-248.4000000000001
-250.5
-249.69999999999982
-249.69999999999982
-183.5999999999999
-246.79999999999973
-244.9000000000001
-246.69999999999982
-179.5999999999999
-240.69999999999982
-240.5
-241.19999999999982
-244.9000000000001
-244.9000000000001
-244.79999999999973
-249.5999999999999
-250.79999999999973
-251.0
-183.0999999999999
-244.29999999999973
-243.19999999999982
-243.9000000000001
-245.5999999999999
-247.4000000000001
-247.29999999999973
-248.0999999999999
-249.9000000000001
-250.79999999999973
-252.69999999999982
-253.69999999999982
-257.6999999999998
-254.0
-189.79999999999973
-249.0999999999999
-251.9000000000001
-252.9000000000001
-190.9000000000001
-244.5999999999999
-247.19999999999982
-251.0
-249.0999999999999
-255.9000000000001
-254.29999999999973
-257.4000000000001
-257.6999999999998
-187.9000000000001
-256.0
-254.5
-255.69999999999982
