0.0
0.0
0.0
0.0
0.0
0.0
0.0
0.0
0.0
0.0
0.0
0.0
0.0
0.0
0.0
0.0
0.0
0.0
0.0
0.0
0.0
0.0
0.0
0.0
0.0
0.0
0.0
0.0
0.0
0.0
0.0
0.0
0.0
0.0
0.0
0.0
0.0
0.0
0.0
0.0
0.0
0.0
0.0
0.0
0.0
0.0
0.0
0.0
0.0
0.0
0.0
0.0
0.0
0.0
0.0
0.0
0.0
0.0
0.0
0.0
0.0
0.0
0.0
0.0
0.0
0.0
0.0
0.0
0.0
0.0
0.0
0.0
0.0
0.0
0.0
0.0
0.0
0.0
0.0
0.0
0.0
0.0
0.0
0.0
0.0
0.0
0.0
-1.0
-1.1
-1.2
-1.2999999999999998
-1.4
-1.5
-1.5999999999999996
-1.7000000000000002
-1.7999999999999998
-1.9000000000000004
-2.0
-2.0999999999999996
-2.1999999999999993
-2.299999999999999
10.6
-1.2
-1.2999999999999998
-1.4
-1.5
-1.5999999999999996
-1.7000000000000002
-1.7999999999999998
-1.9000000000000004
-2.0
-2.0999999999999996
-2.1999999999999993
-2.299999999999999
-2.4000000000000004
-2.5
-2.5999999999999996
-2.6999999999999993
-2.8000000000000007
-2.8999999999999986
-3.0
-3.099999999999998
-3.1999999999999993
-3.3000000000000007
-3.3999999999999986
-3.5
-3.599999999999998
-3.6999999999999993
-3.8000000000000007
-3.8999999999999986
-4.0
-4.099999999999998
-4.199999999999999
-3.3000000000000007
29.7
0.0
0.0
0.0
0.0
0.0
0.0
0.0
0.0
0.0
-1.0
-1.1
-1.2
-2.3
-2.5
-2.7
-2.9000000000000004
-3.0999999999999996
-3.299999999999999
-3.5
-3.6999999999999993
-3.8999999999999986
-4.099999999999998
-4.300000000000001
-4.5
-4.699999999999999
-4.899999999999999
-5.099999999999998
-5.300000000000001
-5.5
-5.699999999999996
-6.899999999999999
-6.199999999999996
-7.399999999999999
-8.699999999999996
-9.100000000000001
-9.5
-9.899999999999999
-10.299999999999997
-10.699999999999996
-11.100000000000001
-11.5
-11.899999999999991
-12.299999999999997
-12.700000000000003
-13.099999999999994
-13.5
-13.899999999999991
-14.299999999999997
-14.700000000000003
-15.099999999999994
-15.5
-15.899999999999991
-16.299999999999997
-16.700000000000003
-17.099999999999994
-17.5
-17.89999999999999
-18.299999999999983
-18.69999999999999
-19.099999999999994
-19.5
-19.900000000000006
-20.299999999999983
-20.69999999999999
-20.099999999999994
35.599999999999994
-14.099999999999994
-14.299999999999997
-14.5
38.3
-9.599999999999994
-10.799999999999997
-11.099999999999994
-13.399999999999991
-13.899999999999991
-15.399999999999991
-16.0
-17.599999999999994
-18.299999999999997
-19.0
-19.700000000000003
-20.39999999999999
-21.099999999999994
-21.799999999999983
-22.5
-23.19999999999999
-24.900000000000006
-25.69999999999999
-26.5
-27.299999999999983
-28.099999999999994
-28.900000000000006
-29.69999999999999
-30.5
-31.299999999999983
-33.099999999999994
-34.0
-33.900000000000006
29.30000000000001
-29.099999999999994
-29.900000000000006
-30.69999999999999
-6.5
-29.799999999999983
-30.599999999999994
-31.400000000000006
-32.19999999999999
-33.0
-33.79999999999998
-35.599999999999994
-36.5
-37.400000000000006
-38.30000000000001
-39.19999999999999
-40.099999999999966
-41.0
-41.89999999999998
-42.80000000000001
-43.69999999999999
-44.599999999999966
-45.5
-46.39999999999998
-47.30000000000001
-48.19999999999999
-49.099999999999966
-50.0
-50.89999999999998
-51.80000000000001
-53.69999999999999
-54.69999999999999
-55.69999999999999
43.30000000000001
-46.69999999999999
-47.599999999999966
-47.5
-14.300000000000011
-44.69999999999999
-45.39999999999998
-46.099999999999966
-23.80000000000001
-45.19999999999999
-40.89999999999998
-46.099999999999966
-46.80000000000001
-43.5
-47.80000000000001
-45.5
-48.89999999999998
-49.599999999999966
-50.30000000000001
-51.0
-51.69999999999999
-52.39999999999998
-54.099999999999966
-54.89999999999998
-55.69999999999999
-56.5
-57.30000000000001
-58.099999999999966
-58.89999999999998
-59.69999999999999
-61.5
-62.39999999999998
-62.30000000000001
29.900000000000034
-52.599999999999966
-52.19999999999999
-51.69999999999999
39.900000000000034
-41.30000000000001
-40.5
49.400000000000034
-31.69999999999999
-31.80000000000001
57.10000000000002
-23.099999999999994
57.80000000000001
-15.200000000000003
57.70000000000002
-8.100000000000001
26.799999999999997
-5.799999999999997
-6.0
2.8000000000000043
-5.5
-5.699999999999996
-5.899999999999999
-6.100000000000001
-7.299999999999997
-7.600000000000001
-7.899999999999999
-8.199999999999996
-8.5
-8.799999999999997
-9.100000000000001
-10.399999999999999
-9.799999999999997
32.9
-6.099999999999998
-6.399999999999999
-6.699999999999996
9.0
-6.699999999999999
-7.099999999999998
-7.5
-7.899999999999999
-8.299999999999997
-8.699999999999996
-9.100000000000001
-9.5
-9.899999999999999
-10.299999999999997
-10.699999999999996
-11.100000000000001
-11.5
-11.899999999999991
-12.299999999999997
-12.700000000000003
-13.099999999999994
-13.5
-13.899999999999991
-14.299999999999997
-14.700000000000003
-15.099999999999994
-16.5
-17.0
-17.5
-18.0
-19.5
-20.099999999999994
-21.69999999999999
-22.400000000000006
-23.099999999999994
-23.799999999999983
-24.5
-25.19999999999999
-25.900000000000006
-26.599999999999994
-27.299999999999983
-28.0
-29.69999999999999
-30.5
-31.299999999999983
-33.099999999999994
-34.0
-34.900000000000006
-35.79999999999998
-37.69999999999999
-39.69999999999999
-40.80000000000001
-41.89999999999998
-44.0
-45.19999999999999
-46.39999999999998
-47.599999999999966
-48.80000000000001
-51.0
-52.30000000000001
-53.599999999999966
-54.89999999999998
-56.19999999999999
-57.5
-57.80000000000001
16.0
-50.69999999999999
-50.69999999999999
-50.599999999999966
-52.39999999999998
14.699999999999989
-47.39999999999998
-48.30000000000001
17.80000000000001
-44.39999999999998
18.600000000000023
-40.0
-42.0
-25.099999999999966
-42.39999999999998
-44.5
-45.69999999999999
-46.89999999999998
-48.099999999999966
-49.30000000000001
-50.5
-51.69999999999999
-53.89999999999998
-55.19999999999999
-56.5
-57.80000000000001
-59.099999999999966
-60.39999999999998
-61.69999999999999
-63.0
-64.30000000000001
-66.59999999999997
-67.0
3.6999999999999886
-60.39999999999998
-61.5
-61.599999999999966
6.400000000000034
-56.69999999999999
-56.69999999999999
-1.599999999999966
-54.89999999999998
-56.0
-6.099999999999966
-55.099999999999966
-8.399999999999977
-52.89999999999998
-54.19999999999999
-11.5
-52.39999999999998
-29.69999999999999
-52.599999999999966
-53.89999999999998
-56.19999999999999
-57.599999999999966
-59.0
-61.39999999999998
-63.89999999999998
-65.5
-67.09999999999997
-68.69999999999999
-70.30000000000001
-71.89999999999998
-73.5
-75.10000000000002
-76.69999999999993
19.700000000000045
-69.09999999999997
-70.59999999999997
-72.10000000000002
13.399999999999977
-64.39999999999998
-64.69999999999999
-7.899999999999977
-61.30000000000001
-63.5
-18.80000000000001
-61.5
-62.80000000000001
-26.099999999999966
-61.599999999999966
-27.899999999999977
-61.69999999999999
-32.099999999999966
-62.39999999999998
-63.89999999999998
-58.39999999999998
-66.19999999999999
-68.69999999999999
-65.30000000000001
-71.39999999999998
-73.0
-74.60000000000002
-76.19999999999993
-79.79999999999995
-81.60000000000002
-83.39999999999998
-85.19999999999993
-86.0
6.300000000000068
-79.0
-79.60000000000002
-80.10000000000002
6.5
-73.10000000000002
-74.39999999999998
-12.699999999999932
-68.69999999999993
-68.79999999999995
-9.799999999999955
-63.80000000000001
-63.69999999999999
-5.5
-59.39999999999998
-10.199999999999989
-56.0
-9.800000000000011
-53.89999999999998
-54.80000000000001
-15.699999999999989
-52.599999999999966
-21.5
-52.19999999999999
-21.19999999999999
-52.0
-54.099999999999966
-27.30000000000001
-54.69999999999999
-58.0
-61.5
-64.19999999999999
-65.0
20.30000000000001
-59.69999999999999
-60.39999999999998
-61.0
14.5
-55.30000000000001
-55.69999999999999
8.0
-50.80000000000001
-51.0
-12.099999999999966
-49.19999999999999
-50.30000000000001
-23.399999999999977
-52.69999999999999
-35.099999999999966
-54.599999999999966
-58.099999999999966
-44.80000000000001
-61.0
-50.80000000000001
-63.39999999999998
-53.19999999999999
-65.80000000000001
-54.599999999999966
-68.09999999999997
-69.89999999999998
-72.69999999999999
-74.59999999999997
-76.5
-79.39999999999998
-81.39999999999998
-82.39999999999998
-4.2999999999999545
-77.19999999999993
-78.0
-78.69999999999993
-9.299999999999955
-74.79999999999995
-77.39999999999998
-52.10000000000002
-78.10000000000002
-57.799999999999955
-79.29999999999995
-60.0
-81.60000000000002
-83.39999999999998
-65.19999999999993
-85.0
-86.79999999999995
-89.60000000000002
-92.5
-94.5
-97.5
-99.60000000000002
-101.69999999999993
-102.79999999999995
-104.79999999999995
-108.79999999999995
-111.0
-113.19999999999993
-115.39999999999998
-117.60000000000002
-120.79999999999995
-123.10000000000002
-124.39999999999998
-41.60000000000002
-117.29999999999995
-118.19999999999993
-119.0
-43.69999999999993
-114.69999999999993
-115.39999999999998
-43.0
-110.19999999999993
-39.69999999999993
-105.0
-106.39999999999998
-50.799999999999955
-105.5
-52.10000000000002
-106.19999999999993
-108.10000000000002
-58.0
-107.69999999999993
-65.69999999999993
-109.29999999999995
-112.5
-70.79999999999995
-113.69999999999993
-80.10000000000002
-114.89999999999998
-91.29999999999995
-117.10000000000002
-105.5
-121.5
-125.0
-126.60000000000002
-28.100000000000023
-120.5
-121.89999999999998
-122.19999999999993
-124.29999999999995
-31.399999999999977
-120.0
-121.19999999999993
-30.299999999999955
-116.10000000000002
-117.19999999999993
-27.199999999999932
-112.0
-28.0
-106.39999999999998
-107.29999999999995
-40.10000000000002
-106.0
-108.0
-42.0
-105.19999999999993
-46.19999999999993
-103.10000000000002
-56.10000000000002
-102.19999999999993
-67.19999999999993
-103.5
-73.60000000000002
-105.5
-76.69999999999993
-107.79999999999995
-111.10000000000002
-113.5
-116.89999999999998
-38.39999999999998
-112.79999999999995
-114.19999999999993
-116.5
-119.79999999999995
-42.19999999999993
-115.60000000000002
-118.89999999999998
-45.299999999999955
-115.10000000000002
-117.39999999999998
-58.69999999999993
-114.89999999999998
-60.10000000000002
-112.60000000000002
-58.69999999999993
-111.19999999999993
-114.29999999999995
-61.5
-113.19999999999993
-62.39999999999998
-113.29999999999995
-62.60000000000002
-112.60000000000002
-67.89999999999998
-113.5
-72.89999999999998
-116.0
-88.60000000000002
-118.19999999999993
-120.79999999999995
-123.39999999999998
-125.0
-52.5
-122.5
-125.0
-127.5
-130.0
-63.5
-127.10000000000002
-66.5
-127.60000000000002
-130.19999999999993
-77.79999999999995
-129.89999999999998
-133.5
-98.19999999999993
-135.10000000000002
-137.79999999999995
-108.5
-140.0
-131.70000000000005
-146.29999999999995
-148.20000000000005
-152.0
-155.89999999999986
-158.89999999999986
-161.89999999999986
-164.89999999999986
-167.89999999999986
-170.89999999999986
-173.89999999999986
-176.89999999999986
-179.89999999999986
-182.89999999999986
-185.89999999999986
-90.89999999999986
-180.0999999999999
-182.89999999999986
-184.70000000000005
-93.39999999999986
-179.70000000000005
-181.29999999999995
-90.79999999999995
-176.0
-177.39999999999986
-92.70000000000005
-171.29999999999995
-95.39999999999986
-167.70000000000005
-91.79999999999995
-167.0999999999999
-169.5
-95.89999999999986
-166.70000000000005
-92.09999999999991
-161.79999999999995
-164.0
-101.20000000000005
-162.89999999999986
-107.20000000000005
-161.70000000000005
-164.0
-110.29999999999995
-164.0
-166.39999999999986
-168.79999999999995
-171.20000000000005
-173.5999999999999
-77.0
-167.5
-169.79999999999995
-172.0999999999999
-173.39999999999986
-80.59999999999991
-168.29999999999995
-168.5
-76.5
-163.0999999999999
-165.0999999999999
-77.09999999999991
-160.0999999999999
-73.09999999999991
-161.20000000000005
-164.79999999999995
-81.5
-166.5999999999999
-89.79999999999995
-165.0
-88.20000000000005
-164.39999999999986
-167.70000000000005
-101.0
-167.29999999999995
-102.59999999999991
-167.0999999999999
-113.39999999999986
-168.0
-155.29999999999995
-173.0
-176.29999999999995
-178.5999999999999
-83.79999999999995
-175.20000000000005
-177.39999999999986
-178.5
-86.39999999999986
-174.79999999999995
-176.70000000000005
-86.5
-173.0
-174.79999999999995
-93.5
-169.79999999999995
-90.29999999999995
-163.5999999999999
-166.79999999999995
-112.09999999999991
-167.70000000000005
-112.20000000000005
-166.89999999999986
-112.39999999999986
-167.20000000000005
-111.79999999999995
-166.5999999999999
-168.20000000000005
-117.70000000000005
-115.89999999999986
-166.20000000000005
-169.79999999999995
-143.5
-172.29999999999995
-176.0
-180.79999999999995
-182.79999999999995
-103.70000000000005
-180.39999999999986
-182.29999999999995
-183.0999999999999
-122.70000000000005
-180.0
-181.39999999999986
-125.70000000000005
-178.20000000000005
-125.29999999999995
-175.89999999999986
-178.89999999999986
-128.0
-180.79999999999995
-161.20000000000005
-185.39999999999986
-188.0
-170.5999999999999
-194.20000000000005
-198.0999999999999
-187.0999999999999
-204.70000000000005
-194.89999999999986
-210.79999999999995
-208.0999999999999
-218.79999999999995
-222.29999999999995
-226.79999999999995
-230.39999999999986
-235.0
-238.70000000000005
-242.39999999999986
-246.0999999999999
-150.79999999999995
-242.5999999999999
-245.20000000000005
-248.70000000000005
-156.20000000000005
-247.0999999999999
-249.70000000000005
-251.20000000000005
-161.5
-247.5
-159.70000000000005
-243.79999999999995
-153.89999999999986
-238.70000000000005
-239.5999999999999
-152.29999999999995
-235.0
-147.5999999999999
-226.20000000000005
-140.29999999999995
-220.5999999999999
-221.5999999999999
-137.5
-215.79999999999995
-134.5999999999999
-212.0999999999999
-130.0
-208.5
-209.5
-129.39999999999986
-206.0999999999999
-207.0999999999999
-207.0
-109.70000000000005
-200.5
-201.20000000000005
-200.79999999999995
-107.20000000000005
-195.0999999999999
-196.5999999999999
-141.0999999999999
-192.89999999999986
-194.29999999999995
-139.70000000000005
-192.5
-143.0
-193.39999999999986
-151.20000000000005
-196.5999999999999
-197.79999999999995
-156.89999999999986
-198.70000000000005
-157.89999999999986
-198.79999999999995
-163.0
-202.39999999999986
-167.89999999999986
-205.70000000000005
-209.39999999999986
-175.20000000000005
-212.29999999999995
-216.20000000000005
-220.20000000000005
-223.29999999999995
-225.39999999999986
-225.39999999999986
-130.0999999999999
-220.0
-220.5999999999999
-222.0
-130.29999999999995
-219.20000000000005
-221.70000000000005
-147.20000000000005
-219.0
-221.5
-154.0
-219.5
-187.0
-221.0
-223.5
-193.0
-226.20000000000005
-200.79999999999995
-227.5999999999999
-229.0999999999999
-213.5
-233.0999999999999
-217.5999999999999
-236.29999999999995
-222.79999999999995
-240.70000000000005
-229.29999999999995
-245.5
-249.20000000000005
-253.0
-255.89999999999986
-258.7999999999997
-261.6999999999998
-165.5999999999999
-256.5999999999999
-259.4000000000001
-262.1999999999998
-169.0
-257.1999999999998
-257.9000000000001
-260.4000000000001
-170.9000000000001
-257.1999999999998
-172.79999999999973
-250.69999999999982
-253.0
-179.29999999999973
-254.0
-182.69999999999982
-254.0
-183.9000000000001
-255.5
-198.70000000000005
-257.89999999999986
-201.29999999999995
-260.70000000000005
-264.2999999999997
-232.9000000000001
-270.0
-240.79999999999973
-276.2999999999997
-252.29999999999973
-282.5
-287.5999999999999
-292.7999999999997
-299.0999999999999
-207.5999999999999
-298.5
-304.0
-307.5999999999999
-311.0999999999999
-220.5
-310.4000000000001
-312.7999999999997
-224.0
-309.9000000000001
-220.9000000000001
-306.5999999999999
-308.4000000000001
-222.0
-306.5999999999999
-220.19999999999982
-302.7999999999997
-305.1999999999998
-221.5
-302.0999999999999
-218.29999999999973
-297.7999999999997
-214.79999999999973
-293.1999999999998
-294.0
-212.5999999999999
-290.7999999999997
-209.4000000000001
-203.5999999999999
-280.7999999999997
-282.2999999999997
-284.6999999999998
-286.0999999999999
-190.4000000000001
-281.9000000000001
-284.2999999999997
-286.6999999999998
-193.0999999999999
-281.9000000000001
-284.2999999999997
-195.69999999999982
-281.0
-284.5
-196.0999999999999
-279.5999999999999
-281.0999999999999
-205.5
-279.0999999999999
-281.5999999999999
-210.0999999999999
-279.1999999999998
-205.69999999999982
-277.5999999999999
-281.1999999999998
-208.9000000000001
-279.0999999999999
-208.79999999999973
-279.1999999999998
-210.0999999999999
-277.7999999999997
-279.6999999999998
-211.5
-279.1999999999998
-283.0999999999999
-287.0999999999999
-289.1999999999998
-203.19999999999982
-285.2999999999997
-289.1999999999998
-291.1999999999998
-208.0999999999999
-289.4000000000001
-293.4000000000001
-210.5
-291.0
-293.0999999999999
-213.0999999999999
-289.7999999999997
-221.69999999999982
-288.5
-220.4000000000001
-284.1999999999998
-287.7999999999997
-231.5
-286.2999999999997
-233.9000000000001
-287.0
-254.69999999999982
-289.9000000000001
-259.6999999999998
-292.1999999999998
-264.0
-295.6999999999998
-297.5999999999999
-274.4000000000001
-303.5999999999999
-306.6999999999998
-310.7999999999997
-315.0
-219.29999999999973
-311.6999999999998
-317.0
-319.5
-225.9000000000001
-316.5999999999999
-319.0
-228.29999999999973
-315.1999999999998
-317.4000000000001
-228.5
-316.4000000000001
-228.69999999999982
-312.9000000000001
-317.0999999999999
-232.4000000000001
-315.9000000000001
-319.2999999999997
-237.69999999999982
-321.5999999999999
-242.4000000000001
-323.9000000000001
-264.0
-328.6999999999998
-334.0999999999999
-289.5999999999999
-341.1999999999998
-299.0
-349.0999999999999
-357.1999999999998
-364.5999999999999
-370.1999999999998
-375.7999999999997
-283.4000000000001
-376.1999999999998
-380.6999999999998
-384.0999999999999
-293.2999999999997
-383.9000000000001
-387.0
-296.9000000000001
-384.2999999999997
-295.9000000000001
-383.1999999999998
-387.6999999999998
-300.1999999999998
-386.5
-300.9000000000001
-385.2999999999997
-300.5999999999999
-384.0
-303.1999999999998
-384.9000000000001
-388.1999999999998
-305.4000000000001
-386.9000000000001
-305.0
-384.5
-302.4000000000001
-382.6999999999998
-301.5
-381.7999999999997
-386.5999999999999
-391.5
-394.5
-396.4000000000001
-302.0999999999999
-395.0
-397.7999999999997
-401.5
-309.1999999999998
-398.2999999999997
-400.9000000000001
-308.4000000000001
-395.2999999999997
-396.5
-308.5
-392.4000000000001
-395.2999999999997
-311.1999999999998
-394.4000000000001
-399.5
-315.7999999999997
-398.4000000000001
-314.7999999999997
-395.5
-398.7999999999997
-317.0999999999999
-397.9000000000001
-316.2999999999997
-396.1999999999998
-317.5999999999999
-393.7999999999997
-317.0999999999999
-392.4000000000001
-393.6999999999998
-397.7999999999997
-402.0
-403.2999999999997
-306.4000000000001
-396.5
-397.2999999999997
-395.9000000000001
-302.0999999999999
-392.6999999999998
-392.0999999999999
-300.1999999999998
-386.9000000000001
-390.0
-302.1999999999998
-388.4000000000001
-389.9000000000001
-303.2999999999997
-391.7999999999997
-306.7999999999997
-391.0
-308.1999999999998
-391.7999999999997
-319.2999999999997
-392.1999999999998
-320.7999999999997
-392.9000000000001
-323.5999999999999
-391.0
-349.5
-394.5
-352.0999999999999
-397.0999999999999
-401.6999999999998
-404.4000000000001
-408.0
-411.5999999999999
-316.1999999999998
-408.9000000000001
-411.5
-414.0
-321.4000000000001
-409.1999999999998
-412.4000000000001
-322.5999999999999
-409.5
-321.6999999999998
-407.7999999999997
-410.0999999999999
-323.2999999999997
-408.5
-324.7999999999997
-407.4000000000001
-411.7999999999997
-339.2999999999997
-414.1999999999998
-340.0
-414.0
-339.7999999999997
-412.7999999999997
-343.5
-415.9000000000001
-420.9000000000001
-354.0
-426.0
-379.5
-431.9000000000001
-437.5999999999999
-444.4000000000001
-449.4000000000001
-356.4000000000001
-449.5999999999999
-454.5999999999999
-458.5999999999999
-366.5
-455.6999999999998
-459.2999999999997
-370.7999999999997
-460.0
-463.5999999999999
-376.0999999999999
-462.4000000000001
-467.7999999999997
-383.2999999999997
-466.9000000000001
-384.2999999999997
-467.0
-385.4000000000001
-469.1999999999998
-388.7999999999997
-471.9000000000001
-391.6999999999998
-472.0
-392.6999999999998
-473.0
-395.6999999999998
-475.1999999999998
-481.0
-402.9000000000001
-482.5
-486.4000000000001
-491.1999999999998
-395.0
-487.6999999999998
-493.1999999999998
-497.7999999999997
-501.39999999999964
-411.89999999999964
-501.0
-502.5
-413.6999999999998
-501.59999999999945
-503.8000000000002
-415.8000000000002
-500.59999999999945
-414.39999999999964
-498.1999999999998
-501.89999999999964
-414.59999999999945
-498.1999999999998
-414.6999999999998
-499.5
-413.3000000000002
-495.09999999999945
-412.59999999999945
-493.5
-413.0
-495.09999999999945
-413.89999999999964
-493.1999999999998
-499.89999999999964
-421.89999999999964
-498.6999999999998
-502.59999999999945
-505.5
-407.3000000000002
-499.89999999999964
-502.39999999999964
-503.8000000000002
-507.0
-414.1999999999998
-502.8000000000002
-505.89999999999964
-415.0
-503.6999999999998
-506.89999999999964
-419.09999999999945
-503.1999999999998
-423.3000000000002
-503.09999999999945
-423.39999999999964
-501.39999999999964
-505.6999999999998
-430.09999999999945
-504.59999999999945
-428.0
-505.39999999999964
-429.0
-505.59999999999945
-510.3000000000002
-438.09999999999945
-511.3000000000002
-447.1999999999998
-513.3000000000002
-454.3000000000002
-515.0
-520.0
-524.0999999999995
-528.1999999999998
-433.3000000000002
-526.5
-529.5999999999995
-532.5999999999995
-442.5
-532.0
-536.0
-541.0
-453.09999999999945
-541.0
-453.1999999999998
-540.1999999999998
-543.3999999999996
-456.5
-541.5
-458.5
-542.8000000000002
-548.0
-466.3000000000002
-548.0
-466.3000000000002
-549.0
-468.39999999999964
-550.3000000000002
-469.8000000000002
-550.8000000000002
-470.3000000000002
-553.3000000000002
-475.0
-554.3999999999996
-560.0999999999995
-566.8999999999996
-570.8999999999996
-476.8000000000002
-571.8000000000002
-572.8000000000002
-576.3999999999996
-484.89999999999964
-573.8000000000002
-579.0999999999995
-491.5
-579.6999999999998
-582.1999999999998
-494.5
-581.5999999999995
-494.89999999999964
-580.0999999999995
-496.3000000000002
-581.6999999999998
-587.0999999999995
-504.59999999999945
-587.3999999999996
-502.89999999999964
-587.5
-591.0
-511.39999999999964
-506.39999999999964
-586.3000000000002
-589.5999999999995
-510.8000000000002
-590.6999999999998
-509.0
-587.6999999999998
-591.6999999999998
-592.6999999999998
-598.3999999999996
-504.3000000000002
-595.3999999999996
-598.1999999999998
-600.8999999999996
-507.5
-595.3999999999996
-600.6999999999998
-510.1999999999998
-596.3000000000002
-597.5999999999995
-507.6999999999998
-592.5
-594.3999999999996
-506.1999999999998
-589.8999999999996
-503.59999999999945
-588.3999999999996
-503.3000000000002
-583.3999999999996
-586.0999999999995
-504.8000000000002
-585.0999999999995
-505.0
-500.59999999999945
-580.3000000000002
-582.5
-501.59999999999945
-581.3000000000002
-585.5
-588.8000000000002
-593.0999999999995
-596.5
-599.8999999999996
-502.3000000000002
-592.5999999999995
-595.5999999999995
-596.5999999999995
-502.39999999999964
-589.5
-590.0
-499.3000000000002
-583.3000000000002
-583.3999999999996
-492.3000000000002
-575.8999999999996
-487.59999999999945
-571.3000000000002
-574.0999999999995
-487.0
-569.0
-484.89999999999964
-566.1999999999998
-568.3000000000002
-485.39999999999964
-565.0
-485.1999999999998
-566.1999999999998
-487.89999999999964
-566.5
-488.5
-567.3999999999996
-487.6999999999998
-566.6999999999998
-571.0999999999995
-575.5999999999995
-578.1999999999998
-482.6999999999998
-574.3000000000002
-577.6999999999998
-583.0999999999995
-491.6999999999998
-581.8000000000002
-585.5
-495.1999999999998
-580.5
-584.8999999999996
-496.39999999999964
-581.6999999999998
-583.0999999999995
-498.3000000000002
-582.6999999999998
-585.0999999999995
-502.39999999999964
-584.0999999999995
-502.5
-585.3999999999996
-503.09999999999945
-584.1999999999998
-588.8999999999996
-507.6999999999998
-587.0
-508.6999999999998
-587.1999999999998
-509.0
-587.5999999999995
-511.5
-589.3999999999996
-595.5
-599.8000000000002
-504.09999999999945
-597.3999999999996
-601.5999999999995
-603.8000000000002
-510.8000000000002
-602.0999999999995
-606.0999999999995
-514.0999999999995
-602.5
-606.3000000000002
-517.0999999999995
-604.5999999999995
-517.3999999999996
-604.0999999999995
-518.0
-603.8999999999996
-608.8999999999996
-522.0
-607.0
-525.0
-607.3999999999996
-524.5
-606.8999999999996
-610.0
-531.0
-613.6999999999998
-535.0999999999995
-616.1999999999998
-536.8000000000002
-615.0
-619.3999999999996
-620.8000000000002
-526.8999999999996
-620.1999999999998
-625.3999999999996
-631.6999999999998
-633.1999999999998
-542.3999999999996
-632.0999999999995
-634.3000000000002
-545.3000000000002
-634.0
-545.0999999999995
-632.8999999999996
-635.0
-549.8999999999996
-634.8999999999996
-549.8999999999996
-634.0
-638.0
-556.0
-638.3999999999996
-558.5
-640.1999999999998
-560.5
-642.3999999999996
-644.8999999999996
-564.1999999999998
-641.0
-564.8999999999996
-641.8000000000002
-564.8000000000002
-640.6999999999998
-643.5999999999995
-646.3999999999996
-647.0999999999995
-550.5
-641.8999999999996
-645.0999999999995
-646.3000000000002
-550.3000000000002
-637.3999999999996
-636.8999999999996
-545.0999999999995
-631.8999999999996
-634.0999999999995
-541.3000000000002
-627.0
-538.0
-621.8999999999996
-623.8999999999996
-536.8999999999996
-620.0
-535.0999999999995
-616.5
-531.6999999999998
-612.1999999999998
-530.3999999999996
-611.1999999999998
-528.6999999999998
-607.6999999999998
-528.1999999999998
-609.5
-529.5
-608.1999999999998
-529.3000000000002
-607.1999999999998
-609.3999999999996
-610.5
-515.3999999999996
-605.5
-607.3000000000002
-610.0
-519.6999999999998
-608.0999999999995
-613.0
-523.0999999999995
-609.8999999999996
-614.0
-523.1999999999998
-610.0
-522.0999999999995
-608.0999999999995
-609.3000000000002
-524.3000000000002
-606.5
-522.5
-605.8000000000002
-521.0
-604.3999999999996
-521.6999999999998
-603.3999999999996
-521.8000000000002
-602.6999999999998
-521.1999999999998
-599.1999999999998
-602.5
-524.8000000000002
-603.0
-606.5
-611.0
-615.5999999999995
-518.3000000000002
-610.8999999999996
-613.3999999999996
-614.8000000000002
-523.0
-611.6999999999998
-613.8999999999996
-525.0
-611.8999999999996
-614.0999999999995
-524.1999999999998
-609.0
-524.8999999999996
-609.0999999999995
-523.3000000000002
-607.5999999999995
-611.8999999999996
-529.3000000000002
-609.0999999999995
-527.3999999999996
-608.1999999999998
-611.5999999999995
-531.0
-611.0
-529.5
-612.5
-615.3000000000002
-537.0
-617.5
-541.5
-620.5
-625.8000000000002
-629.1999999999998
-537.5
-628.1999999999998
-632.5
-635.8000000000002
-544.0
-634.5999999999995
-638.8000000000002
-550.0
-636.8999999999996
-638.0
-550.8000000000002
-637.5
-549.3999999999996
-634.0999999999995
-638.8000000000002
-551.5999999999995
-636.3000000000002
-554.0
-636.0999999999995
-638.8999999999996
-559.5999999999995
-643.0
-560.1999999999998
-640.6999999999998
-642.6999999999998
-564.5
-644.0999999999995
-563.0999999999995
-641.5999999999995
-646.3999999999996
-649.3000000000002
-653.0999999999995
-655.8999999999996
-563.5999999999995
-653.6999999999998
-657.3999999999996
-660.0999999999995
-567.6999999999998
-654.6999999999998
-658.0
-565.3000000000002
-651.0
-561.8999999999996
-645.5999999999995
-649.3000000000002
-560.0999999999995
-642.6999999999998
-647.1999999999998
-561.8999999999996
-646.8000000000002
-560.8000000000002
-646.8999999999996
-564.1999999999998
-647.8999999999996
-648.5
-567.8000000000002
-649.6999999999998
-570.3000000000002
-650.5999999999995
-572.3999999999996
-653.0
-572.0999999999995
-651.6999999999998
-652.6999999999998
-658.3999999999996
-661.3000000000002
-566.0999999999995
-659.0
-659.8000000000002
-661.3000000000002
-569.5999999999995
-659.3999999999996
-660.8000000000002
-570.0
-656.8000000000002
-657.8999999999996
-569.8000000000002
-655.5999999999995
-656.5999999999995
-569.3999999999996
-652.1999999999998
-655.8999999999996
-569.6999999999998
-652.5999999999995
-566.3999999999996
-650.3000000000002
-567.1999999999998
-647.5
-566.3999999999996
-645.8999999999996
-565.8999999999996
-646.5999999999995
-564.8999999999996
-645.6999999999998
-567.0999999999995
-643.3000000000002
-646.5999999999995
-650.8999999999996
-653.3000000000002
-557.5999999999995
-649.0
-651.1999999999998
-652.3000000000002
-559.1999999999998
-647.5
-649.3000000000002
-558.0
-644.3000000000002
-646.8999999999996
-557.5
-639.8999999999996
-644.1999999999998
-557.6999999999998
-641.3000000000002
-555.8999999999996
-640.6999999999998
-556.5999999999995
-637.8000000000002
-556.6999999999998
-640.1999999999998
-639.5999999999995
-557.5999999999995
-641.0999999999995
-644.5
-569.8999999999996
-646.5
-568.1999999999998
-645.6999999999998
-652.3999999999996
-655.3999999999996
-661.3000000000002
-665.3999999999996
-572.5
-664.8999999999996
-667.0999999999995
-671.0999999999995
-581.0999999999995
-670.6999999999998
-672.8000000000002
-582.6999999999998
-671.1999999999998
-673.0999999999995
-586.8000000000002
-673.5
-584.3999999999996
-671.0
-586.8000000000002
-670.8000000000002
-586.6999999999998
-670.8000000000002
-587.8000000000002
-670.0999999999995
-585.0999999999995
-670.1999999999998
-587.3000000000002
-671.6999999999998
-676.0
-594.3000000000002
-674.0
-594.0999999999995
-672.8000000000002
-596.8000000000002
-672.8000000000002
-678.8000000000002
-679.0
-582.8000000000002
-673.5999999999995
-675.0999999999995
-678.3999999999996
-585.6999999999998
-673.3999999999996
-675.5
-585.5
-672.1999999999998
-674.1999999999998
-586.0999999999995
-670.8999999999996
-582.8000000000002
-666.5999999999995
-668.3999999999996
-584.0999999999995
-665.0999999999995
-582.8000000000002
-664.0
-581.8999999999996
-664.3000000000002
-579.5
-661.8999999999996
-580.0999999999995
-659.8000000000002
-579.0
-659.8000000000002
-578.1999999999998
-658.0999999999995
-660.5
-664.8000000000002
-669.1999999999998
-672.6999999999998
-577.1999999999998
-667.8000000000002
-671.0999999999995
-673.3999999999996
-581.5999999999995
-670.3000000000002
-675.5
-583.8999999999996
-670.8000000000002
-675.0
-585.3000000000002
-674.3000000000002
-677.8000000000002
-591.3000000000002
-675.8000000000002
-679.3000000000002
-594.8000000000002
-677.5
-595.0
-675.8999999999996
-592.3999999999996
-672.1999999999998
-591.5
-672.3999999999996
-587.8999999999996
-668.5999999999995
-586.8999999999996
-667.6999999999998
-670.0999999999995
-675.3999999999996
-676.8999999999996
-682.1999999999998
-683.6999999999998
-588.0
-678.3999999999996
-680.5
-683.5
-590.5
-676.8999999999996
-678.5999999999995
-588.1999999999998
-674.5
-675.0999999999995
-586.5
-668.8000000000002
-669.0
-582.0
-666.0999999999995
-580.3000000000002
-662.6999999999998
-577.0
-660.5
-664.0
-582.5999999999995
-661.8000000000002
-578.5
-661.5999999999995
-578.5999999999995
-573.0
-652.3999999999996
-574.3000000000002
-653.0999999999995
-575.3000000000002
-656.3999999999996
-661.0999999999995
-663.8999999999996
-569.5999999999995
-662.5
-667.3000000000002
-671.1999999999998
-579.0999999999995
-668.3999999999996
-672.1999999999998
-675.0
-585.6999999999998
-671.0999999999995
-582.5999999999995
-666.8999999999996
-669.1999999999998
-583.3999999999996
-668.6999999999998
-585.0999999999995
-668.8000000000002
-585.3999999999996
-667.3000000000002
-585.8999999999996
-669.0
-671.8999999999996
-592.6999999999998
-673.1999999999998
-591.1999999999998
-672.5999999999995
-676.5999999999995
-597.5999999999995
-677.3000000000002
-680.3999999999996
-685.3999999999996
-690.5
-692.6999999999998
-595.6999999999998
-687.5999999999995
-692.3000000000002
-693.0999999999995
-601.5999999999995
-689.5999999999995
-692.0
-599.3000000000002
-687.0
-689.0999999999995
-598.0999999999995
-682.6999999999998
-594.3999999999996
-679.0
-681.6999999999998
-596.3999999999996
-679.3000000000002
-594.0999999999995
-675.0999999999995
-678.8000000000002
-596.5999999999995
-676.8999999999996
-595.8000000000002
-675.3000000000002
-678.3000000000002
-599.3000000000002
-677.0999999999995
-598.1999999999998
-675.0999999999995
-680.1999999999998
-684.5
-685.8999999999996
-690.0999999999995
-595.3999999999996
-686.8999999999996
-690.1999999999998
-692.5
-599.6999999999998
-688.3000000000002
-692.3999999999996
-695.5999999999995
-604.8000000000002
-691.5999999999995
-603.6999999999998
-687.6999999999998
-690.6999999999998
-601.6999999999998
-687.5
-601.5
-682.5999999999995
-599.3999999999996
-680.5999999999995
-682.5
-599.3000000000002
-677.5
-598.0999999999995
-676.5
-595.3000000000002
-673.6999999999998
-594.5
-673.0999999999995
-592.0999999999995
-668.6999999999998
-670.5
-670.1999999999998
-670.5999999999995
-573.8000000000002
-665.0999999999995
-667.3000000000002
-667.5
-572.5
-658.8000000000002
-658.5
-658.0
-568.3000000000002
-652.5
-561.8999999999996
-647.0999999999995
-647.5999999999995
-561.0
-642.5999999999995
-556.0999999999995
-637.8000000000002
-551.3999999999996
-634.1999999999998
-551.0
-630.3000000000002
-545.1999999999998
-626.3999999999996
-627.3999999999996
-543.3000000000002
-539.5999999999995
-620.1999999999998
-622.5
-542.8000000000002
-621.8999999999996
-625.5
-628.1999999999998
-629.8999999999996
-534.5
-627.3000000000002
-630.0999999999995
-631.8999999999996
-539.5999999999995
-630.8000000000002
-632.8000000000002
-542.6999999999998
-631.3000000000002
-633.3999999999996
-545.3999999999996
-630.3000000000002
-633.3000000000002
-548.3000000000002
-632.5
-547.6999999999998
-631.0999999999995
-546.3999999999996
-630.8999999999996
-547.3999999999996
-628.1999999999998
-546.5999999999995
-627.5
-630.0
-549.3999999999996
-629.3999999999996
-548.8999999999996
-628.0
-548.5
-626.6999999999998
-628.1999999999998
-629.5
-632.5999999999995
-534.6999999999998
-624.6999999999998
-626.3999999999996
-627.0
-532.3999999999996
-620.0999999999995
-621.3000000000002
-527.3999999999996
-611.8999999999996
-612.5999999999995
-523.1999999999998
-606.6999999999998
-518.3000000000002
-600.8999999999996
-605.5
-516.3999999999996
-599.1999999999998
-515.0
-595.1999999999998
-509.09999999999945
-590.1999999999998
-507.09999999999945
-588.5
-505.6999999999998
-586.3999999999996
-588.8000000000002
-508.1999999999998
-588.3000000000002
-509.0
-587.5
-592.3999999999996
-598.5
-601.8999999999996
-510.3000000000002
-602.1999999999998
-605.8999999999996
-607.5999999999995
-516.0999999999995
-604.0999999999995
-608.5
-519.0
-606.1999999999998
-609.6999999999998
-523.1999999999998
-608.6999999999998
-609.3000000000002
-524.5999999999995
-608.0999999999995
-611.5
-527.8999999999996
-609.5999999999995
-527.0
-606.8000000000002
-523.0999999999995
-603.6999999999998
-522.8999999999996
-601.6999999999998
-520.8999999999996
-599.6999999999998
-519.8999999999996
-596.8000000000002
-517.8999999999996
-593.8000000000002
-594.8000000000002
-597.5999999999995
-599.3999999999996
-503.09999999999945
-589.8999999999996
-591.0999999999995
-591.1999999999998
-498.09999999999945
-585.5
-583.3999999999996
-491.89999999999964
-576.0999999999995
-575.5
-576.6999999999998
-485.89999999999964
-568.8999999999996
-481.0
-561.1999999999998
-473.1999999999998
-555.3000000000002
-468.39999999999964
-549.6999999999998
-549.8999999999996
-467.0
-546.6999999999998
-463.09999999999945
-543.0
-461.59999999999945
-541.8999999999996
-460.89999999999964
-539.5999999999995
-543.8000000000002
-548.1999999999998
-553.8000000000002
-558.6999999999998
-562.8000000000002
-469.0
-561.5
-566.8999999999996
-569.5
-478.0
-567.0
-569.5
-480.89999999999964
-569.0999999999995
-572.6999999999998
-486.3000000000002
-570.8999999999996
-482.5
-566.8999999999996
-569.3000000000002
-482.59999999999945
-565.8999999999996
-481.09999999999945
-562.5
-478.59999999999945
-562.0
-565.3000000000002
-483.59999999999945
-561.3999999999996
-481.5
-559.3000000000002
-562.3999999999996
-482.5
-557.3000000000002
-559.0999999999995
-560.8000000000002
-561.3999999999996
-561.8000000000002
-464.0
-552.1999999999998
-553.0
-553.6999999999998
-458.3000000000002
-544.1999999999998
-546.5
-452.89999999999964
-537.8000000000002
-537.0
-445.0
-528.6999999999998
-439.59999999999945
-522.5
-521.5
-434.3000000000002
-516.3000000000002
-430.3000000000002
-510.59999999999945
-512.6999999999998
-429.89999999999964
-510.6999999999998
-430.3000000000002
-510.6999999999998
-430.8000000000002
-510.6999999999998
-433.1999999999998
-513.6999999999998
-432.8000000000002
-513.5
-518.8000000000002
-523.3000000000002
-526.8999999999996
-432.5
-525.3000000000002
-530.0
-532.8000000000002
-442.5
-531.8000000000002
-533.5999999999995
-444.1999999999998
-532.5
-534.1999999999998
-444.6999999999998
-527.8999999999996
-440.0
-525.0
-527.0999999999995
-442.09999999999945
-525.3000000000002
-441.39999999999964
-522.8000000000002
-525.8999999999996
-444.0
-522.5999999999995
-442.59999999999945
-521.3000000000002
-438.39999999999964
-516.8999999999996
-517.8000000000002
-438.5
-515.0
-434.6999999999998
-509.09999999999945
-508.5
-409.59999999999945
-498.59999999999945
-499.3000000000002
-497.89999999999964
-498.1999999999998
-404.39999999999964
-490.09999999999945
-489.1999999999998
-398.09999999999945
-482.8000000000002
-481.8000000000002
-392.59999999999945
-473.39999999999964
-385.09999999999945
-467.89999999999964
-379.8000000000002
-463.7999999999997
-466.0
-380.2999999999997
-460.9000000000001
-377.2999999999997
-459.1999999999998
-462.0
-378.9000000000001
-459.2999999999997
-379.4000000000001
-459.2999999999997
-379.7999999999997
-460.0999999999999
-382.0
-461.7999999999997
-467.0999999999999
-473.5999999999999
-477.4000000000001
-382.1999999999998
-475.0999999999999
-478.9000000000001
-482.6999999999998
-390.5
-481.6999999999998
-484.5999999999999
-397.4000000000001
-485.0999999999999
-488.0999999999999
-401.0
-485.7999999999997
-397.5999999999999
-482.1999999999998
-395.7999999999997
-481.4000000000001
-395.0999999999999
-478.7999999999997
-481.4000000000001
-396.9000000000001
-478.5999999999999
-395.0
-475.6999999999998
-391.0
-470.5
-386.5
-465.7999999999997
-382.5999999999999
-459.7999999999997
-462.2999999999997
-462.7999999999997
-464.0999999999999
-465.2999999999997
-367.4000000000001
-456.5
-457.2999999999997
-457.0
-361.5
-447.2999999999997
-447.5
-355.5999999999999
-440.4000000000001
-440.5
-350.5
-435.4000000000001
-346.5999999999999
-431.7999999999997
-433.2999999999997
-348.7999999999997
-430.6999999999998
-352.5
-429.2999999999997
-364.4000000000001
-429.7999999999997
-368.1999999999998
-431.1999999999998
-401.9000000000001
-437.4000000000001
-417.5
-444.2999999999997
-449.6999999999998
-452.2999999999997
-458.7999999999997
-464.5999999999999
-470.5999999999999
-476.7999999999997
-382.1999999999998
-475.6999999999998
-479.0999999999999
-483.4000000000001
-389.6999999999998
-480.1999999999998
-483.2999999999997
-395.2999999999997
-480.0999999999999
-481.9000000000001
-393.5
-477.9000000000001
-389.2999999999997
-471.5
-474.5
-389.5
-471.6999999999998
-386.6999999999998
-468.9000000000001
-386.9000000000001
-466.4000000000001
-382.4000000000001
-462.6999999999998
-465.5999999999999
-383.5
-460.9000000000001
-378.5999999999999
-454.7999999999997
-373.1999999999998
-449.1999999999998
-451.4000000000001
-451.5999999999999
-450.5999999999999
-353.2999999999997
-442.0999999999999
-442.5999999999999
-443.0
-346.2999999999997
-432.7999999999997
-432.7999999999997
-339.6999999999998
-422.1999999999998
-420.7999999999997
-328.1999999999998
-411.2999999999997
-322.5999999999999
-406.0
-407.5999999999999
-322.2999999999997
-404.4000000000001
-320.5
-404.0999999999999
-319.7999999999997
-402.9000000000001
-325.0
-402.0999999999999
-327.5
-401.1999999999998
-405.7999999999997
-395.5999999999999
-414.0999999999999
-419.2999999999997
-423.6999999999998
-428.1999999999998
-433.7999999999997
-436.5999999999999
-342.2999999999997
-434.1999999999998
-437.9000000000001
-441.5999999999999
-350.2999999999997
-439.5
-441.1999999999998
-350.6999999999998
-436.7999999999997
-440.0999999999999
-350.4000000000001
-434.4000000000001
-345.4000000000001
-430.1999999999998
-342.0999999999999
-424.9000000000001
-337.5999999999999
-420.2999999999997
-420.9000000000001
-335.2999999999997
-413.9000000000001
-328.0
-407.2999999999997
-323.1999999999998
-401.5
-318.2999999999997
-394.5999999999999
-396.1999999999998
-313.7999999999997
-388.0
-388.2999999999997
-387.5
-385.5
-286.1999999999998
-375.9000000000001
-375.5
-374.0
-284.2999999999997
-364.5999999999999
-362.7999999999997
-280.7999999999997
-353.5999999999999
-353.5
-273.4000000000001
-345.2999999999997
-267.1999999999998
-339.2999999999997
-342.4000000000001
-290.7999999999997
-340.0
-306.5999999999999
-340.7999999999997
-307.6999999999998
-342.1999999999998
-327.4000000000001
-346.0
-331.5
-350.4000000000001
-353.1999999999998
-340.0999999999999
-359.5
-362.7999999999997
-366.1999999999998
-370.6999999999998
-374.4000000000001
-378.1999999999998
-283.0999999999999
-375.1999999999998
-377.1999999999998
-379.0999999999999
-380.9000000000001
-289.5999999999999
-378.9000000000001
-379.7999999999997
-290.5
-375.0
-286.5999999999999
-371.0999999999999
-371.6999999999998
-283.0999999999999
-365.4000000000001
-277.5999999999999
-358.7999999999997
-360.7999999999997
-275.7999999999997
-354.0999999999999
-354.9000000000001
-269.5999999999999
-347.5999999999999
-264.0999999999999
-342.0999999999999
-259.5999999999999
-335.6999999999998
-335.0999999999999
-254.29999999999973
-328.2999999999997
-327.4000000000001
-327.2999999999997
-325.0999999999999
-284.5999999999999
-320.0
-322.2999999999997
-321.7999999999997
-306.1999999999998
-322.0
-323.5
-324.0999999999999
-314.6999999999998
-324.2999999999997
-324.9000000000001
-326.5
-327.1999999999998
-329.9000000000001
-330.7999999999997
-335.6999999999998
-338.0
-342.4000000000001
-343.0999999999999
-347.6999999999998
-350.5999999999999
-353.5999999999999
-357.6999999999998
-362.0
-367.5
-370.2999999999997
-374.0999999999999
-379.0
-383.0999999999999
-387.2999999999997
-391.5999999999999
-396.0
-399.5
-305.0
-395.6999999999998
-397.0999999999999
-399.2999999999997
-306.4000000000001
-393.9000000000001
-396.7999999999997
-305.6999999999998
-391.1999999999998
-391.9000000000001
-301.4000000000001
-385.5999999999999
-385.9000000000001
-297.0
-380.0
-291.0
-371.9000000000001
-284.5999999999999
-364.4000000000001
-364.9000000000001
-278.2999999999997
-355.9000000000001
-270.0
-348.4000000000001
-264.4000000000001
-339.9000000000001
-339.6999999999998
-258.4000000000001
-331.9000000000001
-331.5
-332.0
-330.5
-329.7999999999997
-248.0
-318.0
-315.7999999999997
-316.4000000000001
-251.0999999999999
-307.2999999999997
-305.7999999999997
-252.19999999999982
-299.2999999999997
-297.6999999999998
-268.0
-296.4000000000001
-287.0
-295.6999999999998
-298.4000000000001
-293.4000000000001
-299.9000000000001
-299.0999999999999
-303.1999999999998
-304.6999999999998
-307.2999999999997
-311.0999999999999
-314.1999999999998
-316.5
-318.9000000000001
-321.4000000000001
-323.0
-325.5999999999999
-329.2999999999997
-330.1999999999998
-333.0
-337.9000000000001
-340.0999999999999
-245.29999999999973
-335.7999999999997
-338.0999999999999
-339.4000000000001
-246.5999999999999
-335.2999999999997
-335.5999999999999
-242.69999999999982
-328.2999999999997
-329.1999999999998
-240.0
-324.6999999999998
-235.5999999999999
-318.4000000000001
-319.1999999999998
-231.9000000000001
-312.6999999999998
-226.29999999999973
-304.0999999999999
-221.4000000000001
-299.2999999999997
-299.6999999999998
-216.0
-291.7999999999997
-208.9000000000001
-283.5999999999999
-284.5
-204.4000000000001
-278.1999999999998
-280.0999999999999
-282.0999999999999
-283.1999999999998
-284.2999999999997
-262.4000000000001
-283.1999999999998
-284.1999999999998
-286.1999999999998
-267.2999999999997
-285.4000000000001
-287.4000000000001
-289.5
-273.6999999999998
-291.1999999999998
-278.5
-295.4000000000001
-299.0
-301.7999999999997
-305.6999999999998
-307.7999999999997
-311.9000000000001
-315.1999999999998
-318.5999999999999
-322.0999999999999
-324.6999999999998
-328.2999999999997
-332.0
-335.7999999999997
-338.6999999999998
-342.5999999999999
-346.5999999999999
-350.6999999999998
-353.9000000000001
-359.0999999999999
-364.5
-368.0999999999999
-272.6999999999998
-365.4000000000001
-368.0
-370.5
-372.9000000000001
-279.1999999999998
-367.7999999999997
-369.9000000000001
-277.9000000000001
-365.4000000000001
-367.2999999999997
-277.0999999999999
-361.5999999999999
-360.1999999999998
-272.4000000000001
-354.5999999999999
-265.6999999999998
-346.6999999999998
-349.5
-263.4000000000001
-342.5
-257.1999999999998
-335.1999999999998
-250.69999999999982
-327.5999999999999
-244.9000000000001
-319.7999999999997
-235.9000000000001
-313.5
-230.5999999999999
-304.2999999999997
-304.0999999999999
-303.7999999999997
-300.4000000000001
-207.5999999999999
-290.5
-290.5999999999999
-288.6999999999998
-203.5999999999999
-278.0
-276.6999999999998
-205.29999999999973
-268.7999999999997
-269.4000000000001
-199.0999999999999
-264.7999999999997
-204.79999999999973
-258.7999999999997
-260.7999999999997
-209.0
-259.0
-219.5
-260.0
-229.9000000000001
-260.6999999999998
-241.79999999999973
-262.9000000000001
-265.1999999999998
-268.5999999999999
-271.1999999999998
-274.9000000000001
-276.7999999999997
-279.6999999999998
-282.6999999999998
-285.7999999999997
-289.0
-291.2999999999997
-194.5999999999999
-286.0
-288.2999999999997
-288.5999999999999
-193.69999999999982
-282.0999999999999
-284.0999999999999
-192.0999999999999
-278.6999999999998
-279.6999999999998
-189.5999999999999
-272.2999999999997
-182.0
-263.5
-264.9000000000001
-176.29999999999973
-256.6999999999998
-257.9000000000001
-173.0999999999999
-252.69999999999982
-168.0
-247.69999999999982
-249.0999999999999
-166.5
-245.5
-163.0999999999999
-242.29999999999995
-162.0999999999999
-240.70000000000005
-242.79999999999995
-245.89999999999986
-247.0999999999999
-249.19999999999982
-158.29999999999973
-243.0999999999999
-245.0999999999999
-247.0999999999999
-167.0999999999999
-242.89999999999986
-244.89999999999986
-184.89999999999986
-242.70000000000005
-244.70000000000005
-212.70000000000005
-246.29999999999995
-248.39999999999986
-241.5
-253.69999999999982
-257.0
-260.4000000000001
-263.9000000000001
-266.5
-270.0999999999999
-273.7999999999997
-278.5999999999999
-282.5999999999999
-285.6999999999998
-288.7999999999997
-292.9000000000001
-297.0999999999999
-301.4000000000001
-304.7999999999997
-309.1999999999998
-313.6999999999998
-318.2999999999997
-322.0
-227.69999999999982
-318.5999999999999
-320.1999999999998
-321.5999999999999
-228.79999999999973
-317.4000000000001
-318.5
-227.4000000000001
-313.9000000000001
-314.6999999999998
-224.29999999999973
-308.5999999999999
-220.0
-303.2999999999997
-303.5999999999999
-214.69999999999982
-295.6999999999998
-209.5
-289.5
-202.19999999999982
-282.0
-195.5
-274.1999999999998
-188.5
-267.0999999999999
-182.29999999999973
-257.9000000000001
-255.79999999999973
-173.4000000000001
-247.69999999999982
-246.19999999999982
-244.5
-242.5999999999999
-156.5
-230.79999999999973
-228.4000000000001
-226.79999999999973
-225.0999999999999
-150.29999999999973
-215.0999999999999
-141.20000000000005
-207.0
-205.20000000000005
-131.29999999999995
-196.0999999999999
-196.20000000000005
-138.39999999999986
-192.89999999999986
-143.5
-190.20000000000005
-164.0999999999999
-190.39999999999986
-191.5999999999999
-191.89999999999986
-193.20000000000005
-193.5999999999999
-195.0
-195.5
-198.0
-199.70000000000005
-200.5
-202.29999999999995
-203.20000000000005
-206.0999999999999
-206.20000000000005
-108.20000000000005
-199.29999999999995
-199.39999999999986
-198.39999999999986
-102.20000000000005
-191.29999999999995
-192.20000000000005
-195.0999999999999
-103.20000000000005
-190.0
-191.29999999999995
-101.59999999999991
-185.79999999999995
-97.20000000000005
-180.5999999999999
-182.0999999999999
-183.5999999999999
-185.0999999999999
-186.5999999999999
-188.0999999999999
-189.5999999999999
-191.0999999999999
-192.5999999999999
-194.0999999999999
-195.5999999999999
-197.0999999999999
-198.5999999999999
-200.0999999999999
-201.5999999999999
-203.0999999999999
-204.5999999999999
-206.0999999999999
-207.5999999999999
-208.0999999999999
-118.5
-201.79999999999995
-203.20000000000005
-204.5999999999999
-206.0
-179.39999999999986
-206.0
-207.39999999999986
-208.79999999999995
-210.20000000000005
-211.5999999999999
-213.0
-214.39999999999986
-215.79999999999995
-218.20000000000005
-220.70000000000005
-224.29999999999995
-227.0999999999999
-229.0
-231.89999999999986
-234.89999999999986
-238.0
-241.20000000000005
-244.5
-247.89999999999986
-251.39999999999986
-255.0
-258.6999999999998
-262.5
-266.4000000000001
-269.4000000000001
-273.4000000000001
-276.5
-181.5999999999999
-272.9000000000001
-275.0
-276.0
-181.79999999999973
-269.9000000000001
-272.5
-274.0999999999999
-182.5999999999999
-267.6999999999998
-269.0
-179.19999999999982
-262.1999999999998
-173.19999999999982
-255.0999999999999
-255.9000000000001
-170.5999999999999
-249.5999999999999
-163.19999999999982
-242.0
-241.4000000000001
-156.5999999999999
-233.20000000000005
-149.20000000000005
-225.70000000000005
-141.5999999999999
-217.0
-215.70000000000005
-133.20000000000005
-206.39999999999986
-205.70000000000005
-203.89999999999986
-202.89999999999986
-109.79999999999995
-189.39999999999986
-187.89999999999986
-188.29999999999995
-121.79999999999995
-176.70000000000005
-177.79999999999995
-133.0999999999999
-171.0
-171.20000000000005
-136.5
-166.39999999999986
-144.70000000000005
-165.89999999999986
-165.5
-142.0999999999999
-163.39999999999986
-164.0999999999999
-164.89999999999986
-164.79999999999995
-165.70000000000005
-166.70000000000005
-167.79999999999995
-168.0
-168.20000000000005
-171.39999999999986
-172.89999999999986
-173.5
-174.0999999999999
-176.70000000000005
-178.5
-179.39999999999986
-179.29999999999995
-97.09999999999991
-171.5999999999999
-172.29999999999995
-173.0
-166.70000000000005
-173.70000000000005
-174.39999999999986
-175.0999999999999
-175.79999999999995
-176.5
-177.20000000000005
-177.89999999999986
-178.5999999999999
-179.29999999999995
-180.0
-180.70000000000005
-181.39999999999986
-182.0999999999999
-182.79999999999995
-183.5
-184.20000000000005
-184.89999999999986
-185.5999999999999
-186.29999999999995
-187.0
-187.70000000000005
-188.39999999999986
-189.0999999999999
-190.79999999999995
-191.5999999999999
-193.39999999999986
-194.29999999999995
-194.20000000000005
-103.0
-185.5999999999999
-186.29999999999995
-187.0
-104.70000000000005
-180.0999999999999
-180.79999999999995
-112.5
-175.29999999999995
-176.0
-176.70000000000005
-177.39999999999986
-178.0999999999999
-179.79999999999995
-181.5999999999999
-183.5
-185.5
-187.5999999999999
-189.79999999999995
-192.0999999999999
-193.5
-195.89999999999986
-198.39999999999986
-201.0
-203.70000000000005
-205.5
-208.29999999999995
-210.20000000000005
-213.0999999999999
-216.0999999999999
-219.20000000000005
-223.39999999999986
-225.79999999999995
-129.20000000000005
-220.70000000000005
-220.0999999999999
-221.20000000000005
-127.20000000000005
-213.5999999999999
-214.39999999999986
-121.09999999999991
-206.29999999999995
-206.79999999999995
-115.20000000000005
-197.29999999999995
-198.39999999999986
-108.5
-188.5
-99.29999999999995
-180.0999999999999
-178.79999999999995
-90.29999999999995
-167.89999999999986
-81.09999999999991
-158.5999999999999
-71.70000000000005
-148.0999999999999
-63.0
-139.39999999999986
-52.299999999999955
-126.5
-126.0
-44.5
-115.89999999999986
-114.29999999999995
-112.59999999999991
-44.799999999999955
-105.29999999999995
-105.60000000000002
-105.0
-71.39999999999998
-102.5
-102.10000000000002
-102.69999999999993
-91.39999999999998
-102.0
-99.79999999999995
-102.39999999999998
-102.29999999999995
-104.19999999999993
-104.29999999999995
-105.39999999999998
-105.60000000000002
-106.79999999999995
-108.10000000000002
-109.5
-110.0
-110.5
-111.0
-111.5
-112.0
-112.5
-113.0
-113.5
-114.0
-113.5
-113.89999999999998
-114.29999999999995
-113.69999999999993
-16.0
-104.5
-104.79999999999995
-105.10000000000002
-105.39999999999998
-105.69999999999993
-106.0
-106.29999999999995
-106.60000000000002
-106.89999999999998
-107.19999999999993
-107.5
-107.79999999999995
-108.10000000000002
-108.39999999999998
-108.69999999999993
-109.0
-109.29999999999995
-109.60000000000002
-109.89999999999998
-110.19999999999993
-110.5
-110.79999999999995
-111.10000000000002
-111.39999999999998
-111.69999999999993
-113.0
-113.39999999999998
-113.79999999999995
-114.19999999999993
-114.60000000000002
-115.0
-114.39999999999998
-51.69999999999993
-108.69999999999993
-109.0
-109.29999999999995
-109.60000000000002
-109.89999999999998
-110.19999999999993
-110.5
-110.79999999999995
-111.10000000000002
-110.39999999999998
-110.60000000000002
-110.79999999999995
-112.0
-112.29999999999995
-113.60000000000002
-115.0
-116.5
-118.10000000000002
-119.79999999999995
-121.60000000000002
-123.5
-124.5
-126.5
-128.5999999999999
-130.79999999999995
-132.0999999999999
-135.39999999999986
-137.89999999999986
-139.5
-141.0999999999999
-142.70000000000005
-143.29999999999995
-45.799999999999955
-134.39999999999986
-133.70000000000005
-132.79999999999995
-37.700000000000045
-123.0
-122.70000000000005
-29.299999999999955
-113.5
-113.0
-20.399999999999977
-103.5
-11.799999999999955
-92.89999999999998
-90.0
-1.7999999999999545
-79.79999999999995
7.5
-70.5
16.800000000000068
-60.19999999999993
-59.799999999999955
24.600000000000023
33.400000000000034
-43.80000000000001
40.400000000000034
-36.0
-35.89999999999998
47.19999999999999
-28.400000000000006
-28.400000000000006
-28.400000000000006
-28.400000000000006
43.599999999999994
-21.19999999999999
-22.19999999999999
-22.299999999999983
16.599999999999994
-18.599999999999994
-18.69999999999999
-18.799999999999983
-18.900000000000006
-19.0
-20.099999999999994
-20.299999999999983
-22.5
-22.900000000000006
-24.299999999999983
-24.799999999999983
-25.299999999999983
-26.799999999999983
-27.400000000000006
-28.0
-28.599999999999994
-29.19999999999999
-29.799999999999983
-30.400000000000006
-31.0
-31.599999999999994
-32.19999999999999
-32.79999999999998
-33.400000000000006
-34.0
-34.599999999999966
-35.19999999999999
-35.80000000000001
-36.39999999999998
-37.0
-37.599999999999966
-38.19999999999999
-38.80000000000001
-39.39999999999998
-40.0
-40.599999999999966
-41.19999999999999
-42.80000000000001
-43.5
-44.19999999999999
-44.89999999999998
-45.599999999999966
-46.30000000000001
-47.0
-47.69999999999999
-48.39999999999998
-49.099999999999966
-49.80000000000001
-50.5
-51.19999999999999
-51.89999999999998
-52.599999999999966
-53.30000000000001
-54.0
-54.69999999999999
-55.39999999999998
-56.099999999999966
-56.80000000000001
-57.5
-58.19999999999999
-57.89999999999998
-5.5
-53.80000000000001
-54.39999999999998
-55.0
-55.599999999999966
-56.19999999999999
-55.80000000000001
-56.30000000000001
-57.80000000000001
-58.39999999999998
-59.0
-59.599999999999966
-60.19999999999999
-60.80000000000001
-62.39999999999998
-64.09999999999997
-64.89999999999998
-66.69999999999993
-67.60000000000002
-68.5
-69.39999999999998
-70.29999999999995
-71.19999999999993
-72.10000000000002
-73.0
-73.89999999999998
-74.79999999999995
-75.69999999999993
-76.60000000000002
-77.5
-78.39999999999998
-79.29999999999995
-79.19999999999993
20.0
-67.79999999999995
-67.29999999999995
-65.69999999999993
30.100000000000023
-55.5
-55.599999999999966
38.30000000000001
-45.39999999999998
-45.39999999999998
45.60000000000002
-36.30000000000001
-36.30000000000001
53.69999999999999
-27.299999999999983
60.70000000000002
-19.5
66.4
-12.099999999999994
51.7
-6.100000000000001
26.700000000000003
-3.1999999999999993
-3.4000000000000004
-3.5999999999999996
-3.8000000000000007
-4.0
-4.199999999999999
-4.399999999999999
-4.599999999999998
-4.800000000000001
-5.0
-4.199999999999999
10.7
-2.8999999999999986
-3.0
-3.099999999999998
-4.199999999999999
-4.399999999999999
-4.599999999999998
-4.800000000000001
-5.0
-5.199999999999999
-5.399999999999999
-5.600000000000001
-5.799999999999997
-6.0
-6.199999999999996
-6.399999999999999
-6.600000000000001
-6.799999999999997
-7.0
-7.199999999999996
-7.399999999999999
-7.600000000000001
-7.799999999999997
-8.0
-8.199999999999996
-8.399999999999999
-8.600000000000001
-8.799999999999997
-9.0
-9.200000000000003
-9.399999999999991
-9.599999999999994
-8.799999999999997
41.10000000000001
-4.0
-4.099999999999998
-4.199999999999999
-4.300000000000001
-4.399999999999999
-4.5
-4.600000000000001
-4.699999999999996
-4.799999999999997
-4.899999999999999
-5.0
-5.100000000000001
-5.199999999999996
-5.299999999999997
-5.399999999999999
-5.5
-5.600000000000001
-5.699999999999996
-5.799999999999997
-5.899999999999999
-6.0
-6.100000000000001
-6.199999999999996
-6.299999999999997
-6.399999999999999
-6.5
-6.600000000000001
-6.699999999999996
-6.799999999999997
-6.899999999999999
-7.0
-6.100000000000001
54.9
0.0
0.0
0.0
0.0
0.0
0.0
0.0
0.0
0.0
0.0
0.0
0.0
0.0
0.0
0.0
0.0
0.0
0.0
0.0
0.0
0.0
0.0
0.0
0.0
0.0
0.0
0.0
0.0
0.0
0.0
0.0
0.0
0.0
0.0
0.0
0.0
0.0
0.0
0.0
0.0
0.0
0.0
0.0
0.0
0.0
0.0
0.0
0.0
0.0
0.0
0.0
0.0
0.0
0.0
0.0
0.0
0.0
0.0
0.0
0.0
0.0
0.0
0.0
0.0
0.0
0.0
0.0
0.0
0.0
0.0
0.0
0.0
0.0
0.0
0.0
0.0
0.0
0.0
0.0
0.0
0.0
0.0
0.0
0.0
0.0
0.0
0.0
0.0
0.0
0.0
0.0
0.0
0.0
0.0
0.0
-1.0
-1.1
-1.2
-1.2999999999999998
-1.4
-1.5
-1.5999999999999996
-1.7000000000000002
-1.7999999999999998
-1.9000000000000004
-2.0
-2.0999999999999996
-2.1999999999999993
-2.299999999999999
-2.4000000000000004
-2.5
-2.5999999999999996
-2.6999999999999993
-2.8000000000000007
-2.8999999999999986
-3.0
-3.099999999999998
-3.1999999999999993
-3.3000000000000007
-3.3999999999999986
-3.5
-3.599999999999998
-3.6999999999999993
-3.8000000000000007
-4.899999999999999
-5.099999999999998
-5.300000000000001
-5.5
-5.699999999999996
-5.899999999999999
-5.100000000000001
0.8000000000000043
-4.699999999999996
-4.799999999999997
-4.899999999999999
-5.0
-5.100000000000001
-5.199999999999996
-5.299999999999997
-5.399999999999999
-5.5
-6.600000000000001
-6.799999999999997
-7.0
-7.199999999999996
-7.399999999999999
-7.600000000000001
-7.799999999999997
-8.0
-8.199999999999996
-8.399999999999999
-8.600000000000001
-8.799999999999997
-9.0
-9.200000000000003
-9.399999999999991
-9.599999999999994
-9.799999999999997
-10.0
-10.200000000000003
-10.399999999999991
-10.599999999999994
-10.799999999999997
-10.0
57.900000000000006
-3.3999999999999986
-3.5
-3.599999999999998
-3.6999999999999993
-3.8000000000000007
-3.8999999999999986
-4.0
-4.099999999999998
-4.199999999999999
-4.300000000000001
-4.399999999999999
-4.5
-4.600000000000001
-4.699999999999996
-4.799999999999997
-4.899999999999999
-5.0
-5.100000000000001
-5.199999999999996
-5.299999999999997
-5.399999999999999
-5.5
-5.600000000000001
-5.699999999999996
-5.799999999999997
-5.899999999999999
-6.0
-6.100000000000001
-6.199999999999996
-6.299999999999997
-6.399999999999999
-5.5
49.5
0.0
0.0
0.0
0.0
0.0
0.0
0.0
0.0
0.0
0.0
0.0
0.0
0.0
0.0
0.0
0.0
0.0
0.0
0.0
0.0
0.0
0.0
0.0
0.0
0.0
0.0
0.0
0.0
0.0
0.0
0.0
0.0
0.0
0.0
0.0
0.0
0.0
0.0
0.0
0.0
0.0
0.0
0.0
0.0
0.0
0.0
0.0
0.0
0.0
0.0
0.0
0.0
0.0
0.0
0.0
0.0
0.0
0.0
0.0
0.0
0.0
0.0
0.0
0.0
0.0
0.0
0.0
0.0
0.0
0.0
0.0
0.0
0.0
0.0
0.0
0.0
0.0
0.0
0.0
0.0
0.0
0.0
0.0
0.0
0.0
0.0
0.0
0.0
0.0
0.0
0.0
0.0
0.0
0.0
0.0
0.0
0.0
0.0
-1.0
-2.1
-2.3
-2.5
-2.7
-2.9000000000000004
-3.0999999999999996
-3.299999999999999
-3.5
-3.6999999999999993
-3.8999999999999986
-4.099999999999998
-4.300000000000001
-4.5
-4.699999999999999
-4.899999999999999
-5.099999999999998
-5.300000000000001
-5.5
-5.699999999999996
-5.899999999999999
-6.100000000000001
-6.299999999999997
-6.5
-6.699999999999996
-6.899999999999999
-7.100000000000001
-7.299999999999997
-7.5
-7.699999999999996
-7.899999999999999
-8.100000000000001
-7.299999999999997
25.6
-3.1999999999999993
-3.1999999999999993
-3.1999999999999993
28.8
0.0
-1.0
-1.1
-1.2
-1.2999999999999998
-1.4
-1.5
-1.5999999999999996
-1.7000000000000002
-1.7999999999999998
-1.9000000000000004
-2.0
-2.0999999999999996
-2.1999999999999993
-2.299999999999999
-2.4000000000000004
-2.5
-2.5999999999999996
-2.6999999999999993
-2.8000000000000007
-2.8999999999999986
-3.0
-3.099999999999998
-3.1999999999999993
-3.3000000000000007
-3.3999999999999986
-3.5
-3.599999999999998
-3.6999999999999993
-3.8000000000000007
-3.8999999999999986
-5.0
-5.199999999999999
-5.399999999999999
-5.600000000000001
-5.799999999999997
-6.0
-6.199999999999996
-6.399999999999999
-6.600000000000001
-6.799999999999997
-7.0
-7.199999999999996
-8.399999999999999
-8.699999999999996
-9.0
-9.299999999999997
-9.600000000000001
-9.899999999999999
-10.200000000000003
-10.5
-10.799999999999997
-11.099999999999994
-11.399999999999991
-11.700000000000003
-12.0
-12.299999999999997
-12.599999999999994
-12.899999999999991
-13.200000000000003
-12.5
16.299999999999997
-10.0
-10.200000000000003
-10.399999999999991
-10.599999999999994
-10.799999999999997
-11.0
-11.200000000000003
-11.399999999999991
-11.599999999999994
-11.799999999999997
-12.0
-12.200000000000003
-12.399999999999991
-12.599999999999994
-12.799999999999997
-13.0
-13.200000000000003
-13.399999999999991
-13.599999999999994
-13.799999999999997
-14.0
-14.200000000000003
-14.399999999999991
-14.599999999999994
-14.799999999999997
-15.0
-15.200000000000003
-15.399999999999991
-15.599999999999994
-15.799999999999997
-16.0
-15.200000000000003
76.70000000000002
-6.199999999999996
-6.299999999999997
-6.399999999999999
-6.5
-6.600000000000001
-6.699999999999996
-6.799999999999997
-6.899999999999999
-7.0
-7.100000000000001
-7.199999999999996
-7.299999999999997
-7.399999999999999
-7.5
-7.600000000000001
-7.699999999999996
-7.799999999999997
-7.899999999999999
-8.0
-8.100000000000001
-8.200000000000003
-8.299999999999997
-8.399999999999991
-8.5
-8.599999999999994
-8.700000000000003
-8.799999999999997
-8.899999999999991
-9.0
-9.099999999999994
-9.200000000000003
-8.299999999999997
74.7
0.0
0.0
-1.0
-1.1
-1.2
-1.2999999999999998
-1.4
-1.5
-1.5999999999999996
-1.7000000000000002
-1.7999999999999998
-1.9000000000000004
-2.0
-2.0999999999999996
-2.1999999999999993
-2.299999999999999
-2.4000000000000004
-2.5
-2.5999999999999996
-2.6999999999999993
-2.8000000000000007
-2.8999999999999986
-3.0
-3.099999999999998
-3.1999999999999993
-3.3000000000000007
-3.3999999999999986
-3.5
-3.599999999999998
-3.6999999999999993
-3.8000000000000007
-3.8999999999999986
-4.0
-4.099999999999998
-4.199999999999999
-4.300000000000001
-4.399999999999999
-4.5
-4.600000000000001
-4.699999999999996
-4.799999999999997
-4.899999999999999
-5.0
-5.100000000000001
-5.199999999999996
-5.299999999999997
-5.399999999999999
-5.5
-5.600000000000001
-5.699999999999996
-6.799999999999997
-7.0
-7.199999999999996
-7.399999999999999
-7.600000000000001
-7.799999999999997
-8.0
-8.199999999999996
-8.399999999999999
-8.600000000000001
-8.799999999999997
-9.0
-10.200000000000003
-10.5
-9.799999999999997
-8.0
-10.0
-10.200000000000003
-10.399999999999991
-10.599999999999994
-10.799999999999997
-11.0
-11.200000000000003
-11.399999999999991
-11.599999999999994
-11.799999999999997
-12.0
-12.200000000000003
-12.399999999999991
-12.599999999999994
-13.799999999999997
-14.099999999999994
-14.399999999999991
-14.700000000000003
-15.0
-15.299999999999997
-15.599999999999994
-15.899999999999991
-16.200000000000003
-16.5
-16.799999999999997
-17.099999999999994
-17.400000000000006
-17.69999999999999
-18.0
-18.299999999999983
-18.599999999999994
-17.900000000000006
77.9
-7.699999999999996
-7.799999999999997
-7.899999999999999
10.0
-6.299999999999997
-6.399999999999999
-6.5
-6.600000000000001
-6.699999999999996
-6.799999999999997
-6.899999999999999
-7.0
-7.100000000000001
-7.199999999999996
-7.299999999999997
-7.399999999999999
-7.5
-7.600000000000001
-7.699999999999996
-7.799999999999997
-7.899999999999999
-8.0
-8.100000000000001
-8.200000000000003
-8.299999999999997
-8.399999999999991
-8.5
-8.599999999999994
-8.700000000000003
-8.799999999999997
-8.899999999999991
-8.0
72.0
0.0
0.0
0.0
0.0
0.0
0.0
0.0
0.0
0.0
0.0
0.0
0.0
0.0
0.0
0.0
0.0
0.0
0.0
0.0
0.0
0.0
0.0
0.0
0.0
0.0
0.0
0.0
0.0
0.0
0.0
0.0
0.0
0.0
0.0
0.0
0.0
0.0
0.0
0.0
0.0
0.0
0.0
0.0
0.0
0.0
0.0
0.0
-1.0
-1.1
-1.2
-1.2999999999999998
-1.4
-1.5
-1.5999999999999996
-1.7000000000000002
-1.7999999999999998
-1.9000000000000004
-2.0
-2.0999999999999996
-2.1999999999999993
-2.299999999999999
-2.4000000000000004
-2.5
-2.5999999999999996
-2.6999999999999993
-2.8000000000000007
-2.8999999999999986
-3.0
-3.099999999999998
-3.1999999999999993
-3.3000000000000007
-3.3999999999999986
-3.5
-3.599999999999998
-3.6999999999999993
-3.8000000000000007
-3.8999999999999986
-4.0
-4.099999999999998
-4.199999999999999
-4.300000000000001
-4.399999999999999
-4.5
-4.600000000000001
-4.699999999999996
-4.799999999999997
-4.899999999999999
-5.0
-5.100000000000001
-5.199999999999996
-5.299999999999997
-5.399999999999999
-5.5
-5.600000000000001
-5.699999999999996
-5.799999999999997
-5.899999999999999
-5.0
45.0
0.0
0.0
0.0
0.0
0.0
0.0
0.0
0.0
0.0
0.0
0.0
0.0
0.0
0.0
0.0
0.0
0.0
0.0
0.0
0.0
0.0
0.0
0.0
0.0
0.0
0.0
0.0
0.0
0.0
0.0
0.0
0.0
0.0
0.0
0.0
0.0
0.0
0.0
0.0
0.0
0.0
0.0
0.0
0.0
0.0
0.0
0.0
0.0
0.0
0.0
0.0
0.0
0.0
0.0
0.0
0.0
0.0
0.0
-1.0
-1.1
-1.2
-1.2999999999999998
-1.4
-1.5
-2.5999999999999996
-2.8
-3.0
-3.1999999999999993
-3.4000000000000004
-3.5999999999999996
-3.8000000000000007
-4.0
-4.199999999999999
-4.399999999999999
-4.599999999999998
-4.800000000000001
-5.0
-5.199999999999999
-5.399999999999999
-5.600000000000001
-5.799999999999997
-6.0
-6.199999999999996
-6.399999999999999
-6.600000000000001
-6.799999999999997
-7.0
-7.199999999999996
-7.399999999999999
-7.600000000000001
-8.799999999999997
-9.100000000000001
-9.399999999999999
-9.699999999999996
-10.0
-10.299999999999997
-10.599999999999994
-9.899999999999991
29.900000000000006
-5.299999999999997
-5.399999999999999
-5.5
28.4
-2.299999999999999
-2.4000000000000004
-2.5
-2.5999999999999996
-2.6999999999999993
-2.8000000000000007
-2.8999999999999986
-3.0
-3.099999999999998
-3.1999999999999993
-3.3000000000000007
-3.3999999999999986
-3.5
-4.599999999999998
-4.800000000000001
-5.0
-5.199999999999999
-5.399999999999999
-5.600000000000001
-5.799999999999997
-6.0
-6.199999999999996
-6.399999999999999
-6.600000000000001
-6.799999999999997
-7.0
-7.199999999999996
-7.399999999999999
32.4
-3.8000000000000007
-4.0
-4.199999999999999
-4.399999999999999
-4.599999999999998
-4.800000000000001
-5.0
-5.199999999999999
-5.399999999999999
-5.600000000000001
-5.799999999999997
-6.0
-6.199999999999996
-6.399999999999999
-6.600000000000001
-6.799999999999997
-7.0
-7.199999999999996
-7.399999999999999
-7.600000000000001
-7.799999999999997
-8.0
-8.199999999999996
-8.399999999999999
-8.600000000000001
-8.799999999999997
-9.0
-9.200000000000003
-9.399999999999991
-9.599999999999994
-9.799999999999997
-9.0
37.900000000000006
-4.5
-4.600000000000001
-4.699999999999996
-4.799999999999997
-4.899999999999999
-5.0
-5.100000000000001
-5.199999999999996
-5.299999999999997
-5.399999999999999
-5.5
-5.600000000000001
-5.699999999999996
-5.799999999999997
-5.899999999999999
-6.0
-7.100000000000001
-7.299999999999997
-7.5
-7.699999999999996
-7.899999999999999
-8.100000000000001
-8.299999999999997
-8.5
-8.699999999999996
-8.899999999999999
-9.100000000000001
-9.299999999999997
-9.5
-9.700000000000003
-9.899999999999991
-9.099999999999994
56.8
-2.6999999999999993
-2.8000000000000007
-2.8999999999999986
-3.0
-4.099999999999998
-4.300000000000001
-4.5
-4.699999999999999
-4.899999999999999
-5.099999999999998
-5.300000000000001
-5.5
-5.699999999999996
-5.899999999999999
-6.100000000000001
-6.299999999999997
-6.5
-6.699999999999996
-6.899999999999999
-7.100000000000001
-7.299999999999997
-7.5
-7.699999999999996
-7.899999999999999
-8.100000000000001
-8.299999999999997
-8.5
-8.699999999999996
-8.899999999999999
-9.100000000000001
-9.299999999999997
-8.5
40.400000000000006
-2.8000000000000007
-2.8000000000000007
-2.8000000000000007
25.2
0.0
0.0
0.0
0.0
0.0
0.0
-1.0
-1.1
-1.2
-1.2999999999999998
-1.4
-1.5
-1.5999999999999996
-1.7000000000000002
-1.7999999999999998
-1.9000000000000004
-2.0
-2.0999999999999996
-2.1999999999999993
-2.299999999999999
-2.4000000000000004
-2.5
-2.5999999999999996
-2.6999999999999993
-2.8000000000000007
-2.8999999999999986
-3.0
-3.099999999999998
-3.1999999999999993
-3.3000000000000007
-3.3999999999999986
-3.5
-3.599999999999998
-3.6999999999999993
-3.8000000000000007
-3.8999999999999986
-4.0
-4.099999999999998
-4.199999999999999
-4.300000000000001
-4.399999999999999
-4.5
-4.600000000000001
-4.699999999999996
-4.799999999999997
-4.899999999999999
-5.0
-5.100000000000001
-5.199999999999996
-5.299999999999997
-5.399999999999999
-5.5
-5.600000000000001
-5.699999999999996
-5.799999999999997
-5.899999999999999
-6.0
-6.100000000000001
-6.199999999999996
-6.299999999999997
-5.399999999999999
48.6
0.0
0.0
0.0
0.0
0.0
0.0
0.0
0.0
0.0
0.0
0.0
0.0
0.0
0.0
0.0
0.0
0.0
0.0
0.0
0.0
0.0
0.0
0.0
0.0
0.0
0.0
0.0
0.0
0.0
0.0
0.0
0.0
0.0
0.0
0.0
0.0
0.0
0.0
0.0
0.0
0.0
0.0
0.0
0.0
0.0
0.0
0.0
0.0
0.0
0.0
0.0
0.0
0.0
0.0
0.0
0.0
0.0
0.0
0.0
0.0
0.0
0.0
0.0
0.0
0.0
0.0
0.0
0.0
0.0
0.0
0.0
0.0
0.0
0.0
0.0
0.0
0.0
0.0
0.0
0.0
0.0
0.0
0.0
0.0
0.0
0.0
0.0
0.0
0.0
0.0
0.0
0.0
0.0
0.0
0.0
0.0
0.0
0.0
0.0
0.0
0.0
0.0
0.0
0.0
0.0
0.0
0.0
0.0
0.0
0.0
0.0
0.0
0.0
0.0
0.0
0.0
0.0
0.0
0.0
0.0
0.0
0.0
0.0
0.0
0.0
0.0
0.0
0.0
0.0
0.0
0.0
0.0
0.0
0.0
0.0
0.0
0.0
0.0
0.0
0.0
0.0
0.0
0.0
0.0
0.0
0.0
0.0
0.0
0.0
0.0
0.0
0.0
0.0
0.0
0.0
0.0
0.0
0.0
0.0
0.0
0.0
0.0
0.0
0.0
0.0
0.0
0.0
0.0
0.0
0.0
0.0
0.0
0.0
0.0
0.0
0.0
0.0
0.0
0.0
0.0
0.0
0.0
0.0
0.0
0.0
0.0
0.0
0.0
0.0
0.0
0.0
0.0
0.0
0.0
0.0
0.0
0.0
0.0
0.0
0.0
0.0
0.0
0.0
0.0
0.0
0.0
0.0
0.0
0.0
0.0
0.0
0.0
0.0
0.0
0.0
0.0
0.0
0.0
0.0
0.0
0.0
0.0
0.0
0.0
0.0
0.0
0.0
0.0
0.0
0.0
0.0
0.0
0.0
0.0
0.0
0.0
0.0
0.0
0.0
0.0
0.0
0.0
0.0
0.0
0.0
0.0
0.0
0.0
0.0
0.0
0.0
0.0
0.0
0.0
0.0
0.0
0.0
0.0
0.0
0.0
0.0
0.0
0.0
0.0
0.0
0.0
0.0
0.0
0.0
0.0
0.0
0.0
0.0
0.0
0.0
0.0
0.0
0.0
0.0
0.0
0.0
0.0
0.0
0.0
0.0
0.0
0.0
0.0
0.0
0.0
0.0
0.0
0.0
0.0
0.0
0.0
0.0
0.0
0.0
0.0
0.0
0.0
0.0
0.0
0.0
0.0
0.0
0.0
0.0
0.0
0.0
0.0
0.0
0.0
0.0
0.0
0.0
0.0
0.0
0.0
0.0
0.0
0.0
0.0
0.0
0.0
0.0
0.0
0.0
0.0
0.0
0.0
0.0
0.0
0.0
0.0
0.0
0.0
0.0
0.0
0.0
0.0
0.0
0.0
0.0
0.0
0.0
0.0
0.0
0.0
0.0
0.0
0.0
0.0
0.0
0.0
0.0
0.0
0.0
0.0
0.0
0.0
0.0
0.0
0.0
0.0
0.0
0.0
0.0
0.0
0.0
0.0
0.0
0.0
0.0
0.0
0.0
0.0
0.0
0.0
0.0
0.0
0.0
0.0
0.0
0.0
0.0
0.0
0.0
0.0
0.0
0.0
0.0
0.0
0.0
0.0
0.0
0.0
0.0
0.0
0.0
0.0
0.0
0.0
0.0
0.0
0.0
0.0
0.0
0.0
0.0
0.0
0.0
0.0
0.0
0.0
0.0
0.0
0.0
0.0
0.0
0.0
0.0
0.0
0.0
0.0
0.0
0.0
0.0
0.0
0.0
0.0
0.0
0.0
0.0
0.0
0.0
0.0
0.0
0.0
0.0
0.0
0.0
0.0
0.0
0.0
0.0
0.0
0.0
0.0
0.0
0.0
0.0
0.0
0.0
0.0
0.0
0.0
0.0
0.0
0.0
0.0
0.0
0.0
0.0
0.0
0.0
0.0
0.0
0.0
0.0
0.0
0.0
0.0
0.0
0.0
0.0
0.0
0.0
0.0
0.0
0.0
0.0
0.0
0.0
0.0
0.0
0.0
0.0
0.0
0.0
0.0
0.0
0.0
0.0
0.0
0.0
0.0
0.0
0.0
0.0
0.0
0.0
0.0
0.0
0.0
0.0
0.0
0.0
0.0
0.0
0.0
0.0
0.0
0.0
0.0
0.0
0.0
0.0
0.0
0.0
0.0
0.0
0.0
0.0
0.0
0.0
0.0
0.0
0.0
0.0
0.0
0.0
0.0
0.0
0.0
0.0
0.0
0.0
0.0
0.0
0.0
0.0
0.0
0.0
0.0
0.0
0.0
0.0
0.0
0.0
0.0
0.0
0.0
0.0
0.0
0.0
0.0
0.0
0.0
0.0
0.0
0.0
0.0
0.0
0.0
0.0
0.0
0.0
0.0
0.0
0.0
0.0
0.0
0.0
0.0
0.0
0.0
0.0
0.0
0.0
0.0
0.0
0.0
0.0
0.0
0.0
0.0
0.0
0.0
0.0
0.0
0.0
0.0
0.0
0.0
0.0
0.0
0.0
0.0
0.0
0.0
0.0
0.0
0.0
0.0
0.0
0.0
0.0
0.0
0.0
0.0
0.0
0.0
0.0
0.0
0.0
0.0
0.0
0.0
0.0
0.0
0.0
0.0
0.0
0.0
0.0
0.0
0.0
0.0
0.0
0.0
0.0
0.0
0.0
0.0
0.0
0.0
0.0
0.0
0.0
0.0
0.0
0.0
0.0
0.0
0.0
0.0
0.0
0.0
0.0
0.0
0.0
0.0
0.0
0.0
0.0
0.0
0.0
0.0
0.0
0.0
0.0
0.0
0.0
0.0
0.0
0.0
0.0
0.0
0.0
0.0
0.0
0.0
0.0
0.0
0.0
0.0
0.0
0.0
0.0
0.0
0.0
0.0
0.0
0.0
0.0
0.0
0.0
0.0
0.0
0.0
0.0
0.0
0.0
0.0
0.0
0.0
0.0
0.0
0.0
0.0
0.0
0.0
0.0
0.0
0.0
0.0
0.0
0.0
0.0
0.0
0.0
0.0
0.0
0.0
0.0
0.0
0.0
0.0
0.0
0.0
0.0
0.0
0.0
0.0
0.0
0.0
0.0
0.0
0.0
0.0
0.0
0.0
0.0
0.0
0.0
0.0
0.0
0.0
0.0
0.0
0.0
0.0
0.0
0.0
0.0
0.0
0.0
0.0
0.0
0.0
0.0
0.0
0.0
0.0
0.0
0.0
0.0
0.0
0.0
0.0
0.0
0.0
0.0
0.0
0.0
0.0
0.0
0.0
0.0
0.0
0.0
0.0
0.0
0.0
0.0
0.0
0.0
0.0
0.0
0.0
0.0
0.0
0.0
0.0
0.0
0.0
0.0
0.0
0.0
0.0
0.0
0.0
0.0
0.0
0.0
0.0
0.0
0.0
0.0
0.0
0.0
0.0
0.0
0.0
0.0
0.0
0.0
0.0
0.0
0.0
0.0
0.0
0.0
0.0
0.0
0.0
0.0
0.0
0.0
0.0
0.0
0.0
0.0
0.0
0.0
0.0
0.0
0.0
0.0
0.0
0.0
0.0
0.0
0.0
0.0
0.0
0.0
0.0
0.0
0.0
0.0
0.0
0.0
0.0
0.0
0.0
0.0
-1.0
-1.1
-1.2
-1.2999999999999998
-1.4
-1.5
-1.5999999999999996
-1.7000000000000002
-1.7999999999999998
-1.9000000000000004
-2.0
-2.0999999999999996
-2.1999999999999993
-2.299999999999999
-2.4000000000000004
-2.5
-2.5999999999999996
-2.6999999999999993
-2.8000000000000007
-2.8999999999999986
-3.0
-3.099999999999998
-3.1999999999999993
-3.3000000000000007
-3.3999999999999986
-3.5
-3.599999999999998
-3.6999999999999993
-3.8000000000000007
-3.8999999999999986
-4.0
-4.099999999999998
-4.199999999999999
-4.300000000000001
-4.399999999999999
-4.5
-4.600000000000001
-4.699999999999996
-4.799999999999997
-4.899999999999999
-5.0
-5.100000000000001
-5.199999999999996
-5.299999999999997
-5.399999999999999
-5.5
-5.600000000000001
-5.699999999999996
-5.799999999999997
-5.899999999999999
-6.0
-6.100000000000001
-6.199999999999996
-6.299999999999997
-6.399999999999999
-6.5
-6.600000000000001
-6.699999999999996
-6.799999999999997
-6.899999999999999
