68.38296296296296
67.31
64.31111111111112
67.49981481481481
66.10166666666667
67.30981481481481
66.57314814814815
64.16962962962963
65.12611111111111
65.10537037037037
67.17574074074074
65.48425925925926
63.18851851851852
64.5425925925926
61.864814814814814
63.69888888888889
62.82925925925926
62.913518518518515
64.02833333333334
58.43314814814815
60.66444444444444
59.51425925925926
65.49037037037037
59.2987037037037
57.60592592592592
58.510925925925925
60.72296296296296
58.412962962962965
57.367037037037036
56.49777777777778
57.7012962962963
57.10296296296296
56.13351851851852
54.40018518518519
53.28333333333333
55.25666666666667
53.14314814814815
52.32888888888889
56.038148148148146
56.014074074074074
49.2337037037037
50.93981481481482
52.245185185185186
48.34851851851852
50.62555555555556
49.40759259259259
43.260185185185186
52.02388888888889
52.796851851851855
44.75333333333333
51.25685185185185
44.00907407407407
46.2987037037037
44.245925925925924
58.16037037037037
42.83351851851852
42.73166666666667
47.315
47.68685185185185
42.71666666666667
44.59962962962963
43.35981481481482
42.70722222222222
38.514074074074074
38.80537037037037
42.80740740740741
40.77351851851852
40.22759259259259
39.833333333333336
40.33555555555556
38.583703703703705
38.45425925925926
36.1737037037037
35.209074074074074
34.60351851851852
32.75222222222222
35.6562962962963
36.42611111111111
47.8512962962963
32.995925925925924
30.872222222222224
33.25111111111111
33.340185185185184
34.00666666666667
38.78074074074074
29.007037037037037
34.04481481481481
32.66111111111111
36.79037037037037
29.81833333333333
35.33425925925926
32.532222222222224
27.20111111111111
28.441296296296297
28.183703703703703
29.265555555555554
31.529444444444444
28.704444444444444
30.136296296296297
33.647222222222226
