-94163.0
-91590.0
-94866.0
-101472.0
-91934.0
-96843.0
-95125.0
-98815.0
-91100.0
-99479.0
-101496.0
-99201.0
-106937.0
-100561.0
-102724.0
-99828.0
-109417.0
-107846.0
-101607.0
-94832.0
-97823.0
-100964.0
-99226.0
-98966.0
-99687.0
-100938.0
-104780.0
-101818.0
-98600.0
-100887.0
-97316.0
-95662.0
-92328.0
-96766.0
-87899.0
-101243.0
-95753.0
-94495.0
-102466.0
-98256.0
-83815.0
-91244.0
-91656.0
-89509.0
-101395.0
-98583.0
-89011.0
-94354.0
-124374.0
-81068.0
-91690.0
-79310.0
-76368.0
-76093.0
-132067.0
-93396.0
-97586.0
-116433.0
-77573.0
-82203.0
-91189.0
-73877.0
-75480.0
-91418.0
-78362.0
-71234.0
-77750.0
-84076.0
-69155.0
-79748.0
-72979.0
-71562.0
-72842.0
-73365.0
-61860.0
-70980.0
-81048.0
-83474.0
-123847.0
-61766.0
-71321.0
-75997.0
-65924.0
-83391.0
-128349.0
-59144.0
-81809.0
-82222.0
-91860.0
-78662.0
-111649.0
-71265.0
-62389.0
-63719.0
-64636.0
-80987.0
-66093.0
-75719.0
-90333.0
-101699.0
