369268
363474
347280
364499
356949
363473
359495
346516
351681
351569
362749
353615
341218
348530
334070
343974
339278
339733
345753
315539
327588
321377
353648
320213
311072
315959
327904
315430
309782
305088
311587
308356
303121
293761
287730
298386
286973
282576
302606
302476
265862
275075
282124
261082
273378
266801
233605
280929
285103
241668
276787
237649
250013
238928
314066
231301
230751
255501
257509
230670
240838
234143
230619
207976
209549
231160
220177
217229
215100
217812
208352
207653
195338
190129
186859
176862
192544
196701
258397
178178
166710
179556
180037
183636
209416
156638
183842
176370
198668
161019
190805
175674
146886
153583
152192
158034
170259
155004
162736
181695
