0.0
0.0
0.0
0.0
0.0
0.0
0.0
0.0
0.0
0.0
0.0
0.0
0.0
0.0
0.0
0.0
0.0
0.0
0.0
0.0
0.0
0.0
0.0
0.0
0.0
0.0
0.0
0.0
0.0
0.0
0.0
0.0
0.0
0.0
0.0
0.0
0.0
0.0
0.0
0.0
0.0
0.0
0.0
0.0
0.0
0.0
0.0
0.0
-1.0
-1.1
-1.2
-1.2999999999999998
-1.4
-1.5
-1.5999999999999996
-1.7000000000000002
-1.7999999999999998
-1.9000000000000004
-2.0
-2.0999999999999996
-2.1999999999999993
-1.299999999999999
11.700000000000001
0.0
0.0
0.0
0.0
0.0
0.0
0.0
0.0
0.0
0.0
0.0
0.0
0.0
0.0
0.0
0.0
0.0
0.0
0.0
0.0
0.0
0.0
0.0
0.0
0.0
-1.0
-1.1
-1.2
-1.2999999999999998
-1.4
-1.5
-1.5999999999999996
-1.7000000000000002
-1.7999999999999998
-1.9000000000000004
-2.0
-2.0999999999999996
-2.1999999999999993
-2.299999999999999
-2.4000000000000004
-1.5
13.5
-1.0
-1.1
-1.2
-1.2999999999999998
-1.4
-1.5
-1.5999999999999996
-1.7000000000000002
-1.7999999999999998
-2.9000000000000004
-2.0999999999999996
8.8
-0.19999999999999996
-0.19999999999999996
-0.19999999999999996
1.8
0.0
0.0
-1.0
-1.1
-1.2
-1.2999999999999998
-1.4
-1.5
-1.5999999999999996
-1.7000000000000002
-1.7999999999999998
-1.9000000000000004
-2.0
-1.0999999999999996
9.9
0.0
0.0
0.0
0.0
0.0
0.0
0.0
0.0
0.0
0.0
0.0
0.0
-1.0
-2.1
-2.3
-1.5
0.40000000000000036
-1.5
-2.5999999999999996
-2.8
-3.0
-3.1999999999999993
-2.4000000000000004
7.5
-1.5999999999999996
-1.7000000000000002
-1.7999999999999998
-1.9000000000000004
-2.0
-2.0999999999999996
8.8
-1.2
-2.3
-2.5
-3.7
-5.0
-4.4
0.3000000000000007
-4.5
-4.800000000000001
-5.099999999999998
-3.3999999999999986
-6.5
-6.899999999999999
-7.300000000000001
-7.699999999999996
-8.100000000000001
-8.5
-8.899999999999999
-9.299999999999997
-9.699999999999996
-10.100000000000001
-10.5
-10.899999999999999
-11.299999999999997
-10.700000000000003
16.0
-7.600000000000001
-6.799999999999997
-6.899999999999999
14.0
-5.0
-5.100000000000001
13.800000000000004
-3.3999999999999986
13.5
-1.9000000000000004
-2.0
-2.0999999999999996
-2.1999999999999993
-2.299999999999999
-2.4000000000000004
-2.5
-2.5999999999999996
-2.6999999999999993
-2.8000000000000007
-2.8999999999999986
-3.0
-3.099999999999998
-3.1999999999999993
-3.3000000000000007
-3.3999999999999986
-3.5
-4.599999999999998
-4.800000000000001
-5.0
-5.199999999999999
-5.399999999999999
-4.600000000000001
26.300000000000004
-1.7000000000000002
-1.7999999999999998
-1.9000000000000004
-2.0
-2.0999999999999996
-2.1999999999999993
-2.299999999999999
-2.4000000000000004
-2.5
-3.5999999999999996
-2.8000000000000007
13.100000000000001
-2.4
-2.5999999999999996
-2.8
-3.0
-4.199999999999999
-5.5
-5.899999999999999
-6.300000000000001
-6.699999999999999
-7.099999999999998
-7.5
6.100000000000001
-6.899999999999999
-7.300000000000001
-7.699999999999996
3.8999999999999986
-7.300000000000001
-7.699999999999996
-8.100000000000001
-8.5
-8.899999999999999
-9.299999999999997
-9.699999999999996
-10.100000000000001
-10.5
-10.899999999999999
-12.299999999999997
-13.799999999999997
-15.399999999999991
-15.099999999999994
10.299999999999997
-11.700000000000003
-11.099999999999994
-11.399999999999991
13.299999999999997
-9.5
-9.799999999999997
10.899999999999999
-8.299999999999997
11.399999999999999
-6.899999999999999
-8.199999999999996
-8.600000000000001
-9.0
-9.399999999999999
-9.799999999999997
-10.199999999999996
-10.600000000000001
-11.0
-11.399999999999991
-11.799999999999997
-12.200000000000003
-12.599999999999994
-13.0
-13.399999999999991
-13.799999999999997
-14.200000000000003
-13.599999999999994
1.1000000000000085
-15.700000000000003
-16.299999999999997
-16.89999999999999
-16.5
20.0
-12.799999999999997
-12.200000000000003
-12.5
23.200000000000003
-9.5
-9.799999999999997
25.9
-7.799999999999997
-8.199999999999996
-2.6000000000000014
-8.399999999999999
-8.799999999999997
-9.199999999999996
-9.600000000000001
-10.0
-10.399999999999999
-10.799999999999997
-11.200000000000003
-11.599999999999994
-12.0
-12.399999999999991
-13.799999999999997
-14.299999999999997
-15.799999999999997
-15.399999999999991
15.100000000000009
-11.299999999999997
-10.599999999999994
-10.799999999999997
20.0
-7.100000000000001
-7.199999999999996
17.700000000000003
-5.899999999999999
-6.100000000000001
13.700000000000003
-4.5
-4.699999999999999
2.1000000000000014
-4.399999999999999
1.4000000000000021
-4.199999999999999
-2.3999999999999986
-4.399999999999999
-4.599999999999998
-5.800000000000001
-6.099999999999998
-6.399999999999999
-7.699999999999996
-9.100000000000001
-9.600000000000001
-10.100000000000001
-10.600000000000001
-12.100000000000001
-13.699999999999996
-14.399999999999991
-15.099999999999994
-14.799999999999997
11.600000000000009
-12.299999999999997
-12.799999999999997
-13.299999999999997
12.200000000000003
-10.699999999999996
-11.100000000000001
2.5
-10.5
-10.899999999999999
-11.299999999999997
-11.700000000000003
-13.099999999999994
-15.599999999999994
-16.299999999999997
-18.0
-18.799999999999997
-20.599999999999994
-21.5
0.6000000000000085
-20.0
-21.799999999999997
-21.700000000000003
-3.5
-23.39999999999999
-23.400000000000006
-24.299999999999983
-9.199999999999989
-25.5
-9.5
-25.799999999999983
-27.799999999999983
-19.900000000000006
-29.099999999999994
-28.19999999999999
-31.099999999999994
-32.19999999999999
-34.29999999999998
-35.5
-37.69999999999999
-40.0
-42.400000000000006
-44.89999999999998
-46.5
-49.099999999999966
-50.80000000000001
-53.5
-56.30000000000001
-59.19999999999999
-61.19999999999999
-64.19999999999999
-65.30000000000001
-15.300000000000011
-63.099999999999966
-65.0
-65.89999999999998
-15.699999999999989
-62.30000000000001
-63.89999999999998
-19.5
-61.5
-63.0
-23.5
-60.89999999999998
-25.30000000000001
-61.0
-25.5
-59.30000000000001
-59.69999999999999
-24.0
-57.599999999999966
-22.80000000000001
-55.39999999999998
-20.5
-53.0
-21.0
-52.69999999999999
-23.80000000000001
-52.89999999999998
-54.099999999999966
-55.30000000000001
-55.5
-40.599999999999966
-56.099999999999966
-58.19999999999999
-59.39999999999998
-60.599999999999966
-24.80000000000001
-61.30000000000001
-62.69999999999999
-64.09999999999997
-27.5
-63.099999999999966
-64.5
-36.89999999999998
-63.39999999999998
-65.69999999999999
-39.099999999999966
-66.69999999999999
-41.19999999999999
-69.0
-71.69999999999999
-47.5
-73.69999999999999
-55.599999999999966
-77.5
-60.60000000000002
-79.79999999999995
-75.89999999999998
-85.39999999999998
-87.69999999999993
-90.0
-92.29999999999995
-94.60000000000002
-97.89999999999998
-101.29999999999995
-102.79999999999995
-43.19999999999993
-102.39999999999998
-106.89999999999998
-110.60000000000002
-113.39999999999998
-117.19999999999993
-121.10000000000002
-56.10000000000002
-119.29999999999995
-122.19999999999993
-125.10000000000002
-61.0
-124.19999999999993
-129.10000000000002
-67.19999999999993
-129.79999999999995
-133.0
-70.19999999999993
-130.79999999999995
-68.79999999999995
-130.29999999999995
-133.29999999999995
-71.29999999999995
-130.79999999999995
-69.60000000000002
-129.0
-69.69999999999993
-127.19999999999993
-69.79999999999995
-125.39999999999998
-127.89999999999998
-81.39999999999998
-126.0
-128.29999999999995
-130.60000000000002
-134.89999999999998
-136.39999999999998
-62.799999999999955
-132.60000000000002
-133.89999999999998
-137.0999999999999
-139.39999999999986
-145.70000000000005
-146.39999999999986
-104.89999999999986
-147.0
-151.5
-153.20000000000005
-111.79999999999995
-153.0
-155.5
-115.0
-157.20000000000005
-159.79999999999995
-119.39999999999986
-162.70000000000005
-123.5
-166.0999999999999
-169.0999999999999
-128.0999999999999
-168.70000000000005
-128.5
-171.0
-172.89999999999986
-131.70000000000005
-173.0999999999999
-133.79999999999995
-175.29999999999995
-136.0999999999999
-176.70000000000005
-180.5
-184.39999999999986
-187.39999999999986
-191.39999999999986
-102.5
-189.39999999999986
-193.5999999999999
-197.89999999999986
-141.29999999999995
-199.70000000000005
-204.20000000000005
-147.79999999999995
-206.39999999999986
-209.0999999999999
-169.70000000000005
-212.0
-215.5999999999999
-219.20000000000005
-221.79999999999995
-226.29999999999995
-230.89999999999986
-234.5999999999999
-237.29999999999995
-241.89999999999986
-245.5999999999999
-168.29999999999995
-243.89999999999986
-245.5
-249.89999999999986
-176.39999999999986
-248.20000000000005
-252.5999999999999
-180.0999999999999
-252.0
-255.5
-186.0
-256.20000000000005
-188.79999999999995
-257.29999999999995
-260.0
-193.5999999999999
-258.20000000000005
-193.5999999999999
-256.20000000000005
-191.39999999999986
-251.79999999999995
-254.5999999999999
-191.4000000000001
-252.5999999999999
-254.29999999999973
-192.9000000000001
-252.0999999999999
-253.5999999999999
-256.0
-257.4000000000001
-163.69999999999982
-250.4000000000001
-253.5
-254.69999999999982
-186.79999999999973
-253.9000000000001
-257.1999999999998
-257.5999999999999
-264.7999999999997
-269.5
-272.4000000000001
-277.2999999999997
-283.4000000000001
-287.7999999999997
-214.29999999999973
-291.0999999999999
-295.0
-298.9000000000001
-227.79999999999973
-300.1999999999998
-303.1999999999998
-232.0999999999999
-303.5
-307.4000000000001
-240.29999999999973
-309.0999999999999
-241.0999999999999
-308.9000000000001
-310.7999999999997
-245.5
-307.2999999999997
-242.5999999999999
-306.0999999999999
-241.29999999999973
-305.6999999999998
-307.9000000000001
-245.0
-305.5
-307.4000000000001
-248.19999999999982
-306.7999999999997
-309.5999999999999
-312.4000000000001
-313.1999999999998
-248.79999999999973
-308.6999999999998
-310.0
-312.1999999999998
-247.4000000000001
-308.9000000000001
-311.0
-251.0999999999999
-308.0
-312.0
-313.1999999999998
-316.2999999999997
-318.5
-321.6999999999998
-325.0
-328.4000000000001
-330.9000000000001
-334.4000000000001
-336.0
-339.5
-341.0999999999999
-263.5999999999999
-335.0999999999999
-338.2999999999997
-338.5999999999999
-262.6999999999998
-334.0
-337.0
-339.0999999999999
-266.1999999999998
-334.7999999999997
-266.7999999999997
-330.7999999999997
-333.6999999999998
-264.6999999999998
-329.5999999999999
-265.5
-326.7999999999997
-264.6999999999998
-323.1999999999998
-260.0
-321.2999999999997
-259.1999999999998
-319.6999999999998
-259.6999999999998
-318.5
-319.5999999999999
-260.5999999999999
-315.5
-317.2999999999997
-235.0999999999999
-311.5
-312.1999999999998
-314.7999999999997
-314.5
-236.0
-312.5
-316.2999999999997
-236.29999999999973
-313.0999999999999
-316.1999999999998
-293.4000000000001
-319.0999999999999
-312.4000000000001
-322.7999999999997
-326.0999999999999
-329.5
-332.0
-334.5
-338.0
-341.5999999999999
-342.2999999999997
-262.7999999999997
-336.0999999999999
-338.2999999999997
-338.5
-264.5
-335.9000000000001
-337.0
-265.0
-333.5999999999999
-333.5999999999999
-261.4000000000001
-328.7999999999997
-329.5
-262.0999999999999
-327.7999999999997
-329.5999999999999
-262.4000000000001
-326.2999999999997
-257.0999999999999
-320.7999999999997
-253.4000000000001
-318.0999999999999
-319.7999999999997
-251.5
-314.1999999999998
-247.69999999999982
-309.4000000000001
-310.7999999999997
-311.1999999999998
-313.5
-315.9000000000001
-318.4000000000001
-320.0
-321.5999999999999
-323.1999999999998
-243.79999999999973
-318.2999999999997
-319.9000000000001
-322.5
-323.1999999999998
-250.79999999999973
-321.0
-321.7999999999997
-248.5
-316.6999999999998
-316.2999999999997
-248.69999999999982
-313.1999999999998
-243.69999999999982
-308.0999999999999
-308.5
-242.79999999999973
-304.4000000000001
-239.69999999999982
-300.4000000000001
-236.69999999999982
-295.5
-233.69999999999982
-291.5999999999999
-293.7999999999997
-235.0999999999999
-288.4000000000001
-290.5
-290.6999999999998
-289.7999999999997
-233.69999999999982
-284.9000000000001
-286.6999999999998
-288.5999999999999
-288.5999999999999
-291.5
-290.5999999999999
-212.5
-285.5
-287.5
-290.5999999999999
-215.9000000000001
-286.5999999999999
-288.0
-217.4000000000001
-287.5999999999999
-289.4000000000001
-220.19999999999982
-288.9000000000001
-220.0
-287.0
-288.1999999999998
-221.29999999999973
-285.5
-221.5999999999999
-285.0999999999999
-219.4000000000001
-283.9000000000001
-286.2999999999997
-223.69999999999982
-283.5999999999999
-220.9000000000001
-281.6999999999998
-282.0
-283.0999999999999
-286.0999999999999
-288.1999999999998
-225.29999999999973
-283.9000000000001
-283.7999999999997
-282.5
-285.9000000000001
-286.5
-290.0
-209.69999999999982
-286.1999999999998
-287.0
-288.6999999999998
-213.4000000000001
-283.4000000000001
-283.0
-210.4000000000001
-278.4000000000001
-280.7999999999997
-208.29999999999973
-275.4000000000001
-206.79999999999973
-272.1999999999998
-274.6999999999998
-210.29999999999973
-272.2999999999997
-210.0
-271.2999999999997
-276.1999999999998
-214.4000000000001
-276.1999999999998
-215.5999999999999
-275.6999999999998
-219.19999999999982
-276.7999999999997
-279.5
-282.1999999999998
-285.9000000000001
-287.6999999999998
-206.4000000000001
-282.6999999999998
-285.1999999999998
-288.6999999999998
-234.29999999999973
-288.1999999999998
-291.7999999999997
-237.5
-290.5
-294.0999999999999
-296.7999999999997
-299.5
-303.1999999999998
-306.0
-307.7999999999997
-311.5
-314.2999999999997
-317.0999999999999
-319.9000000000001
-322.6999999999998
-323.5
-247.0999999999999
-323.7999999999997
-324.6999999999998
-328.4000000000001
-256.1999999999998
-327.5
-330.4000000000001
-260.2999999999997
-327.9000000000001
-330.6999999999998
-262.5
-331.1999999999998
-334.1999999999998
-269.1999999999998
-333.4000000000001
-268.4000000000001
-333.5999999999999
-336.6999999999998
-273.7999999999997
-337.2999999999997
-272.5
-335.9000000000001
-275.0
-334.6999999999998
-336.6999999999998
-277.5999999999999
-335.2999999999997
-336.0999999999999
-337.6999999999998
-337.1999999999998
-245.4000000000001
-330.1999999999998
-330.1999999999998
-331.0
-242.69999999999982
-324.4000000000001
-326.0
-239.5999999999999
-321.4000000000001
-326.0999999999999
-245.0999999999999
-323.7999999999997
-283.0
-323.9000000000001
-326.0999999999999
-288.2999999999997
-327.5
-315.7999999999997
-330.6999999999998
-321.0
-336.0999999999999
-339.5999999999999
-343.1999999999998
-345.9000000000001
-349.5999999999999
-352.4000000000001
-357.1999999999998
-361.1999999999998
-283.2999999999997
-359.2999999999997
-361.4000000000001
-362.4000000000001
-287.1999999999998
-362.1999999999998
-366.1999999999998
-291.2999999999997
-363.5999999999999
-367.5999999999999
-291.6999999999998
-363.9000000000001
-291.7999999999997
-362.1999999999998
-289.0999999999999
-358.4000000000001
-361.0999999999999
-286.7999999999997
-356.7999999999997
-283.2999999999997
-353.1999999999998
-356.5999999999999
-284.0999999999999
-355.0999999999999
-280.6999999999998
-350.5999999999999
-352.0
-354.2999999999997
-355.5999999999999
-356.7999999999997
-327.9000000000001
-355.9000000000001
-356.7999999999997
-358.5999999999999
-361.4000000000001
-283.2999999999997
-357.1999999999998
-358.0999999999999
-359.9000000000001
-285.6999999999998
-355.9000000000001
-358.6999999999998
-284.5999999999999
-352.9000000000001
-353.5999999999999
-283.1999999999998
-347.5999999999999
-280.0
-342.5
-343.7999999999997
-280.0999999999999
-341.9000000000001
-275.4000000000001
-335.0999999999999
-335.2999999999997
-271.4000000000001
-331.0
-266.0999999999999
-324.5999999999999
-261.5
-319.0
-320.7999999999997
-321.6999999999998
-322.5999999999999
-322.5
-259.2999999999997
-318.6999999999998
-320.5999999999999
-321.5999999999999
-325.5999999999999
-328.9000000000001
-332.4000000000001
-255.0999999999999
-330.9000000000001
-332.9000000000001
-335.9000000000001
-262.0
-333.5
-335.6999999999998
-337.9000000000001
-266.0999999999999
-336.9000000000001
-265.2999999999997
-333.2999999999997
-336.5999999999999
-268.0
-335.2999999999997
-268.7999999999997
-332.4000000000001
-266.7999999999997
-330.4000000000001
-265.7999999999997
-326.5
-327.6999999999998
-264.7999999999997
-325.4000000000001
-327.5
-267.5999999999999
-324.5
-324.5
-324.2999999999997
-325.9000000000001
-231.5
-317.5
-318.9000000000001
-318.2999999999997
-245.5
-313.2999999999997
-314.5
-247.69999999999982
-309.0999999999999
-311.1999999999998
-249.4000000000001
-307.2999999999997
-309.5
-282.7999999999997
-310.2999999999997
-312.6999999999998
-315.1999999999998
-316.7999999999997
-317.4000000000001
-318.9000000000001
-322.4000000000001
-325.0999999999999
-327.9000000000001
-330.7999999999997
-333.7999999999997
-337.9000000000001
-342.1999999999998
-263.6999999999998
-341.0999999999999
-344.7999999999997
-349.5999999999999
-352.5999999999999
-276.5999999999999
-349.6999999999998
-353.5999999999999
-283.5999999999999
-354.2999999999997
-284.5
-353.4000000000001
-356.5999999999999
-290.7999999999997
-357.0999999999999
-289.4000000000001
-355.5999999999999
-288.7999999999997
-353.0
-355.0
-287.9000000000001
-350.7999999999997
-286.4000000000001
-348.2999999999997
-284.7999999999997
-343.6999999999998
-342.9000000000001
-283.7999999999997
-339.5999999999999
-341.4000000000001
-340.1999999999998
-248.69999999999982
-331.9000000000001
-333.1999999999998
-333.5
-245.69999999999982
-328.0
-329.2999999999997
-246.5999999999999
-327.5
-329.1999999999998
-264.9000000000001
-326.0
-302.6999999999998
-328.9000000000001
-331.7999999999997
-310.7999999999997
-335.5
-338.6999999999998
-341.0
-344.2999999999997
-345.6999999999998
-267.0
-341.1999999999998
-343.4000000000001
-345.5999999999999
-266.7999999999997
-341.9000000000001
-343.0999999999999
-267.1999999999998
-339.5
-339.5999999999999
-267.5
-338.0
-263.0999999999999
-334.5
-336.5999999999999
-262.6999999999998
-332.1999999999998
-259.1999999999998
-329.6999999999998
-256.7999999999997
-327.4000000000001
-255.5999999999999
-324.4000000000001
-249.5999999999999
-318.0999999999999
-319.0
-245.79999999999973
-314.0999999999999
-314.7999999999997
-316.4000000000001
-317.0
-318.5
-320.0
-321.5
-323.0
-246.5
-318.1999999999998
-319.6999999999998
-320.1999999999998
-247.5999999999999
-316.5999999999999
-318.0999999999999
-317.5999999999999
-245.9000000000001
-312.9000000000001
-243.19999999999982
-308.4000000000001
-308.6999999999998
-239.9000000000001
-304.0999999999999
-236.29999999999973
-297.5999999999999
-227.5999999999999
-292.5
-228.5
-287.0
-286.9000000000001
-224.69999999999982
-282.1999999999998
-221.0
-276.5999999999999
-275.2999999999997
-276.7999999999997
-279.4000000000001
-279.1999999999998
-227.9000000000001
-276.4000000000001
-277.1999999999998
-278.0
-280.7999999999997
-281.7999999999997
-284.7999999999997
-206.0
-282.1999999999998
-283.6999999999998
-285.1999999999998
-211.69999999999982
-283.6999999999998
-286.5
-214.4000000000001
-284.9000000000001
-288.0
-217.19999999999982
-284.0999999999999
-216.19999999999982
-284.2999999999997
-287.6999999999998
-221.19999999999982
-286.7999999999997
-220.4000000000001
-283.0999999999999
-217.5
-282.0999999999999
-219.5999999999999
-281.5999999999999
-220.19999999999982
-279.4000000000001
-219.9000000000001
-279.1999999999998
-281.7999999999997
-284.4000000000001
-285.0
-223.4000000000001
-281.4000000000001
-284.5999999999999
-282.9000000000001
-222.79999999999973
-279.5
-282.2999999999997
-236.19999999999982
-279.2999999999997
-283.0
-286.9000000000001
-288.0
-290.0
-208.0
-286.5999999999999
-287.6999999999998
-288.6999999999998
-289.5999999999999
-211.4000000000001
-282.1999999999998
-283.6999999999998
-209.19999999999982
-282.0999999999999
-283.9000000000001
-214.69999999999982
-282.4000000000001
-285.4000000000001
-217.5
-283.5999999999999
-219.79999999999973
-285.4000000000001
-289.0
-226.69999999999982
-288.9000000000001
-225.69999999999982
-288.9000000000001
-225.79999999999973
-289.0999999999999
-228.0999999999999
-289.6999999999998
-293.7999999999997
-295.0
-299.0
-302.0999999999999
-228.19999999999982
-295.5999999999999
-298.1999999999998
-299.7999999999997
-240.29999999999973
-298.5999999999999
-303.0999999999999
-304.7999999999997
-307.4000000000001
-310.0
-312.5999999999999
-315.1999999999998
-318.7999999999997
-321.5
-245.19999999999982
-320.0
-321.7999999999997
-322.5
-249.0
-320.9000000000001
-323.5
-253.0999999999999
-324.4000000000001
-326.2999999999997
-258.0999999999999
-323.7999999999997
-256.5
-323.1999999999998
-326.0
-259.7999999999997
-324.6999999999998
-260.5
-322.5999999999999
-260.2999999999997
-321.5
-259.1999999999998
-320.4000000000001
-324.0999999999999
-260.9000000000001
-320.0999999999999
-321.5999999999999
-324.0
-323.4000000000001
-323.5
-236.4000000000001
-318.4000000000001
-317.2999999999997
-317.9000000000001
-236.4000000000001
-310.5999999999999
-314.9000000000001
-236.5
-310.0999999999999
-312.6999999999998
-255.4000000000001
-312.1999999999998
-315.0999999999999
-264.0999999999999
-313.7999999999997
-317.7999999999997
-321.0
-323.2999999999997
-326.5999999999999
-330.0
-251.5
-326.9000000000001
-329.4000000000001
-331.9000000000001
-334.4000000000001
-258.9000000000001
-331.5999999999999
-332.0999999999999
-261.4000000000001
-330.4000000000001
-330.7999999999997
-262.0
-328.0999999999999
-330.2999999999997
-261.5
-327.5999999999999
-257.7999999999997
-321.7999999999997
-256.6999999999998
-318.9000000000001
-254.79999999999973
-316.0999999999999
-316.0
-252.69999999999982
-310.9000000000001
-248.4000000000001
-306.5
-305.9000000000001
-308.0999999999999
-308.4000000000001
-309.5999999999999
-295.7999999999997
-308.5
-311.5
-311.6999999999998
-312.7999999999997
-231.9000000000001
-309.7999999999997
-311.1999999999998
-313.5999999999999
-237.0999999999999
-309.7999999999997
-310.4000000000001
-236.9000000000001
-306.9000000000001
-307.5
-237.0
-303.2999999999997
-305.7999999999997
-237.4000000000001
-303.0
-303.6999999999998
-237.29999999999973
-300.0999999999999
-231.69999999999982
-294.2999999999997
-228.69999999999982
-287.4000000000001
-227.5
-286.5
-221.9000000000001
-283.6999999999998
-284.1999999999998
-284.5999999999999
-285.9000000000001
-284.1999999999998
-277.1999999999998
-285.4000000000001
-284.4000000000001
-285.1999999999998
-203.0
-278.5
-281.2999999999997
-281.2999999999997
-283.1999999999998
-206.19999999999982
-277.4000000000001
-279.4000000000001
-206.5
-277.1999999999998
-278.5999999999999
-208.0
-277.1999999999998
-207.9000000000001
-274.5
-206.29999999999973
-272.0999999999999
-274.0
-208.9000000000001
-272.0999999999999
-207.0999999999999
-269.4000000000001
-205.4000000000001
-266.7999999999997
-267.7999999999997
-207.69999999999982
-266.4000000000001
-268.4000000000001
-269.4000000000001
-270.2999999999997
-272.0999999999999
-210.9000000000001
-267.4000000000001
-268.0
-271.5
-272.1999999999998
-272.7999999999997
-276.2999999999997
-196.0
-269.5
-270.0
-270.4000000000001
-193.69999999999982
-264.1999999999998
-264.4000000000001
-190.5
-261.0999999999999
-261.4000000000001
-187.5999999999999
-254.29999999999973
-183.29999999999973
-249.0999999999999
-249.0999999999999
-182.0
-247.0999999999999
-180.29999999999973
-244.69999999999982
-179.0999999999999
-243.79999999999995
-181.5
-240.79999999999995
-243.5
-184.29999999999995
-182.0
-242.89999999999986
-245.29999999999995
-246.70000000000005
-248.0
-181.19999999999982
-246.5
-247.79999999999995
-251.0
-254.29999999999973
-257.6999999999998
-260.1999999999998
-182.69999999999982
-257.1999999999998
-259.6999999999998
-261.1999999999998
-185.5999999999999
-258.1999999999998
-259.5999999999999
-187.9000000000001
-254.79999999999973
-257.9000000000001
-186.0999999999999
-254.9000000000001
-186.0999999999999
-251.19999999999982
-252.29999999999973
-185.29999999999973
-248.4000000000001
-182.29999999999973
-246.39999999999986
-182.4000000000001
-247.79999999999995
-250.20000000000005
-188.5999999999999
-249.5999999999999
-188.0999999999999
-248.20000000000005
-249.70000000000005
-252.0999999999999
-254.5
-257.9000000000001
-260.4000000000001
-262.9000000000001
-267.4000000000001
-269.0999999999999
-271.6999999999998
-195.29999999999973
-268.0
-269.5
-271.9000000000001
-197.29999999999973
-269.0
-270.4000000000001
-197.69999999999982
-265.5
-195.5999999999999
-260.5
-262.4000000000001
-194.29999999999973
-258.1999999999998
-263.0
-195.0999999999999
-258.1999999999998
-193.0999999999999
-256.2999999999997
-192.29999999999973
-252.69999999999982
-255.5999999999999
-195.5999999999999
-257.4000000000001
-195.79999999999973
-253.79999999999973
-197.0
-254.29999999999973
-256.6999999999998
-258.0999999999999
-167.4000000000001
-251.4000000000001
-253.5
-255.5999999999999
-171.69999999999982
-254.19999999999982
-256.5999999999999
-184.0
-253.9000000000001
-247.29999999999973
-258.7999999999997
-260.2999999999997
-262.6999999999998
-265.0999999999999
-267.5
-270.9000000000001
-272.4000000000001
-274.7999999999997
-277.1999999999998
-278.5999999999999
-199.9000000000001
-277.0999999999999
-277.5999999999999
-278.9000000000001
-282.0999999999999
-206.4000000000001
-280.9000000000001
-282.4000000000001
-209.79999999999973
-280.6999999999998
-283.1999999999998
-212.69999999999982
-279.9000000000001
-282.2999999999997
-214.69999999999982
-281.0999999999999
-215.5999999999999
-279.2999999999997
-281.7999999999997
-218.29999999999973
-282.1999999999998
-219.9000000000001
-281.0999999999999
-218.79999999999973
-280.0
-217.69999999999982
-275.9000000000001
-213.29999999999973
-273.1999999999998
-273.5
-274.5999999999999
-273.5999999999999
-277.2999999999997
-278.1999999999998
-279.0
-278.6999999999998
-199.19999999999982
-272.5999999999999
-273.0
-273.2999999999997
-200.5
-271.2999999999997
-272.7999999999997
-202.29999999999973
-268.5999999999999
-270.0999999999999
-202.5999999999999
-265.1999999999998
-200.5999999999999
-264.4000000000001
-265.0999999999999
-200.69999999999982
-263.6999999999998
-199.5
-260.6999999999998
-198.5
-257.9000000000001
-196.69999999999982
-255.19999999999982
-195.0
-253.5999999999999
-194.5
-251.29999999999973
-252.19999999999982
-251.0
-254.5
-229.19999999999982
-253.19999999999982
-252.69999999999982
-254.0
-255.29999999999973
-175.5999999999999
-250.79999999999973
-251.19999999999982
-253.5
-178.9000000000001
-250.69999999999982
-253.29999999999973
-178.0
-248.0
-251.5999999999999
-180.4000000000001
-248.9000000000001
-178.79999999999973
-244.5
-176.29999999999973
-241.0999999999999
-241.89999999999986
-177.5999999999999
-171.70000000000005
-235.70000000000005
-237.5999999999999
-173.5
-234.79999999999995
-174.70000000000005
-234.39999999999986
-173.5
-234.29999999999995
-235.5999999999999
-239.79999999999995
-240.20000000000005
-237.39999999999986
-244.0999999999999
-245.29999999999995
-245.39999999999986
-246.29999999999973
-168.0999999999999
-243.89999999999986
-243.89999999999986
-243.69999999999982
-168.29999999999973
-241.20000000000005
-242.0
-167.70000000000005
-235.79999999999995
-236.29999999999995
-167.70000000000005
-233.0999999999999
-233.5999999999999
-164.0
-228.29999999999995
-160.5999999999999
-224.0
-157.29999999999995
-217.79999999999995
-217.89999999999986
-153.89999999999986
-217.39999999999986
-155.79999999999995
-215.89999999999986
-157.5
-215.0999999999999
-217.89999999999986
-220.79999999999995
-222.79999999999995
-223.79999999999995
-161.70000000000005
-223.20000000000005
-227.29999999999995
-228.5999999999999
-232.79999999999995
-236.20000000000005
-239.70000000000005
-167.29999999999995
-239.39999999999986
-242.20000000000005
-245.0
-173.79999999999995
-242.20000000000005
-243.89999999999986
-172.5
-240.70000000000005
-242.20000000000005
-171.5999999999999
-240.70000000000005
-170.20000000000005
-238.39999999999986
-169.89999999999986
-235.29999999999995
-237.70000000000005
-175.0999999999999
-236.0
-173.39999999999986
-237.29999999999995
-176.0
-237.29999999999995
-176.0999999999999
-236.5
-178.29999999999995
-240.0
-243.20000000000005
-244.39999999999986
-246.39999999999986
-186.29999999999995
-242.89999999999986
-245.5
-249.0999999999999
-251.79999999999995
-256.5
-259.4000000000001
-184.29999999999973
-258.4000000000001
-260.4000000000001
-263.2999999999997
-190.19999999999982
-262.5
-263.5
-193.29999999999973
-261.7999999999997
-263.5999999999999
-194.29999999999973
-260.7999999999997
-261.4000000000001
-196.79999999999973
-259.5
-193.9000000000001
-257.5
-192.9000000000001
-255.5999999999999
-192.0
-254.79999999999973
-194.29999999999973
-252.5
-256.9000000000001
-199.5
-257.0999999999999
-197.79999999999973
-256.2999999999997
-259.0
-260.6999999999998
-173.29999999999973
-255.9000000000001
-257.4000000000001
-260.7999999999997
-266.2999999999997
-202.0999999999999
-267.1999999999998
-270.1999999999998
-250.19999999999982
-273.9000000000001
-275.9000000000001
-278.7999999999997
-282.6999999999998
-284.6999999999998
-209.5999999999999
-282.6999999999998
-284.5999999999999
-286.4000000000001
-211.0999999999999
-283.0
-285.5999999999999
-215.19999999999982
-283.5
-288.0999999999999
-219.9000000000001
-288.5999999999999
-221.5999999999999
-287.5999999999999
-288.5999999999999
-225.4000000000001
-288.5999999999999
-224.5
-286.6999999999998
-223.5
-284.6999999999998
-222.4000000000001
-284.5999999999999
-223.4000000000001
-284.7999999999997
-288.6999999999998
-291.6999999999998
-293.6999999999998
-297.5999999999999
-299.5999999999999
-207.5
-292.9000000000001
-292.5
-293.7999999999997
-208.0
-291.4000000000001
-293.7999999999997
-217.19999999999982
-290.6999999999998
-293.0999999999999
-220.5
-289.4000000000001
-293.6999999999998
-297.1999999999998
-300.7999999999997
-303.5
-307.1999999999998
-312.0
-316.0
-320.0999999999999
-324.2999999999997
-327.5999999999999
-329.9000000000001
-335.0999999999999
-337.5
-340.7999999999997
-345.0999999999999
-348.5
-272.9000000000001
-348.4000000000001
-351.9000000000001
-355.4000000000001
-281.9000000000001
-352.6999999999998
-356.0
-285.2999999999997
-356.1999999999998
-359.5999999999999
-289.0
-356.0
-288.0999999999999
-355.0999999999999
-355.1999999999998
-291.0
-354.0999999999999
-287.9000000000001
-349.7999999999997
-351.2999999999997
-288.6999999999998
-348.5999999999999
-284.9000000000001
-346.5999999999999
-280.9000000000001
-342.4000000000001
-277.5
-337.9000000000001
-339.7999999999997
-339.6999999999998
-252.4000000000001
-333.1999999999998
-331.7999999999997
-334.0999999999999
-335.5
-337.9000000000001
-257.4000000000001
-332.6999999999998
-335.1999999999998
-336.7999999999997
-338.4000000000001
-262.0
-334.7999999999997
-336.5
-262.1999999999998
-331.2999999999997
-259.9000000000001
-328.1999999999998
-326.9000000000001
-258.2999999999997
-323.6999999999998
-254.19999999999982
-318.5999999999999
-318.0
-251.19999999999982
-311.5999999999999
-245.5999999999999
-306.9000000000001
-240.9000000000001
-303.1999999999998
-236.29999999999973
-296.5999999999999
-233.5
-291.0
-290.7999999999997
-293.5
-293.4000000000001
-294.1999999999998
-296.0
-297.9000000000001
-299.9000000000001
-302.0
-224.19999999999982
-298.5
-299.9000000000001
-302.2999999999997
-227.79999999999973
-297.6999999999998
-299.1999999999998
-300.6999999999998
-229.19999999999982
-298.4000000000001
-229.0999999999999
-295.6999999999998
-295.5
-226.0999999999999
-290.5999999999999
-291.0999999999999
-223.5
-285.0
-219.19999999999982
-281.6999999999998
-216.0
-276.5999999999999
-276.7999999999997
-212.9000000000001
-271.5
-210.5
-267.2999999999997
-266.2999999999997
-266.0999999999999
-265.7999999999997
-173.4000000000001
-256.6999999999998
-258.1999999999998
-260.7999999999997
-172.5999999999999
-255.5
-257.5
-256.5999999999999
-258.5
-260.5
-261.5999999999999
-263.6999999999998
-264.9000000000001
-266.0999999999999
-186.29999999999973
-261.4000000000001
-261.6999999999998
-262.9000000000001
-187.0999999999999
-258.5999999999999
-259.9000000000001
-189.19999999999982
-257.2999999999997
-258.7999999999997
-189.29999999999973
-257.6999999999998
-189.5
-256.2999999999997
-192.29999999999973
-256.6999999999998
-260.0
-195.4000000000001
-258.0999999999999
-195.5
-256.4000000000001
-195.79999999999973
-256.9000000000001
-196.5
-256.7999999999997
-197.5
-256.0
-257.6999999999998
-259.2999999999997
-260.7999999999997
-262.1999999999998
-261.5
-264.5
-266.5999999999999
-266.6999999999998
-188.5999999999999
-262.5
-263.4000000000001
-263.1999999999998
-187.79999999999973
-257.6999999999998
-259.1999999999998
-184.69999999999982
-252.5999999999999
-254.9000000000001
-183.29999999999973
-250.4000000000001
-252.79999999999973
-185.29999999999973
-248.9000000000001
-182.4000000000001
-246.0999999999999
-178.69999999999982
-243.39999999999986
-244.0999999999999
-182.69999999999982
-241.0
-177.5999999999999
-237.70000000000005
-175.29999999999995
-235.5
-176.20000000000005
-233.79999999999995
-234.5999999999999
-236.29999999999995
-238.0
-240.70000000000005
-240.5
-244.0999999999999
-245.9000000000001
-168.69999999999982
-242.5999999999999
-243.5
-245.29999999999995
-245.0999999999999
-172.69999999999982
-240.89999999999986
-243.5
-171.19999999999982
-238.5
-168.0999999999999
-233.5
-236.0
-168.5999999999999
-233.29999999999995
-236.0
-168.79999999999995
-232.70000000000005
-168.5
-229.70000000000005
-167.5
-227.89999999999986
-164.79999999999995
-224.20000000000005
-226.0
-169.79999999999995
-224.79999999999995
-226.70000000000005
-227.5999999999999
-231.39999999999986
-223.39999999999986
-232.39999999999986
-237.20000000000005
-237.29999999999995
-239.20000000000005
-164.0999999999999
-235.29999999999995
-237.20000000000005
-240.0999999999999
-165.0999999999999
-235.39999999999986
-236.29999999999995
-237.0999999999999
-164.79999999999995
-231.0999999999999
-163.5999999999999
-228.20000000000005
-159.79999999999995
-224.39999999999986
-224.0
-157.39999999999986
-220.0
-221.39999999999986
-157.79999999999995
-218.70000000000005
-156.20000000000005
-217.29999999999995
-156.0
-215.39999999999986
-156.20000000000005
-215.89999999999986
-219.0
-221.20000000000005
-225.39999999999986
-225.79999999999995
-196.0
-226.0
-230.0999999999999
-232.39999999999986
-236.70000000000005
-164.20000000000005
-233.20000000000005
-236.5999999999999
-239.0999999999999
-167.5999999999999
-236.70000000000005
-239.20000000000005
-168.70000000000005
-236.89999999999986
-238.39999999999986
-167.79999999999995
-235.89999999999986
-237.29999999999995
-168.5999999999999
-234.79999999999995
-166.0999999999999
-230.29999999999995
-162.39999999999986
-227.5
-229.5999999999999
-166.70000000000005
-227.29999999999995
-165.39999999999986
-228.0999999999999
-166.5
-226.5
-226.89999999999986
-231.0999999999999
-233.5
-235.89999999999986
-182.29999999999995
-233.0999999999999
-235.29999999999995
-238.5
-240.79999999999995
-245.0999999999999
-248.5999999999999
-172.20000000000005
-245.89999999999986
-247.5
-249.0
-173.39999999999986
-245.0
-247.29999999999995
-175.5999999999999
-244.5
-247.79999999999995
-177.20000000000005
-243.29999999999995
-244.5
-177.5999999999999
-241.79999999999995
-176.89999999999986
-241.29999999999995
-242.5999999999999
-177.79999999999995
-241.29999999999995
-178.5999999999999
-240.39999999999986
-177.79999999999995
-240.70000000000005
-178.29999999999995
-238.39999999999986
-241.89999999999986
-242.5
-243.89999999999986
-246.20000000000005
-247.5
-250.69999999999982
-252.0
-255.19999999999982
-257.5
-182.79999999999973
-255.4000000000001
-256.7999999999997
-258.0999999999999
-260.2999999999997
-185.5
-255.0
-257.0
-186.0
-253.69999999999982
-182.69999999999982
-248.4000000000001
-248.19999999999982
-180.79999999999973
-244.5
-176.0999999999999
-241.70000000000005
-176.39999999999986
-239.39999999999986
-173.20000000000005
-237.20000000000005
-238.0999999999999
-177.89999999999986
-238.5
-178.5999999999999
-237.5
-238.70000000000005
-238.79999999999995
-241.70000000000005
-243.70000000000005
-152.70000000000005
-238.39999999999986
-241.39999999999986
-243.5
-246.5999999999999
-249.79999999999995
-252.0999999999999
-175.4000000000001
-248.79999999999995
-249.0999999999999
-250.19999999999982
-176.19999999999982
-246.5999999999999
-248.5999999999999
-175.5999999999999
-244.0999999999999
-246.0
-176.9000000000001
-240.70000000000005
-172.39999999999986
-238.0999999999999
-240.89999999999986
-172.79999999999995
-238.70000000000005
-173.70000000000005
-239.0
-174.29999999999995
-235.89999999999986
-172.0999999999999
-233.70000000000005
-172.89999999999986
-231.79999999999995
-233.0
-172.0999999999999
-229.89999999999986
-232.89999999999986
-235.0
-236.0999999999999
-239.0999999999999
-240.20000000000005
-244.20000000000005
-245.39999999999986
-166.5
-240.5
-241.5
-244.39999999999986
-168.39999999999986
-240.5999999999999
-241.5999999999999
-167.5
-236.79999999999995
-237.5999999999999
-168.29999999999995
-232.89999999999986
-162.5
-227.89999999999986
-229.39999999999986
-159.89999999999986
-223.29999999999995
-155.5999999999999
-221.0
-156.5
-219.39999999999986
-157.0999999999999
-219.39999999999986
-156.39999999999986
-216.89999999999986
-157.89999999999986
-215.79999999999995
-216.89999999999986
-219.89999999999986
-220.0
-215.89999999999986
-224.20000000000005
-227.20000000000005
-231.29999999999995
-232.5999999999999
-160.79999999999995
-230.5999999999999
-232.89999999999986
-235.20000000000005
-163.5
-232.39999999999986
-233.70000000000005
-163.89999999999986
-231.89999999999986
-233.20000000000005
-232.39999999999986
-166.29999999999995
-230.39999999999986
-164.39999999999986
-225.5999999999999
-226.39999999999986
-162.0999999999999
-224.20000000000005
-162.0
-223.39999999999986
-162.39999999999986
-221.0999999999999
-225.0999999999999
-163.29999999999995
-222.0999999999999
-162.20000000000005
-221.0999999999999
-223.29999999999995
-225.5
-224.70000000000005
-205.5999999999999
-228.39999999999986
-230.5
-233.5999999999999
-235.79999999999995
-160.0
-232.39999999999986
-235.5999999999999
-236.89999999999986
-162.0999999999999
-232.5999999999999
-234.70000000000005
-161.79999999999995
-230.39999999999986
-231.39999999999986
-159.29999999999995
-225.79999999999995
-157.5
-222.20000000000005
-153.89999999999986
-217.5999999999999
-219.20000000000005
-151.79999999999995
-215.5
-151.0999999999999
-214.0999999999999
-149.89999999999986
-212.0999999999999
-149.0
-210.39999999999986
-214.39999999999986
-215.5999999999999
-218.70000000000005
-220.89999999999986
-223.0999999999999
-225.29999999999995
-226.5
-229.5999999999999
-232.79999999999995
-236.0999999999999
-164.5
-234.5
-236.0
-238.39999999999986
-165.79999999999995
-235.70000000000005
-238.0999999999999
-165.5
-235.39999999999986
-237.79999999999995
-170.20000000000005
-233.5999999999999
-234.79999999999995
-167.89999999999986
-230.0999999999999
-164.0
-227.0999999999999
-161.0
-225.0999999999999
-161.0999999999999
-222.5
-225.5
-164.5999999999999
-224.39999999999986
-164.5999999999999
-223.5999999999999
-224.89999999999986
-227.0999999999999
-228.29999999999995
-231.39999999999986
-232.5999999999999
-235.70000000000005
-237.89999999999986
-241.0999999999999
-164.39999999999986
-235.79999999999995
-238.89999999999986
-241.0999999999999
-243.29999999999995
-168.5
-241.0
-242.29999999999995
-167.5
-238.0
-239.0999999999999
-168.0999999999999
-235.79999999999995
-237.79999999999995
-166.79999999999995
-233.5
-161.39999999999986
-228.89999999999986
-228.70000000000005
-162.29999999999995
-228.0999999999999
-162.0
-225.0999999999999
-163.0
-223.5
-162.5
-221.20000000000005
-224.20000000000005
-227.29999999999995
-228.5
-230.5999999999999
-231.70000000000005
-233.70000000000005
-235.70000000000005
-238.70000000000005
-241.79999999999995
-167.0
-238.5
-240.70000000000005
-242.89999999999986
-170.0999999999999
-238.79999999999995
-240.89999999999986
-169.0
-237.70000000000005
-237.79999999999995
-167.70000000000005
-235.39999999999986
-166.39999999999986
-231.29999999999995
-231.20000000000005
-163.89999999999986
-226.70000000000005
-161.29999999999995
-225.20000000000005
-159.0
-221.0
-155.70000000000005
-219.70000000000005
-156.5999999999999
-217.0
-155.89999999999986
-217.5
-218.70000000000005
-220.79999999999995
-221.89999999999986
-224.89999999999986
-226.0
-229.0
-231.0999999999999
-232.20000000000005
-158.20000000000005
-229.5999999999999
-231.70000000000005
-233.79999999999995
-159.89999999999986
-229.39999999999986
-232.39999999999986
-160.5
-228.20000000000005
-229.20000000000005
-159.0999999999999
-224.79999999999995
-156.5999999999999
-220.39999999999986
-153.0999999999999
-216.89999999999986
-218.5999999999999
-152.29999999999995
-214.20000000000005
-150.79999999999995
-211.89999999999986
-150.5999999999999
-212.0
-150.0
-209.5999999999999
-150.5999999999999
-206.5
-209.39999999999986
-211.39999999999986
-215.39999999999986
-217.5999999999999
-219.79999999999995
-222.0
-224.20000000000005
-225.39999999999986
-152.5
-224.0999999999999
-225.39999999999986
-227.5999999999999
-154.79999999999995
-223.5
-225.5999999999999
-153.70000000000005
-223.39999999999986
-223.5999999999999
-156.5999999999999
-220.70000000000005
-152.70000000000005
-216.70000000000005
-149.5999999999999
-213.5999999999999
-214.5
-148.29999999999995
-210.29999999999995
-147.0
-210.20000000000005
-147.20000000000005
-206.70000000000005
-143.5999999999999
-205.0
-145.0
-203.79999999999995
-206.89999999999986
-209.0999999999999
-210.29999999999995
-210.39999999999986
-212.29999999999995
-216.20000000000005
-220.29999999999995
-222.5999999999999
-149.89999999999986
-221.70000000000005
-223.20000000000005
-225.5999999999999
-156.0
-224.20000000000005
-226.70000000000005
-228.20000000000005
-159.5999999999999
-224.89999999999986
-228.20000000000005
-160.5999999999999
-226.0
-158.39999999999986
-222.79999999999995
-225.0999999999999
-158.39999999999986
-219.79999999999995
-153.79999999999995
-217.0
-153.0
-215.39999999999986
-218.5
-157.70000000000005
-218.5999999999999
-156.0
-215.89999999999986
-218.20000000000005
-221.5
-221.89999999999986
-195.0999999999999
-224.39999999999986
-227.70000000000005
-229.0999999999999
-231.39999999999986
-158.70000000000005
-227.5
-230.70000000000005
-233.0
-236.29999999999995
-166.70000000000005
-232.89999999999986
-235.20000000000005
-165.5
-232.5999999999999
-163.89999999999986
-229.0999999999999
-229.29999999999995
-163.29999999999995
-226.5
-160.5
-223.70000000000005
-223.70000000000005
-160.5
-221.79999999999995
-159.70000000000005
-221.20000000000005
-158.29999999999995
-217.89999999999986
-154.89999999999986
-216.39999999999986
-218.5
-221.5999999999999
-224.79999999999995
-226.0999999999999
-225.29999999999995
-231.20000000000005
-234.5
-236.89999999999986
-237.29999999999995
-164.5
-236.20000000000005
-238.5999999999999
-240.0
-241.29999999999995
-169.5
-239.29999999999995
-240.5999999999999
-167.79999999999995
-236.5
-167.5999999999999
-234.5999999999999
-235.79999999999995
-167.89999999999986
-232.0
-166.0
-228.20000000000005
-163.0999999999999
-226.29999999999995
-227.29999999999995
-165.20000000000005
-227.70000000000005
-163.89999999999986
-225.5
-164.70000000000005
-224.5999999999999
-226.89999999999986
-229.20000000000005
-229.5
-231.5999999999999
-234.70000000000005
-235.89999999999986
-238.0
-241.0999999999999
-244.29999999999995
-172.5999999999999
-241.5
-241.79999999999995
-244.89999999999986
-171.0999999999999
-240.70000000000005
-241.79999999999995
-244.79999999999995
-171.89999999999986
-239.5
-241.39999999999986
-171.29999999999995
-238.0
-167.89999999999986
-233.5999999999999
-234.39999999999986
-167.0999999999999
-230.89999999999986
-163.5999999999999
-226.39999999999986
-165.0
-226.29999999999995
-162.20000000000005
-222.5
-163.29999999999995
-222.0
-162.0
-219.79999999999995
-221.79999999999995
-222.79999999999995
-227.70000000000005
-229.89999999999986
-232.0999999999999
-235.29999999999995
-237.5999999999999
-162.89999999999986
-235.5
-236.89999999999986
-238.20000000000005
-240.39999999999986
-165.5999999999999
-236.0999999999999
-164.20000000000005
-231.89999999999986
-233.89999999999986
-235.89999999999986
-163.89999999999986
-232.5
-160.5
-228.0999999999999
-159.0
-223.79999999999995
-224.5999999999999
-160.29999999999995
-222.39999999999986
-160.20000000000005
-220.5999999999999
-157.5
-218.89999999999986
-156.89999999999986
-217.5
-155.5999999999999
-214.29999999999995
-216.29999999999995
-220.29999999999995
-222.5
-222.70000000000005
-226.70000000000005
-227.89999999999986
-230.0
-158.0999999999999
-226.79999999999995
-229.89999999999986
-232.0999999999999
-157.29999999999995
-226.79999999999995
-230.79999999999995
-158.0
-225.70000000000005
-228.70000000000005
-157.79999999999995
-223.5999999999999
-224.5
-157.29999999999995
-221.20000000000005
-153.0
-216.79999999999995
-150.5
-211.39999999999986
-147.89999999999986
-209.89999999999986
-148.5999999999999
-208.0
-147.79999999999995
-208.39999999999986
-145.5
-206.0999999999999
-207.20000000000005
-210.20000000000005
-212.29999999999995
-213.39999999999986
-216.39999999999986
-219.5
-221.70000000000005
-223.89999999999986
-150.0999999999999
-220.70000000000005
-223.89999999999986
-226.20000000000005
-155.5
-224.5
-226.89999999999986
-154.29999999999995
-223.20000000000005
-224.5
-153.70000000000005
-220.5999999999999
-153.70000000000005
-218.89999999999986
-219.0999999999999
-153.0999999999999
-217.29999999999995
-217.39999999999986
-153.29999999999995
-214.5999999999999
-150.5
-212.79999999999995
-151.79999999999995
-211.5
-150.5999999999999
-209.39999999999986
-212.5
-213.70000000000005
-215.79999999999995
-218.89999999999986
-221.0999999999999
-224.29999999999995
-225.5999999999999
-228.79999999999995
-231.0999999999999
-156.39999999999986
-229.0
-230.39999999999986
-231.70000000000005
-158.89999999999986
-228.5999999999999
-231.79999999999995
-159.0999999999999
-228.89999999999986
-229.20000000000005
-157.29999999999995
-227.0
-228.20000000000005
-158.29999999999995
-224.20000000000005
-155.20000000000005
-220.0999999999999
-152.0
-215.89999999999986
-151.70000000000005
-213.89999999999986
-149.79999999999995
-212.0999999999999
-149.0999999999999
-209.5999999999999
-148.5999999999999
-210.29999999999995
-210.5999999999999
-213.70000000000005
-216.89999999999986
-219.20000000000005
-222.5
-223.89999999999986
-227.20000000000005
-228.5999999999999
-157.89999999999986
-226.89999999999986
-229.29999999999995
-231.70000000000005
-161.0999999999999
-228.20000000000005
-230.5
-158.79999999999995
-226.70000000000005
-156.89999999999986
-223.89999999999986
-226.0999999999999
-156.29999999999995
-223.29999999999995
-154.5
-220.5999999999999
-219.79999999999995
-156.70000000000005
-217.0999999999999
-219.0
-157.89999999999986
-217.5
-157.5
-216.29999999999995
-155.39999999999986
-214.20000000000005
-217.29999999999995
-219.5
-221.70000000000005
-224.89999999999986
-228.20000000000005
-230.5999999999999
-232.0
-234.29999999999995
-236.5999999999999
-162.89999999999986
-233.5999999999999
-234.89999999999986
-237.0999999999999
-162.29999999999995
-232.79999999999995
-235.89999999999986
-236.0999999999999
-165.0999999999999
-232.79999999999995
-161.79999999999995
-229.5
-231.5
-163.5
-227.5
-161.39999999999986
-224.5
-158.39999999999986
-221.5
-156.39999999999986
-219.5999999999999
-154.5999999999999
-217.89999999999986
-156.0
-216.70000000000005
-155.89999999999986
-214.79999999999995
-217.0
-220.20000000000005
-223.5
-225.89999999999986
-227.29999999999995
-230.5999999999999
-232.0
-234.29999999999995
-160.5999999999999
-232.29999999999995
-233.70000000000005
-235.0
-164.20000000000005
-233.0999999999999
-234.39999999999986
-161.5999999999999
-229.29999999999995
-230.29999999999995
-160.20000000000005
-227.89999999999986
-159.89999999999986
-224.89999999999986
-224.89999999999986
-158.70000000000005
-221.70000000000005
-155.5
-216.5
-220.0999999999999
-156.89999999999986
-217.20000000000005
-155.0
-216.39999999999986
-156.39999999999986
-215.20000000000005
-216.29999999999995
-219.29999999999995
-221.39999999999986
-224.5
-226.70000000000005
-227.89999999999986
-229.0
-232.0
-235.0999999999999
-163.29999999999995
-233.0999999999999
-235.39999999999986
-237.70000000000005
-164.0
-233.70000000000005
-235.89999999999986
-164.0999999999999
-232.89999999999986
-235.0999999999999
-164.29999999999995
-231.20000000000005
-231.29999999999995
-163.20000000000005
-228.0999999999999
-229.0
-162.79999999999995
-226.79999999999995
-161.70000000000005
-223.89999999999986
-161.79999999999995
-221.29999999999995
-224.20000000000005
-166.20000000000005
-223.20000000000005
-163.29999999999995
-223.20000000000005
-225.5
-228.79999999999995
-228.20000000000005
-178.29999999999995
-228.20000000000005
-229.39999999999986
-233.5
-235.79999999999995
-240.0999999999999
-242.5999999999999
-167.0999999999999
-238.79999999999995
-241.20000000000005
-242.5999999999999
-167.89999999999986
-238.5
-240.70000000000005
-168.89999999999986
-236.70000000000005
-238.79999999999995
-167.89999999999986
-234.70000000000005
-237.70000000000005
-167.79999999999995
-233.70000000000005
-165.70000000000005
-229.70000000000005
-165.5999999999999
-228.89999999999986
-165.0
-227.5
-162.70000000000005
-222.20000000000005
-162.0999999999999
-222.79999999999995
-163.0
-222.0
-223.29999999999995
-223.5
-225.5
-230.5
-232.79999999999995
-235.0999999999999
-237.39999999999986
-240.70000000000005
-165.0999999999999
-236.70000000000005
-239.0
-241.29999999999995
-167.5999999999999
-236.29999999999995
-239.39999999999986
-166.5999999999999
-235.29999999999995
-236.39999999999986
-165.39999999999986
-232.0999999999999
-163.0
-226.79999999999995
-160.5
-223.39999999999986
-158.0999999999999
-220.0999999999999
-220.79999999999995
-159.39999999999986
-219.70000000000005
-157.5
-215.89999999999986
-156.5999999999999
-152.20000000000005
-212.79999999999995
-214.89999999999986
-216.0
-217.0
-218.89999999999986
-221.79999999999995
-222.79999999999995
-225.70000000000005
-226.70000000000005
-230.5999999999999
-156.70000000000005
-226.20000000000005
-230.20000000000005
-231.39999999999986
-157.5
-227.0
-228.0
-229.89999999999986
-158.79999999999995
-227.39999999999986
-155.39999999999986
-222.0
-223.79999999999995
-153.5999999999999
-219.20000000000005
-151.89999999999986
-214.70000000000005
-149.29999999999995
-214.20000000000005
-149.0999999999999
-211.29999999999995
-213.20000000000005
-152.0999999999999
-211.70000000000005
-150.70000000000005
-211.39999999999986
-152.5999999999999
-210.70000000000005
-211.0
-213.0999999999999
-215.20000000000005
-216.29999999999995
-219.29999999999995
-222.39999999999986
-224.5999999999999
-147.79999999999995
-221.0999999999999
-224.29999999999995
-225.5999999999999
-152.79999999999995
-224.5
-223.89999999999986
-152.0
-221.70000000000005
-221.89999999999986
-152.89999999999986
-217.79999999999995
-218.70000000000005
-150.5
-215.29999999999995
-216.0999999999999
-151.79999999999995
-212.89999999999986
-148.5999999999999
-207.70000000000005
-145.20000000000005
-206.29999999999995
-208.0
-146.70000000000005
-207.0999999999999
-145.0
-202.5
-206.20000000000005
-210.0999999999999
-212.20000000000005
-214.29999999999995
-216.39999999999986
-219.5
-221.70000000000005
-224.89999999999986
-153.20000000000005
-221.0999999999999
-224.29999999999995
-226.5999999999999
-157.89999999999986
-223.0999999999999
-226.29999999999995
-158.5999999999999
-223.89999999999986
-225.20000000000005
-157.39999999999986
-221.5999999999999
-224.70000000000005
-157.89999999999986
-220.20000000000005
-154.20000000000005
-216.39999999999986
-151.29999999999995
-213.5
-216.39999999999986
-154.39999999999986
-215.0
-155.0999999999999
-215.0
-155.29999999999995
-211.39999999999986
-214.5
-216.70000000000005
-219.89999999999986
-220.20000000000005
-221.29999999999995
-224.29999999999995
-224.39999999999986
-229.29999999999995
-229.5
-157.5
-228.0999999999999
-230.29999999999995
-233.5
-159.79999999999995
-229.5
-232.70000000000005
-160.0
-229.79999999999995
-231.0999999999999
-159.29999999999995
-228.0999999999999
-156.29999999999995
-223.0999999999999
-224.0999999999999
-157.0
-221.0
-153.89999999999986
-215.89999999999986
-151.5999999999999
-214.70000000000005
-151.5999999999999
-212.0
-214.89999999999986
-153.89999999999986
-213.5999999999999
-154.70000000000005
-214.70000000000005
-216.0999999999999
-216.39999999999986
-219.5
-221.70000000000005
-223.89999999999986
-227.0999999999999
-227.39999999999986
-156.5
-224.29999999999995
-227.39999999999986
-228.5999999999999
-230.70000000000005
-158.79999999999995
-227.5
-228.5999999999999
-158.5999999999999
-224.39999999999986
-156.29999999999995
-221.20000000000005
-223.0999999999999
-157.0
-219.0999999999999
-219.89999999999986
-155.5999999999999
-215.70000000000005
-154.29999999999995
-213.5999999999999
-150.29999999999995
-212.5
-213.39999999999986
-153.20000000000005
-210.79999999999995
-151.5999999999999
-211.29999999999995
-211.39999999999986
-214.29999999999995
-215.29999999999995
-217.20000000000005
-220.0999999999999
-222.0999999999999
-223.0999999999999
-225.0
-152.89999999999986
-222.39999999999986
-224.39999999999986
-226.39999999999986
-157.39999999999986
-224.29999999999995
-226.39999999999986
-155.5
-223.29999999999995
-226.39999999999986
-157.5999999999999
-222.70000000000005
-224.79999999999995
-157.89999999999986
-220.0999999999999
-155.0
-217.20000000000005
-153.0999999999999
-213.39999999999986
-216.20000000000005
-156.0999999999999
-214.79999999999995
-157.79999999999995
-214.89999999999986
-157.0999999999999
-216.29999999999995
-217.79999999999995
-219.20000000000005
-220.5
-224.70000000000005
-225.0999999999999
-229.29999999999995
-229.70000000000005
-233.89999999999986
-235.29999999999995
-160.5999999999999
-231.20000000000005
-235.39999999999986
-236.79999999999995
-163.0999999999999
-231.79999999999995
-233.89999999999986
-161.0
-231.5999999999999
-161.79999999999995
-226.79999999999995
-227.79999999999995
-160.70000000000005
-225.70000000000005
-158.70000000000005
-220.79999999999995
-222.5999999999999
-159.39999999999986
-218.70000000000005
-155.39999999999986
-216.5999999999999
-155.39999999999986
-213.89999999999986
-153.70000000000005
-213.29999999999995
-153.29999999999995
-212.0999999999999
-215.20000000000005
-217.39999999999986
-220.5999999999999
-220.89999999999986
-224.0
-225.20000000000005
-228.29999999999995
-231.5
-158.79999999999995
-228.5999999999999
-229.89999999999986
-231.0999999999999
-160.20000000000005
-228.0
-230.0999999999999
-159.20000000000005
-228.0
-230.20000000000005
-160.39999999999986
-227.39999999999986
-156.5999999999999
-222.5
-156.5
-220.70000000000005
-220.79999999999995
-153.70000000000005
-216.70000000000005
-153.5
-215.79999999999995
-151.79999999999995
-214.20000000000005
-153.29999999999995
-212.0999999999999
-150.20000000000005
-209.89999999999986
-212.0
-213.0999999999999
-214.0999999999999
-215.0
-216.79999999999995
-218.5999999999999
-218.39999999999986
-219.0
-143.5
-213.29999999999995
-214.70000000000005
-216.0999999999999
-142.5
-210.39999999999986
-210.70000000000005
-139.89999999999986
-205.89999999999986
-206.0999999999999
-135.20000000000005
-200.0999999999999
-130.0999999999999
-194.0
-194.89999999999986
-129.79999999999995
-191.0999999999999
-124.09999999999991
-185.29999999999995
-120.20000000000005
-181.5
-117.5
-179.0
-118.20000000000005
-179.20000000000005
-178.79999999999995
-119.20000000000005
-178.5
-180.20000000000005
-183.89999999999986
-184.79999999999995
-189.5999999999999
-192.70000000000005
-194.89999999999986
-196.0999999999999
-124.20000000000005
-194.89999999999986
-198.20000000000005
-200.5999999999999
-127.0
-195.79999999999995
-198.0
-124.20000000000005
-193.79999999999995
-195.89999999999986
-125.0
-190.79999999999995
-190.70000000000005
-123.39999999999986
-186.20000000000005
-117.79999999999995
-180.39999999999986
-179.79999999999995
-114.0
-175.5
-111.70000000000005
-170.39999999999986
-107.5
-165.20000000000005
-103.20000000000005
-159.89999999999986
-159.79999999999995
-160.5999999999999
-162.39999999999986
-160.29999999999995
-140.89999999999986
-158.5
-159.0
-159.5
-159.0
-82.39999999999986
-151.0999999999999
-151.39999999999986
-151.70000000000005
-77.0
-144.79999999999995
-144.0999999999999
-144.29999999999995
-71.5
-136.39999999999986
-135.5
-65.5
-131.5
-61.799999999999955
-126.09999999999991
-126.5
-58.899999999999864
-121.5
-55.0
-118.79999999999995
-55.60000000000002
-118.0
-57.19999999999993
-118.19999999999993
-119.79999999999995
-63.39999999999998
-121.19999999999993
-126.19999999999993
-128.5
-132.79999999999995
-136.29999999999995
-138.89999999999998
-143.5
-145.29999999999995
-148.0
-75.70000000000005
-144.89999999999986
-147.5
-149.0999999999999
-78.59999999999991
-144.79999999999995
-147.0999999999999
-75.39999999999986
-142.29999999999995
-143.39999999999986
-72.39999999999986
-136.0999999999999
-68.70000000000005
-131.39999999999986
-130.89999999999986
-65.20000000000005
-124.79999999999995
-59.899999999999864
-117.39999999999998
-115.19999999999993
-52.69999999999993
-108.89999999999998
-47.299999999999955
-102.5
-39.799999999999955
-94.79999999999995
-93.89999999999998
-90.89999999999998
-90.60000000000002
-91.29999999999995
-88.10000000000002
-87.60000000000002
-86.10000000000002
-84.5
-84.79999999999995
-85.19999999999993
-85.69999999999993
-85.29999999999995
-85.89999999999998
-86.60000000000002
-87.39999999999998
-88.29999999999995
-89.29999999999995
-89.39999999999998
-88.5
-30.5
-84.69999999999993
-83.89999999999998
-84.0
-30.100000000000023
-79.79999999999995
-80.0
-31.199999999999932
-75.5
-76.69999999999993
-30.0
-74.60000000000002
-76.10000000000002
-25.699999999999932
-71.19999999999993
-22.699999999999932
-68.29999999999995
-21.899999999999977
-65.79999999999995
-67.5
-21.299999999999955
-62.39999999999998
-16.0
-57.89999999999998
-10.399999999999977
-52.099999999999966
-51.39999999999998
-50.599999999999966
-49.69999999999999
-49.69999999999999
-50.69999999999999
-51.80000000000001
-53.0
-53.30000000000001
-54.599999999999966
-55.0
-56.39999999999998
-57.89999999999998
-59.5
-61.19999999999999
-63.0
-64.89999999999998
-65.89999999999998
-65.89999999999998
-68.79999999999995
-8.899999999999977
-62.89999999999998
-60.80000000000001
-62.39999999999998
-6.099999999999966
-55.099999999999966
-56.5
-2.0
-50.0
-49.30000000000001
0.5
-42.69999999999999
-41.69999999999999
6.400000000000034
-35.69999999999999
9.5
-29.80000000000001
14.5
-24.799999999999983
19.5
-20.799999999999983
23.400000000000006
-17.0
25.099999999999994
-13.599999999999994
9.400000000000006
-11.299999999999997
-11.299999999999997
-11.299999999999997
-12.299999999999997
-13.399999999999991
-13.599999999999994
-13.799999999999997
-15.0
-15.299999999999997
-17.599999999999994
-18.099999999999994
-19.599999999999994
-20.200000000000003
-20.799999999999983
-21.400000000000006
-22.0
-22.599999999999994
-23.19999999999999
-22.799999999999983
15.700000000000017
-17.900000000000006
-17.19999999999999
-16.400000000000006
21.5
-11.799999999999997
-11.799999999999997
-11.799999999999997
22.200000000000003
-8.399999999999991
23.60000000000001
-5.199999999999996
-5.199999999999996
26.800000000000004
-2.0
18.0
0.0
0.0
0.0
0.0
0.0
0.0
0.0
0.0
0.0
0.0
0.0
0.0
0.0
0.0
0.0
0.0
0.0
0.0
0.0
0.0
0.0
0.0
0.0
0.0
0.0
0.0
0.0
0.0
0.0
0.0
0.0
0.0
0.0
0.0
0.0
0.0
0.0
0.0
0.0
0.0
0.0
0.0
0.0
0.0
0.0
0.0
0.0
0.0
0.0
0.0
0.0
0.0
0.0
0.0
0.0
0.0
0.0
0.0
0.0
0.0
0.0
0.0
0.0
0.0
0.0
0.0
0.0
0.0
0.0
0.0
0.0
0.0
0.0
0.0
0.0
0.0
0.0
0.0
0.0
0.0
0.0
0.0
0.0
0.0
0.0
0.0
0.0
0.0
0.0
0.0
0.0
0.0
0.0
0.0
0.0
0.0
0.0
0.0
0.0
0.0
0.0
0.0
0.0
0.0
0.0
0.0
0.0
0.0
0.0
0.0
0.0
0.0
0.0
0.0
0.0
0.0
0.0
0.0
0.0
0.0
0.0
0.0
0.0
0.0
0.0
0.0
0.0
0.0
0.0
0.0
0.0
0.0
0.0
0.0
0.0
0.0
0.0
0.0
0.0
0.0
0.0
0.0
0.0
0.0
0.0
0.0
0.0
0.0
0.0
0.0
0.0
0.0
0.0
0.0
0.0
0.0
0.0
0.0
0.0
0.0
0.0
0.0
0.0
0.0
0.0
0.0
0.0
0.0
0.0
0.0
0.0
0.0
0.0
0.0
0.0
0.0
0.0
0.0
0.0
0.0
0.0
0.0
0.0
0.0
0.0
0.0
0.0
0.0
0.0
0.0
0.0
0.0
0.0
0.0
0.0
0.0
0.0
0.0
0.0
0.0
0.0
0.0
0.0
0.0
0.0
0.0
0.0
0.0
0.0
0.0
0.0
0.0
0.0
0.0
0.0
0.0
0.0
0.0
0.0
-1.0
-1.1
-1.2
-1.2999999999999998
-1.4
-1.5
-1.5999999999999996
-1.7000000000000002
-1.7999999999999998
-0.9000000000000004
8.1
0.0
0.0
0.0
0.0
0.0
0.0
0.0
0.0
0.0
0.0
0.0
0.0
0.0
0.0
0.0
0.0
0.0
0.0
0.0
0.0
0.0
0.0
0.0
0.0
0.0
0.0
0.0
0.0
0.0
0.0
0.0
0.0
0.0
0.0
0.0
0.0
0.0
0.0
0.0
0.0
0.0
0.0
0.0
0.0
0.0
0.0
0.0
0.0
0.0
0.0
0.0
0.0
0.0
0.0
0.0
0.0
0.0
0.0
0.0
0.0
0.0
0.0
0.0
0.0
0.0
0.0
0.0
0.0
0.0
0.0
0.0
0.0
0.0
0.0
0.0
0.0
0.0
0.0
0.0
0.0
0.0
0.0
0.0
0.0
0.0
0.0
0.0
0.0
0.0
0.0
0.0
0.0
0.0
0.0
0.0
0.0
0.0
0.0
0.0
0.0
0.0
0.0
0.0
0.0
0.0
0.0
0.0
0.0
0.0
0.0
0.0
0.0
0.0
0.0
0.0
0.0
0.0
0.0
0.0
0.0
0.0
0.0
0.0
0.0
0.0
0.0
0.0
0.0
0.0
0.0
0.0
0.0
0.0
0.0
0.0
0.0
0.0
0.0
0.0
0.0
0.0
0.0
0.0
0.0
0.0
0.0
0.0
0.0
0.0
0.0
0.0
0.0
0.0
0.0
0.0
0.0
0.0
0.0
0.0
0.0
0.0
0.0
0.0
0.0
0.0
0.0
0.0
0.0
0.0
0.0
0.0
0.0
0.0
0.0
0.0
0.0
0.0
0.0
0.0
0.0
0.0
0.0
0.0
0.0
0.0
0.0
0.0
0.0
0.0
0.0
0.0
0.0
0.0
0.0
0.0
0.0
0.0
0.0
0.0
0.0
0.0
0.0
0.0
0.0
0.0
0.0
0.0
0.0
0.0
0.0
0.0
0.0
0.0
0.0
0.0
0.0
0.0
0.0
0.0
0.0
0.0
0.0
0.0
0.0
0.0
0.0
0.0
0.0
0.0
0.0
0.0
0.0
0.0
0.0
0.0
0.0
0.0
0.0
0.0
0.0
0.0
0.0
0.0
0.0
0.0
0.0
0.0
0.0
0.0
0.0
0.0
0.0
0.0
0.0
0.0
0.0
0.0
0.0
0.0
0.0
0.0
0.0
0.0
0.0
0.0
0.0
0.0
0.0
0.0
0.0
0.0
0.0
0.0
0.0
0.0
0.0
0.0
0.0
0.0
0.0
0.0
0.0
0.0
0.0
0.0
0.0
0.0
0.0
0.0
0.0
0.0
0.0
0.0
0.0
0.0
0.0
0.0
0.0
0.0
0.0
0.0
0.0
0.0
0.0
0.0
0.0
0.0
0.0
0.0
0.0
0.0
0.0
0.0
0.0
0.0
0.0
0.0
0.0
0.0
0.0
0.0
0.0
0.0
0.0
0.0
0.0
0.0
0.0
0.0
0.0
0.0
0.0
0.0
0.0
0.0
0.0
0.0
0.0
0.0
0.0
0.0
0.0
0.0
0.0
0.0
0.0
0.0
0.0
0.0
0.0
0.0
0.0
0.0
0.0
0.0
0.0
0.0
0.0
0.0
0.0
0.0
0.0
0.0
0.0
0.0
0.0
0.0
0.0
0.0
0.0
0.0
0.0
0.0
0.0
0.0
0.0
0.0
0.0
0.0
0.0
0.0
0.0
0.0
0.0
0.0
0.0
0.0
0.0
0.0
0.0
0.0
0.0
0.0
0.0
0.0
0.0
0.0
0.0
0.0
0.0
0.0
0.0
0.0
0.0
0.0
0.0
0.0
0.0
0.0
0.0
0.0
0.0
0.0
0.0
0.0
0.0
0.0
0.0
0.0
0.0
0.0
0.0
0.0
0.0
0.0
0.0
0.0
0.0
0.0
0.0
0.0
0.0
0.0
0.0
0.0
0.0
0.0
0.0
0.0
0.0
0.0
0.0
0.0
0.0
0.0
0.0
0.0
0.0
0.0
0.0
0.0
0.0
0.0
0.0
0.0
0.0
0.0
0.0
0.0
0.0
0.0
0.0
0.0
0.0
0.0
0.0
0.0
0.0
0.0
0.0
0.0
0.0
0.0
0.0
0.0
0.0
0.0
0.0
0.0
0.0
0.0
0.0
0.0
0.0
0.0
0.0
0.0
0.0
0.0
0.0
0.0
0.0
0.0
0.0
0.0
0.0
0.0
0.0
0.0
0.0
0.0
0.0
0.0
0.0
0.0
0.0
0.0
0.0
0.0
0.0
0.0
0.0
0.0
0.0
0.0
0.0
0.0
0.0
0.0
0.0
0.0
0.0
0.0
0.0
0.0
0.0
0.0
0.0
0.0
0.0
0.0
0.0
0.0
0.0
0.0
0.0
0.0
0.0
0.0
0.0
0.0
0.0
0.0
0.0
0.0
0.0
0.0
0.0
0.0
0.0
0.0
0.0
0.0
0.0
0.0
0.0
0.0
0.0
0.0
0.0
0.0
0.0
0.0
0.0
0.0
0.0
0.0
0.0
0.0
0.0
0.0
0.0
0.0
0.0
0.0
0.0
0.0
0.0
0.0
0.0
0.0
0.0
0.0
0.0
0.0
0.0
0.0
0.0
0.0
0.0
0.0
0.0
0.0
0.0
0.0
0.0
0.0
0.0
0.0
0.0
0.0
0.0
0.0
0.0
0.0
0.0
0.0
0.0
0.0
0.0
0.0
0.0
0.0
0.0
0.0
0.0
0.0
0.0
0.0
0.0
0.0
0.0
0.0
0.0
0.0
0.0
0.0
0.0
0.0
0.0
0.0
0.0
0.0
0.0
0.0
0.0
0.0
0.0
0.0
0.0
0.0
0.0
0.0
0.0
0.0
0.0
0.0
0.0
0.0
0.0
0.0
0.0
0.0
0.0
0.0
0.0
0.0
0.0
0.0
0.0
0.0
0.0
0.0
0.0
0.0
0.0
0.0
0.0
0.0
0.0
0.0
0.0
0.0
0.0
0.0
0.0
0.0
0.0
0.0
0.0
0.0
0.0
0.0
0.0
0.0
0.0
0.0
0.0
0.0
0.0
0.0
0.0
0.0
0.0
0.0
0.0
0.0
0.0
0.0
0.0
0.0
0.0
0.0
0.0
0.0
0.0
0.0
0.0
0.0
0.0
0.0
0.0
0.0
0.0
0.0
0.0
0.0
0.0
0.0
0.0
0.0
0.0
0.0
0.0
0.0
0.0
0.0
0.0
0.0
0.0
0.0
0.0
0.0
0.0
0.0
0.0
0.0
0.0
0.0
0.0
0.0
0.0
0.0
0.0
0.0
0.0
0.0
0.0
0.0
0.0
0.0
0.0
0.0
0.0
0.0
0.0
0.0
0.0
0.0
0.0
0.0
0.0
0.0
0.0
0.0
0.0
0.0
0.0
0.0
0.0
0.0
0.0
0.0
0.0
0.0
0.0
0.0
0.0
0.0
0.0
0.0
0.0
0.0
0.0
0.0
0.0
0.0
0.0
0.0
0.0
0.0
0.0
0.0
0.0
0.0
0.0
0.0
0.0
0.0
0.0
0.0
0.0
0.0
0.0
0.0
0.0
0.0
0.0
0.0
0.0
0.0
0.0
0.0
0.0
0.0
0.0
0.0
0.0
0.0
0.0
0.0
0.0
0.0
0.0
0.0
0.0
0.0
0.0
0.0
0.0
0.0
0.0
0.0
0.0
0.0
0.0
0.0
0.0
0.0
0.0
0.0
0.0
0.0
0.0
0.0
0.0
0.0
0.0
0.0
0.0
0.0
0.0
0.0
0.0
0.0
0.0
0.0
0.0
0.0
0.0
0.0
0.0
0.0
0.0
0.0
0.0
0.0
0.0
0.0
0.0
0.0
0.0
0.0
0.0
0.0
0.0
0.0
0.0
0.0
0.0
0.0
0.0
0.0
0.0
0.0
0.0
0.0
0.0
0.0
0.0
0.0
0.0
0.0
0.0
0.0
0.0
0.0
0.0
0.0
0.0
0.0
0.0
0.0
0.0
0.0
0.0
0.0
0.0
0.0
0.0
0.0
0.0
0.0
0.0
0.0
0.0
0.0
0.0
0.0
0.0
0.0
0.0
0.0
0.0
0.0
0.0
0.0
0.0
0.0
0.0
0.0
0.0
0.0
0.0
0.0
0.0
0.0
0.0
0.0
0.0
0.0
0.0
0.0
0.0
0.0
0.0
0.0
0.0
0.0
0.0
0.0
0.0
0.0
0.0
0.0
0.0
0.0
0.0
0.0
0.0
0.0
0.0
0.0
0.0
0.0
0.0
0.0
0.0
0.0
0.0
0.0
0.0
0.0
0.0
0.0
0.0
0.0
0.0
0.0
0.0
0.0
0.0
0.0
0.0
0.0
0.0
0.0
0.0
0.0
0.0
0.0
0.0
0.0
0.0
0.0
0.0
0.0
0.0
0.0
0.0
0.0
0.0
0.0
0.0
0.0
0.0
0.0
0.0
0.0
0.0
0.0
0.0
0.0
0.0
0.0
0.0
0.0
0.0
0.0
0.0
0.0
0.0
0.0
0.0
0.0
0.0
0.0
0.0
0.0
0.0
0.0
0.0
0.0
0.0
0.0
0.0
0.0
0.0
0.0
0.0
0.0
0.0
0.0
0.0
0.0
0.0
0.0
0.0
0.0
0.0
0.0
0.0
0.0
0.0
0.0
0.0
0.0
0.0
0.0
0.0
0.0
0.0
0.0
0.0
0.0
0.0
0.0
0.0
0.0
0.0
0.0
0.0
0.0
0.0
0.0
0.0
0.0
0.0
0.0
0.0
0.0
0.0
0.0
0.0
0.0
0.0
0.0
0.0
0.0
0.0
0.0
0.0
0.0
0.0
0.0
0.0
0.0
0.0
0.0
0.0
0.0
0.0
0.0
0.0
0.0
0.0
0.0
0.0
0.0
0.0
0.0
0.0
0.0
0.0
0.0
0.0
0.0
0.0
0.0
0.0
0.0
0.0
0.0
0.0
0.0
0.0
0.0
0.0
0.0
0.0
0.0
0.0
0.0
0.0
0.0
0.0
0.0
0.0
0.0
0.0
0.0
0.0
0.0
0.0
0.0
0.0
0.0
0.0
0.0
0.0
0.0
0.0
0.0
0.0
0.0
0.0
0.0
0.0
0.0
0.0
0.0
0.0
0.0
0.0
0.0
0.0
0.0
0.0
0.0
0.0
0.0
0.0
0.0
0.0
0.0
0.0
0.0
0.0
0.0
0.0
0.0
0.0
0.0
0.0
0.0
0.0
0.0
0.0
0.0
0.0
0.0
0.0
0.0
0.0
0.0
0.0
0.0
0.0
0.0
0.0
0.0
0.0
0.0
0.0
0.0
0.0
0.0
0.0
0.0
0.0
0.0
0.0
0.0
0.0
0.0
0.0
0.0
0.0
0.0
0.0
0.0
0.0
0.0
0.0
0.0
0.0
0.0
0.0
0.0
0.0
0.0
0.0
0.0
0.0
0.0
0.0
0.0
0.0
0.0
0.0
0.0
0.0
0.0
0.0
0.0
0.0
0.0
0.0
0.0
0.0
0.0
0.0
0.0
0.0
0.0
0.0
0.0
0.0
0.0
0.0
0.0
0.0
0.0
0.0
0.0
0.0
0.0
0.0
0.0
0.0
0.0
0.0
0.0
0.0
0.0
0.0
0.0
0.0
0.0
0.0
-1.0
-1.1
-1.2
-1.2999999999999998
-1.4
-1.5
-1.5999999999999996
-1.7000000000000002
-1.7999999999999998
-1.9000000000000004
-1.0
9.0
0.0
0.0
0.0
0.0
0.0
0.0
0.0
0.0
0.0
0.0
0.0
0.0
0.0
0.0
0.0
0.0
0.0
0.0
0.0
0.0
0.0
0.0
0.0
0.0
0.0
0.0
0.0
0.0
0.0
0.0
0.0
0.0
0.0
0.0
0.0
0.0
0.0
0.0
0.0
0.0
0.0
0.0
0.0
0.0
0.0
0.0
0.0
0.0
0.0
0.0
0.0
0.0
0.0
0.0
0.0
0.0
0.0
0.0
0.0
0.0
0.0
0.0
0.0
0.0
0.0
0.0
0.0
0.0
0.0
0.0
0.0
0.0
0.0
0.0
0.0
0.0
0.0
0.0
0.0
0.0
0.0
0.0
0.0
0.0
0.0
0.0
0.0
0.0
0.0
0.0
0.0
0.0
0.0
0.0
0.0
0.0
0.0
0.0
0.0
0.0
0.0
0.0
0.0
0.0
0.0
0.0
0.0
0.0
0.0
0.0
0.0
0.0
0.0
0.0
0.0
0.0
0.0
0.0
0.0
0.0
0.0
0.0
0.0
0.0
0.0
0.0
0.0
0.0
0.0
0.0
0.0
0.0
0.0
0.0
0.0
0.0
0.0
0.0
0.0
0.0
0.0
0.0
0.0
0.0
0.0
0.0
0.0
0.0
0.0
0.0
0.0
0.0
0.0
0.0
0.0
0.0
0.0
0.0
0.0
0.0
0.0
0.0
0.0
0.0
0.0
0.0
0.0
0.0
0.0
0.0
0.0
0.0
0.0
0.0
0.0
0.0
0.0
0.0
0.0
0.0
0.0
0.0
0.0
0.0
0.0
0.0
0.0
0.0
0.0
0.0
0.0
0.0
0.0
0.0
0.0
0.0
0.0
0.0
0.0
0.0
0.0
0.0
0.0
0.0
0.0
0.0
0.0
0.0
0.0
0.0
0.0
0.0
0.0
0.0
0.0
0.0
0.0
0.0
0.0
0.0
0.0
0.0
0.0
0.0
0.0
0.0
0.0
0.0
0.0
0.0
0.0
0.0
0.0
0.0
0.0
0.0
0.0
0.0
0.0
0.0
0.0
0.0
0.0
0.0
0.0
0.0
0.0
0.0
0.0
0.0
0.0
0.0
0.0
0.0
0.0
0.0
0.0
0.0
0.0
0.0
0.0
0.0
0.0
0.0
0.0
0.0
0.0
0.0
0.0
0.0
0.0
0.0
0.0
0.0
0.0
0.0
0.0
0.0
0.0
0.0
0.0
0.0
0.0
0.0
0.0
0.0
0.0
0.0
0.0
0.0
0.0
0.0
0.0
0.0
0.0
0.0
0.0
0.0
0.0
0.0
0.0
0.0
0.0
0.0
0.0
0.0
0.0
0.0
0.0
0.0
0.0
0.0
0.0
0.0
0.0
0.0
0.0
0.0
0.0
0.0
0.0
0.0
0.0
0.0
0.0
0.0
0.0
0.0
0.0
0.0
0.0
