0.0
0.0
0.0
0.0
0.0
0.0
0.0
0.0
0.0
0.0
0.0
0.0
0.0
0.0
0.0
0.0
0.0
0.0
0.0
0.0
0.0
0.0
0.0
0.0
0.0
0.0
0.0
0.0
0.0
0.0
0.0
0.0
0.0
0.0
0.0
0.0
0.0
0.0
0.0
0.0
0.0
0.0
0.0
0.0
0.0
0.0
0.0
0.0
0.0
0.0
0.0
0.0
0.0
0.0
0.0
0.0
0.0
0.0
0.0
0.0
0.0
0.0
0.0
0.0
0.0
-1.0
-1.1
-1.2
-1.2999999999999998
-1.4
-1.5
-1.5999999999999996
-1.7000000000000002
-1.7999999999999998
-1.9000000000000004
-2.0
-2.0999999999999996
-2.1999999999999993
-2.299999999999999
-2.4000000000000004
-2.5
-2.5999999999999996
-2.6999999999999993
-2.8000000000000007
-3.8999999999999986
-4.099999999999998
-4.300000000000001
-4.5
-4.699999999999999
-4.899999999999999
-5.099999999999998
-5.300000000000001
-5.5
-5.699999999999996
-5.899999999999999
-6.100000000000001
-6.299999999999997
-6.5
-6.699999999999996
-6.899999999999999
-7.100000000000001
-7.299999999999997
-7.5
-7.699999999999996
-7.899999999999999
-8.100000000000001
-8.299999999999997
-8.5
-8.699999999999996
-8.899999999999999
-9.100000000000001
-9.299999999999997
-9.5
-9.700000000000003
-9.899999999999991
-10.099999999999994
-10.299999999999997
-10.5
-10.700000000000003
-11.899999999999991
-12.200000000000003
-12.5
-12.799999999999997
-13.099999999999994
-13.399999999999991
-13.700000000000003
-14.0
-14.299999999999997
-14.599999999999994
-14.899999999999991
-15.200000000000003
-15.5
-15.799999999999997
-15.099999999999994
53.7
-7.600000000000001
-7.699999999999996
-7.799999999999997
42.1
-3.0
-3.099999999999998
-3.1999999999999993
-3.3000000000000007
-3.3999999999999986
-3.5
-3.599999999999998
-4.699999999999999
-4.899999999999999
-5.099999999999998
-5.300000000000001
-5.5
-5.699999999999996
-5.899999999999999
-7.100000000000001
-7.399999999999999
-7.699999999999996
-8.0
-8.299999999999997
-8.600000000000001
-8.899999999999999
-9.199999999999996
-9.5
-9.799999999999997
-10.100000000000001
-10.399999999999991
-10.700000000000003
-11.0
-11.299999999999997
-11.599999999999994
-11.899999999999991
-12.200000000000003
-12.5
-12.799999999999997
-13.099999999999994
-13.399999999999991
-13.700000000000003
-14.0
-14.299999999999997
-14.599999999999994
-14.899999999999991
-16.200000000000003
-17.599999999999994
-18.099999999999994
-18.599999999999994
-19.099999999999994
-19.599999999999994
-20.099999999999994
-20.599999999999994
-21.099999999999994
-22.599999999999994
-24.19999999999999
-25.900000000000006
-26.69999999999999
-28.5
-29.400000000000006
-30.299999999999983
-31.19999999999999
-32.099999999999994
-33.0
-32.900000000000006
47.30000000000001
-24.400000000000006
-24.0
30.5
-17.5
-16.799999999999983
-16.0
32.900000000000006
-10.299999999999997
-10.299999999999997
11.700000000000003
-8.099999999999994
13.900000000000006
-5.899999999999999
9.100000000000001
-4.399999999999999
-4.399999999999999
10.600000000000001
-2.8999999999999986
12.100000000000001
-1.4000000000000004
12.6
0.0
0.0
0.0
0.0
0.0
0.0
0.0
0.0
0.0
0.0
0.0
0.0
0.0
0.0
0.0
-1.0
-1.1
-1.2
-2.3
-2.5
-2.7
-2.9000000000000004
-3.0999999999999996
-3.299999999999999
-3.5
-3.6999999999999993
-3.8999999999999986
-4.099999999999998
-4.300000000000001
-4.5
-4.699999999999999
-4.899999999999999
-5.099999999999998
-5.300000000000001
-5.5
-6.699999999999996
-7.0
-7.299999999999997
-8.600000000000001
-9.0
-9.399999999999999
-9.799999999999997
-10.199999999999996
-9.600000000000001
19.1
-5.299999999999997
-6.399999999999999
-5.600000000000001
20.300000000000004
-3.1999999999999993
-3.3000000000000007
6.600000000000001
-2.5
-4.6
3.1000000000000014
-4.4
-4.699999999999999
-6.0
-6.399999999999999
-7.800000000000001
-8.3
-8.799999999999997
-9.299999999999997
-9.799999999999997
-10.299999999999997
-10.799999999999997
-11.299999999999997
-11.799999999999997
-12.299999999999997
-12.799999999999997
-13.299999999999997
-13.799999999999997
-14.299999999999997
-14.799999999999997
-15.299999999999997
-15.799999999999997
-16.299999999999997
-16.799999999999997
-17.299999999999997
-19.799999999999997
-20.5
-21.200000000000003
-21.900000000000006
-22.599999999999994
-23.299999999999983
-24.0
-24.69999999999999
-25.400000000000006
-26.099999999999994
-26.799999999999983
-27.5
-28.19999999999999
-28.900000000000006
-29.599999999999994
-30.299999999999983
-31.0
-31.69999999999999
-32.400000000000006
-33.099999999999994
-33.79999999999998
-34.5
-35.19999999999999
-35.89999999999998
-37.599999999999966
-38.39999999999998
-39.19999999999999
-40.0
-40.80000000000001
-41.599999999999966
-41.39999999999998
13.900000000000034
-36.19999999999999
-35.80000000000001
-35.30000000000001
19.30000000000001
-29.599999999999994
-29.900000000000006
21.80000000000001
-25.299999999999983
7.400000000000006
-22.599999999999994
-22.900000000000006
-13.199999999999989
-22.5
-22.799999999999983
-20.099999999999994
-24.099999999999994
-24.5
-24.900000000000006
-25.299999999999983
-25.69999999999999
-26.099999999999994
-26.5
-26.900000000000006
-28.299999999999983
-28.799999999999983
-29.299999999999983
-29.799999999999983
-31.299999999999983
-32.900000000000006
-33.599999999999994
-34.29999999999998
-34.0
62.400000000000034
-24.5
-25.0
-25.5
64.0
-18.5
-19.099999999999994
-20.700000000000003
-21.400000000000006
-22.099999999999994
-22.799999999999983
-25.5
-26.400000000000006
-28.299999999999983
-29.299999999999983
-30.299999999999983
-31.299999999999983
-33.29999999999998
-34.400000000000006
-36.5
-37.69999999999999
-38.900000000000006
-40.099999999999994
-41.30000000000001
-42.5
-44.69999999999999
-46.0
-49.30000000000001
-50.80000000000001
-52.30000000000001
-53.80000000000001
-55.30000000000001
-55.80000000000001
39.80000000000001
-46.89999999999998
-47.099999999999966
-47.19999999999999
3.8000000000000114
-42.0
-42.80000000000001
-2.599999999999966
-41.30000000000001
-41.19999999999999
-1.0
-36.69999999999999
2.6999999999999886
-33.900000000000006
-2.5
-31.900000000000006
-1.5
-31.0
-31.69999999999999
-4.400000000000006
-30.299999999999983
-3.0
-28.900000000000006
-14.599999999999994
-28.799999999999983
-25.5
-29.799999999999983
-26.5
-30.799999999999983
-31.5
-32.19999999999999
-33.900000000000006
-33.69999999999999
12.599999999999994
-29.400000000000006
-30.0
-30.599999999999994
9.800000000000011
-27.69999999999999
-28.299999999999983
-28.900000000000006
-29.5
-30.099999999999994
-30.69999999999999
-31.299999999999983
-31.900000000000006
-32.5
-33.099999999999994
-33.69999999999999
-34.29999999999998
-34.89999999999998
-35.5
-36.099999999999966
-37.69999999999999
-38.39999999999998
-39.099999999999966
-39.80000000000001
-40.5
-42.19999999999999
-43.0
-43.80000000000001
-44.599999999999966
-45.39999999999998
-46.19999999999999
-48.0
-47.89999999999998
39.30000000000001
-38.69999999999999
-38.30000000000001
-39.80000000000001
40.60000000000002
-33.900000000000006
-34.599999999999994
36.70000000000002
-28.799999999999983
-29.5
31.80000000000001
-23.69999999999999
-24.299999999999983
27.099999999999994
-20.299999999999983
-2.9000000000000057
-19.700000000000003
-20.299999999999983
-18.900000000000006
-22.299999999999983
-20.0
-24.400000000000006
-23.19999999999999
-25.799999999999983
-25.599999999999994
-28.299999999999983
-28.19999999999999
-31.0
-33.0
-34.099999999999994
-36.19999999999999
-37.400000000000006
-38.599999999999994
-40.79999999999998
-42.099999999999966
-43.39999999999998
-45.69999999999999
-47.099999999999966
-48.5
-49.89999999999998
-51.30000000000001
-52.69999999999999
-55.099999999999966
-56.599999999999966
-58.099999999999966
-59.599999999999966
-61.099999999999966
-63.599999999999966
-65.19999999999999
-66.80000000000001
-68.39999999999998
-70.0
-72.59999999999997
-74.29999999999995
-76.0
-77.69999999999993
-79.39999999999998
-81.10000000000002
-82.79999999999995
-84.5
-86.19999999999993
-88.89999999999998
-91.69999999999993
-93.60000000000002
-96.5
-96.5
0.7000000000000455
-89.19999999999993
-89.89999999999998
-90.5
-17.0
-84.0
-86.29999999999995
-17.699999999999932
-80.10000000000002
-81.29999999999995
-19.5
-78.39999999999998
-14.699999999999932
-72.5
-72.60000000000002
-10.600000000000023
-67.29999999999995
-14.199999999999932
-62.69999999999999
-63.5
-11.300000000000011
-59.80000000000001
-10.599999999999966
-57.39999999999998
-10.300000000000011
-54.39999999999998
-6.300000000000011
-51.30000000000001
-4.199999999999989
-48.30000000000001
-49.19999999999999
-50.099999999999966
-50.0
-29.80000000000001
-50.5
-52.39999999999998
-53.39999999999998
-56.39999999999998
-58.599999999999966
-60.89999999999998
-62.30000000000001
-65.69999999999999
-69.30000000000001
-72.09999999999997
-75.0
-78.0
-80.10000000000002
-82.19999999999993
-84.29999999999995
-86.39999999999998
-88.5
-90.60000000000002
-92.69999999999993
-94.79999999999995
-97.89999999999998
-101.10000000000002
-103.39999999999998
-105.69999999999993
-109.0
-111.39999999999998
-114.79999999999995
-117.29999999999995
-119.79999999999995
-123.29999999999995
-125.89999999999998
-127.5
-31.0
-120.60000000000002
-121.89999999999998
-123.10000000000002
-34.19999999999993
-116.19999999999993
-32.10000000000002
-111.39999999999998
-112.29999999999995
-31.100000000000023
-106.60000000000002
-108.29999999999995
-109.0
-50.60000000000002
-106.19999999999993
-56.799999999999955
-104.29999999999995
-56.89999999999998
-103.60000000000002
-73.29999999999995
-103.79999999999995
-73.5
-104.0
-74.69999999999993
-104.29999999999995
-84.0
-105.5
-85.19999999999993
-106.69999999999993
-107.39999999999998
-109.0
-110.60000000000002
-110.19999999999993
-36.60000000000002
-106.5
-109.0
-110.60000000000002
-51.19999999999993
-109.69999999999993
-111.5
-113.29999999999995
-116.10000000000002
-118.0
-119.89999999999998
-121.79999999999995
-123.69999999999993
-125.60000000000002
-128.5
-131.5
-133.60000000000002
-136.70000000000005
-139.89999999999986
-142.20000000000005
-145.5
-148.89999999999986
-151.39999999999986
-153.89999999999986
-156.39999999999986
-158.89999999999986
-161.39999999999986
-164.89999999999986
-167.5
-170.0999999999999
-172.70000000000005
-175.29999999999995
-176.89999999999986
-81.39999999999986
-171.0999999999999
-173.5
-174.89999999999986
-81.20000000000005
-168.89999999999986
-170.0999999999999
-77.20000000000005
-163.79999999999995
-164.79999999999995
-75.70000000000005
-158.5
-70.29999999999995
-154.0999999999999
-155.0
-68.79999999999995
-150.79999999999995
-64.70000000000005
-145.79999999999995
-60.700000000000045
-139.89999999999986
-141.70000000000005
-58.5
-135.79999999999995
-55.5
-50.0
-125.60000000000002
-48.39999999999998
-122.29999999999995
-125.19999999999993
-127.19999999999993
-129.19999999999993
-133.19999999999993
-136.39999999999998
-138.70000000000005
-141.0
-144.29999999999995
-147.70000000000005
-151.20000000000005
-154.79999999999995
-157.5
-159.20000000000005
-162.79999999999995
-166.5
-169.29999999999995
-172.0999999999999
-176.89999999999986
-179.89999999999986
-183.89999999999986
-188.0
-191.20000000000005
-194.39999999999986
-197.5999999999999
-201.79999999999995
-205.0999999999999
-209.39999999999986
-212.79999999999995
-218.20000000000005
-221.79999999999995
-225.39999999999986
-230.0
-233.70000000000005
-238.39999999999986
-243.20000000000005
-246.0999999999999
-149.89999999999986
-242.70000000000005
-244.39999999999986
-245.89999999999986
-247.20000000000005
-155.29999999999995
-242.89999999999986
-244.89999999999986
-153.79999999999995
-239.29999999999995
-240.0
-150.5
-234.79999999999995
-235.20000000000005
-147.39999999999986
-231.5999999999999
-145.89999999999986
-228.39999999999986
-142.79999999999995
-224.39999999999986
-146.79999999999995
-219.20000000000005
-149.39999999999986
-214.39999999999986
-147.39999999999986
-212.5
-213.5999999999999
-144.5999999999999
-208.5
-141.29999999999995
-203.20000000000005
-204.79999999999995
-206.39999999999986
-207.0
-109.5
-200.0999999999999
-202.5999999999999
-204.20000000000005
-164.79999999999995
-205.29999999999995
-206.0999999999999
-199.79999999999995
-212.70000000000005
-215.79999999999995
-218.0
-219.20000000000005
-222.29999999999995
-226.5
-228.89999999999986
-233.29999999999995
-236.89999999999986
-239.5999999999999
-245.29999999999995
-248.29999999999995
-254.29999999999995
-259.5999999999999
-264.0999999999999
-269.6999999999998
-274.5
-278.4000000000001
-283.2999999999997
-288.2999999999997
-292.4000000000001
-296.5
-300.5999999999999
-306.6999999999998
-311.0
-215.29999999999973
-308.5999999999999
-311.7999999999997
-314.9000000000001
-221.9000000000001
-313.1999999999998
-314.1999999999998
-222.9000000000001
-310.0999999999999
-312.5999999999999
-224.0
-308.1999999999998
-310.4000000000001
-222.5
-305.5
-220.4000000000001
-301.5
-214.29999999999973
-297.0999999999999
-210.79999999999973
-292.5999999999999
-207.19999999999982
-287.0
-203.4000000000001
-282.1999999999998
-198.5
-276.1999999999998
-195.29999999999973
-271.0999999999999
-190.0999999999999
-266.7999999999997
-268.7999999999997
-268.7999999999997
-194.5999999999999
-263.7999999999997
-264.5
-268.0999999999999
-200.9000000000001
-264.7999999999997
-266.5999999999999
-215.4000000000001
-266.9000000000001
-269.9000000000001
-253.0
-274.1999999999998
-277.5
-280.9000000000001
-285.4000000000001
-288.0999999999999
-290.7999999999997
-293.5
-298.1999999999998
-302.0999999999999
-306.0999999999999
-312.1999999999998
-316.5999999999999
-322.0999999999999
-326.7999999999997
-332.5999999999999
-338.5999999999999
-342.7999999999997
-349.0
-354.4000000000001
-359.9000000000001
-365.5
-370.1999999999998
-276.9000000000001
-369.7999999999997
-372.5
-376.0
-283.4000000000001
-372.0999999999999
-375.1999999999998
-379.1999999999998
-288.1999999999998
-372.6999999999998
-283.1999999999998
-368.4000000000001
-369.6999999999998
-282.7999999999997
-364.9000000000001
-278.7999999999997
-359.7999999999997
-361.5
-277.0999999999999
-355.0
-271.2999999999997
-348.0
-263.0
-341.2999999999997
-257.0999999999999
-334.2999999999997
-250.9000000000001
-326.0
-246.29999999999973
-320.5
-319.7999999999997
-319.9000000000001
-317.9000000000001
-232.5999999999999
-306.6999999999998
-306.0
-307.1999999999998
-229.5
-303.0
-302.5999999999999
-298.0999999999999
-304.0999999999999
-304.6999999999998
-306.2999999999997
-307.0
-308.6999999999998
-309.5
-310.2999999999997
-314.0999999999999
-317.1999999999998
-319.5
-323.9000000000001
-327.5999999999999
-331.5
-335.5999999999999
-339.9000000000001
-343.4000000000001
-347.0
-350.6999999999998
-356.5
-359.5999999999999
-363.6999999999998
-369.9000000000001
-374.4000000000001
-379.0
-381.6999999999998
-288.2999999999997
-379.1999999999998
-382.7999999999997
-386.4000000000001
-293.0
-383.9000000000001
-385.5
-295.9000000000001
-382.0
-384.2999999999997
-296.5
-381.5999999999999
-292.7999999999997
-375.7999999999997
-377.6999999999998
-290.5
-371.2999999999997
-285.7999999999997
-367.5
-282.0
-360.6999999999998
-276.9000000000001
-353.5
-354.4000000000001
-271.1999999999998
-347.5
-264.0999999999999
-339.1999999999998
-257.5
-332.5
-332.6999999999998
-333.7999999999997
-333.9000000000001
-268.9000000000001
-325.2999999999997
-326.9000000000001
-326.5999999999999
-290.1999999999998
-324.0999999999999
-325.6999999999998
-326.4000000000001
-306.0999999999999
-328.6999999999998
-328.6999999999998
-330.5999999999999
-331.5999999999999
-334.5999999999999
-336.7999999999997
-339.0999999999999
-341.5
-345.0
-346.6999999999998
-350.4000000000001
-354.2999999999997
-357.4000000000001
-362.5999999999999
-367.0999999999999
-369.7999999999997
-375.5
-379.5
-384.5999999999999
-388.9000000000001
-393.2999999999997
-396.7999999999997
-403.2999999999997
-408.0999999999999
-315.0
-408.1999999999998
-410.2999999999997
-415.1999999999998
-321.1999999999998
-410.4000000000001
-412.0999999999999
-322.5999999999999
-409.7999999999997
-413.2999999999997
-324.7999999999997
-410.0999999999999
-321.5
-404.6999999999998
-406.7999999999997
-319.7999999999997
-400.7999999999997
-314.5
-395.2999999999997
-309.7999999999997
-387.5
-302.5999999999999
-381.0
-295.9000000000001
-374.0999999999999
-373.7999999999997
-291.2999999999997
-366.4000000000001
-284.6999999999998
-359.6999999999998
-359.9000000000001
-359.0
-356.9000000000001
-263.5
-348.6999999999998
-349.2999999999997
-348.9000000000001
-349.4000000000001
-350.9000000000001
-352.5
-352.1999999999998
-352.7999999999997
-353.4000000000001
-354.0
-354.5999999999999
-356.1999999999998
-357.9000000000001
-360.6999999999998
-362.6999999999998
-365.7999999999997
-369.0999999999999
-371.5999999999999
-374.1999999999998
-377.9000000000001
-380.7999999999997
-385.7999999999997
-388.0999999999999
-392.4000000000001
-396.9000000000001
-400.5999999999999
-404.4000000000001
-409.2999999999997
-414.4000000000001
-418.6999999999998
-424.0999999999999
-427.6999999999998
-331.2999999999997
-425.9000000000001
-428.5999999999999
-432.1999999999998
-340.7999999999997
-429.9000000000001
-433.5
-343.0999999999999
-430.2999999999997
-431.7999999999997
-342.0999999999999
-428.0999999999999
-339.2999999999997
-423.2999999999997
-336.2999999999997
-418.2999999999997
-331.0999999999999
-412.9000000000001
-413.5
-328.9000000000001
-408.5999999999999
-322.9000000000001
-401.4000000000001
-316.4000000000001
-393.6999999999998
-310.4000000000001
-386.5999999999999
-304.0999999999999
-379.1999999999998
-297.5
-370.5
-371.5
-371.5
-270.4000000000001
-357.0999999999999
-356.4000000000001
-356.5999999999999
-265.7999999999997
-347.9000000000001
-348.0999999999999
-348.2999999999997
-269.5
-340.7999999999997
-273.0
-335.4000000000001
-335.6999999999998
-274.0
-333.0999999999999
-336.6999999999998
-339.5999999999999
-339.6999999999998
-343.6999999999998
-347.0
-348.5
-351.0
-354.5999999999999
-358.4000000000001
-362.4000000000001
-365.5999999999999
-369.9000000000001
-373.4000000000001
-377.0
-383.6999999999998
-388.7999999999997
-392.0999999999999
-396.4000000000001
-301.7999999999997
-394.4000000000001
-396.9000000000001
-400.2999999999997
-308.6999999999998
-395.5999999999999
-397.7999999999997
-306.9000000000001
-393.5999999999999
-396.5999999999999
-308.5999999999999
-392.5
-394.4000000000001
-306.1999999999998
-388.9000000000001
-301.5
-383.0999999999999
-296.5
-376.0
-291.0999999999999
-369.5
-284.4000000000001
-362.5999999999999
-278.2999999999997
-356.4000000000001
-272.0
-349.0
-265.4000000000001
-341.2999999999997
-340.5
-339.5
-341.2999999999997
-339.1999999999998
-302.7999999999997
-335.6999999999998
-337.1999999999998
-336.7999999999997
-336.2999999999997
-336.6999999999998
-337.0999999999999
-336.5
-336.7999999999997
-337.0999999999999
-337.4000000000001
-338.6999999999998
-340.0999999999999
-340.5999999999999
-343.0999999999999
-343.7999999999997
-346.5
-349.4000000000001
-352.5
-354.7999999999997
-357.1999999999998
-359.6999999999998
-363.2999999999997
-367.0999999999999
-370.0999999999999
-374.1999999999998
-378.5
-382.0
-386.5999999999999
-390.4000000000001
-394.2999999999997
-399.2999999999997
-403.5
-307.7999999999997
-400.1999999999998
-403.5
-405.7999999999997
-314.0
-401.6999999999998
-405.7999999999997
-315.0
-401.7999999999997
-402.9000000000001
-312.7999999999997
-397.4000000000001
-309.0999999999999
-392.6999999999998
-394.2999999999997
-306.7999999999997
-386.2999999999997
-302.4000000000001
-382.9000000000001
-296.0999999999999
-376.4000000000001
-291.4000000000001
-371.6999999999998
-285.6999999999998
-363.9000000000001
-279.5999999999999
-355.6999999999998
-356.0999999999999
-356.4000000000001
-356.5999999999999
-355.6999999999998
-355.5999999999999
-356.4000000000001
-356.1999999999998
-355.9000000000001
-356.5
-357.0999999999999
-356.6999999999998
-357.1999999999998
-359.6999999999998
-359.4000000000001
-359.0
-361.5
-361.1999999999998
-362.7999999999997
-363.5
-365.1999999999998
-368.0
-369.0
-371.0
-375.0999999999999
-377.5
-381.0
-384.6999999999998
-388.5999999999999
-391.6999999999998
-396.9000000000001
-399.4000000000001
-403.9000000000001
-407.5999999999999
-411.4000000000001
-416.2999999999997
-420.4000000000001
-425.5999999999999
-431.0
-433.5999999999999
-340.0999999999999
-431.9000000000001
-436.5
-438.1999999999998
-346.6999999999998
-434.6999999999998
-438.0999999999999
-347.5
-434.5
-435.7999999999997
-346.9000000000001
-430.7999999999997
-431.6999999999998
-343.4000000000001
-427.0
-339.5999999999999
-421.1999999999998
-422.5999999999999
-336.9000000000001
-415.4000000000001
-330.4000000000001
-408.6999999999998
-324.5
-402.6999999999998
-318.4000000000001
-395.5
-313.0
-388.0999999999999
-305.4000000000001
-379.2999999999997
-379.2999999999997
-381.1999999999998
-379.1999999999998
-293.9000000000001
-368.0
-368.2999999999997
-368.5999999999999
-289.9000000000001
-361.2999999999997
-362.5999999999999
-292.0
-355.2999999999997
-354.5999999999999
-354.7999999999997
-356.0
-358.2999999999997
-360.7999999999997
-361.5
-365.1999999999998
-367.1999999999998
-369.2999999999997
-371.5
-374.7999999999997
-376.2999999999997
-380.7999999999997
-383.5999999999999
-387.5
-392.5999999999999
-395.0
-399.4000000000001
-405.0
-407.9000000000001
-411.7999999999997
-415.7999999999997
-420.9000000000001
-325.1999999999998
-418.5999999999999
-422.0
-426.4000000000001
-427.9000000000001
-336.1999999999998
-425.0
-426.2999999999997
-335.4000000000001
-423.0999999999999
-334.1999999999998
-418.0999999999999
-420.0
-329.7999999999997
-413.2999999999997
-325.7999999999997
-407.2999999999997
-408.5999999999999
-323.7999999999997
-402.2999999999997
-317.2999999999997
-395.5999999999999
-310.4000000000001
-388.5
-305.0999999999999
-380.1999999999998
-296.5
-372.2999999999997
-290.4000000000001
-365.1999999999998
-282.1999999999998
-356.7999999999997
-355.5999999999999
-353.1999999999998
-256.5
-342.0999999999999
-343.1999999999998
-342.4000000000001
-266.5
-334.0
-335.0
-335.0999999999999
-336.1999999999998
-336.4000000000001
-337.5999999999999
-338.9000000000001
-339.2999999999997
-340.6999999999998
-343.1999999999998
-344.9000000000001
-348.6999999999998
-349.7999999999997
-351.9000000000001
-355.0999999999999
-358.5
-361.0999999999999
-364.7999999999997
-368.6999999999998
-371.7999999999997
-376.0
-380.4000000000001
-384.0
-388.6999999999998
-392.5999999999999
-397.5999999999999
-401.7999999999997
-405.0999999999999
-310.4000000000001
-402.9000000000001
-406.2999999999997
-409.6999999999998
-317.0999999999999
-404.9000000000001
-407.0999999999999
-316.1999999999998
-404.9000000000001
-407.0999999999999
-318.1999999999998
-403.0999999999999
-315.0999999999999
-398.0
-397.7999999999997
-311.2999999999997
-391.9000000000001
-394.1999999999998
-308.5
-387.0
-302.0
-381.2999999999997
-294.1999999999998
-373.1999999999998
-286.7999999999997
-363.5999999999999
-279.7999999999997
-355.5
-272.5
-348.0999999999999
-348.0
-347.7999999999997
-346.5
-254.0
-336.1999999999998
-335.5
-335.6999999999998
-336.9000000000001
-337.1999999999998
-336.5
-336.6999999999998
-337.9000000000001
-339.1999999999998
-339.5999999999999
-341.0
-341.5
-343.0
-344.5999999999999
-347.2999999999997
-349.1999999999998
-352.1999999999998
-354.4000000000001
-357.6999999999998
-361.1999999999998
-363.9000000000001
-367.6999999999998
-370.6999999999998
-373.7999999999997
-378.0
-382.4000000000001
-387.0
-390.7999999999997
-394.6999999999998
-398.6999999999998
-403.7999999999997
-407.0999999999999
-313.4000000000001
-404.0
-407.2999999999997
-410.5999999999999
-317.9000000000001
-406.5999999999999
-408.7999999999997
-317.9000000000001
-404.5999999999999
-405.5999999999999
-319.4000000000001
-403.2999999999997
-314.1999999999998
-397.9000000000001
-399.5999999999999
-313.1999999999998
-393.9000000000001
-307.2999999999997
-388.7999999999997
-303.0999999999999
-381.5999999999999
-297.5999999999999
-376.0
-291.9000000000001
-368.1999999999998
-285.7999999999997
-361.0
-277.4000000000001
-353.2999999999997
-352.5
-353.5
-352.5
-351.2999999999997
-263.9000000000001
-341.6999999999998
-341.0999999999999
-341.4000000000001
-318.6999999999998
-339.6999999999998
-340.0
-323.2999999999997
-337.9000000000001
-338.0999999999999
-338.2999999999997
-339.5
-339.7999999999997
-341.0999999999999
-343.5
-345.0999999999999
-348.7999999999997
-349.7999999999997
-353.7999999999997
-356.0999999999999
-359.5
-362.0999999999999
-365.7999999999997
-369.6999999999998
-372.7999999999997
-377.0
-381.4000000000001
-386.0
-390.7999999999997
-393.7999999999997
-398.7999999999997
-403.0
-406.2999999999997
-311.5999999999999
-405.0999999999999
-407.5999999999999
-410.0
-316.2999999999997
-403.9000000000001
-406.9000000000001
-316.9000000000001
-405.5999999999999
-314.7999999999997
-398.5999999999999
-400.4000000000001
-313.0999999999999
-397.7999999999997
-398.5999999999999
-312.1999999999998
-392.9000000000001
-308.2999999999997
-388.0
-388.2999999999997
-303.4000000000001
-380.7999999999997
-297.5999999999999
-373.9000000000001
-289.5
-367.5
-284.0
-359.0
-277.1999999999998
-350.0999999999999
-351.0
-351.9000000000001
-350.7999999999997
-351.5
-351.1999999999998
-352.7999999999997
-352.5
-352.0999999999999
-353.5999999999999
-355.1999999999998
-355.9000000000001
-356.5999999999999
-357.2999999999997
-358.0
-358.6999999999998
-360.4000000000001
-362.1999999999998
-364.0999999999999
-368.0999999999999
-370.4000000000001
-372.7999999999997
-375.2999999999997
-378.9000000000001
-382.6999999999998
-386.6999999999998
-388.9000000000001
-392.0999999999999
-396.4000000000001
-401.9000000000001
-406.6999999999998
-410.6999999999998
-414.7999999999997
-420.0
-424.4000000000001
-428.9000000000001
-335.5
-429.4000000000001
-431.2999999999997
-434.0
-437.5999999999999
-344.1999999999998
-433.0999999999999
-435.5
-345.7999999999997
-432.7999999999997
-343.0999999999999
-429.0999999999999
-430.2999999999997
-341.2999999999997
-426.0999999999999
-340.0
-422.0
-423.7999999999997
-336.5
-418.1999999999998
-330.6999999999998
-410.1999999999998
-325.2999999999997
-403.6999999999998
-319.5999999999999
-395.9000000000001
-397.5
-316.0999999999999
-390.4000000000001
-307.7999999999997
-382.7999999999997
-383.0
-382.0999999999999
-381.0
-290.6999999999998
-371.2999999999997
-370.7999999999997
-370.1999999999998
-371.5
-283.9000000000001
-363.5
-362.9000000000001
-275.1999999999998
-354.6999999999998
-356.0
-295.4000000000001
-351.6999999999998
-330.1999999999998
-353.5
-355.2999999999997
-359.1999999999998
-361.4000000000001
-363.6999999999998
-366.0999999999999
-369.5999999999999
-372.2999999999997
-376.0999999999999
-380.0999999999999
-384.2999999999997
-387.6999999999998
-391.1999999999998
-395.7999999999997
-400.5999999999999
-404.5999999999999
-409.6999999999998
-414.0
-418.4000000000001
-323.9000000000001
-415.5999999999999
-419.0999999999999
-421.5999999999999
-329.0
-417.7999999999997
-419.0999999999999
-327.1999999999998
-414.7999999999997
-417.7999999999997
-327.7999999999997
-413.5
-324.4000000000001
-408.0999999999999
-409.7999999999997
-323.4000000000001
-404.0999999999999
-317.5
-398.0
-313.1999999999998
-391.6999999999998
-306.6999999999998
-384.0
-384.6999999999998
-302.2999999999997
-378.5
-295.0
-370.0
-288.1999999999998
-363.0999999999999
-362.1999999999998
-362.0999999999999
-362.9000000000001
-276.6999999999998
-352.7999999999997
-353.2999999999997
-351.7999999999997
-279.0999999999999
-346.0999999999999
-345.5
-325.7999999999997
-345.0999999999999
-345.5
-340.9000000000001
-346.7999999999997
-343.2999999999997
-349.4000000000001
-352.0999999999999
-353.0
-356.9000000000001
-360.0999999999999
-363.5
-367.0999999999999
-369.9000000000001
-373.7999999999997
-376.9000000000001
-381.0999999999999
-385.5
-390.0999999999999
-392.9000000000001
-398.6999999999998
-402.7999999999997
-408.0
-412.4000000000001
-416.9000000000001
-422.5
-328.2999999999997
-421.2999999999997
-422.1999999999998
-424.7999999999997
-333.2999999999997
-422.2999999999997
-426.7999999999997
-335.4000000000001
-421.5
-423.7999999999997
-334.0
-418.9000000000001
-419.9000000000001
-332.6999999999998
-414.5
-327.0999999999999
-406.6999999999998
-407.9000000000001
-324.0
-401.5
-317.4000000000001
-395.6999999999998
-396.5
-313.1999999999998
-389.4000000000001
-306.9000000000001
-383.0
-300.4000000000001
-374.4000000000001
-373.5
-372.4000000000001
-373.0999999999999
-371.7999999999997
-281.2999999999997
-359.6999999999998
-360.7999999999997
-360.0
-287.0999999999999
-352.9000000000001
-353.0
-303.0999999999999
-349.1999999999998
-349.4000000000001
-348.5999999999999
-348.6999999999998
-350.7999999999997
-352.0999999999999
-354.5
-358.0999999999999
-360.0
-361.0
-363.0
-366.0999999999999
-370.4000000000001
-374.0
-376.7999999999997
-380.6999999999998
-384.7999999999997
-388.0999999999999
-391.5
-396.0
-399.6999999999998
-404.5
-409.5
-414.6999999999998
-418.0999999999999
-322.5
-414.0
-416.2999999999997
-418.5
-326.5999999999999
-415.1999999999998
-417.2999999999997
-420.2999999999997
-330.2999999999997
-415.0
-325.7999999999997
-410.4000000000001
-320.0999999999999
-404.5
-405.0
-405.2999999999997
-319.4000000000001
-399.6999999999998
-312.6999999999998
-391.7999999999997
-391.5
-308.0
-385.0
-301.4000000000001
-377.2999999999997
-293.5
-368.1999999999998
-285.0999999999999
-358.5999999999999
-276.1999999999998
-350.5
-349.0
-347.2999999999997
-272.4000000000001
-338.0
-336.9000000000001
-337.6999999999998
-337.5999999999999
-337.5
-336.4000000000001
-336.1999999999998
-336.0
-336.7999999999997
-337.6999999999998
-338.6999999999998
-339.7999999999997
-342.0
-342.4000000000001
-345.7999999999997
-348.5
-350.4000000000001
-353.4000000000001
-354.5999999999999
-359.7999999999997
-361.4000000000001
-363.0
-366.5999999999999
-370.4000000000001
-374.4000000000001
-378.5999999999999
-383.0
-386.5999999999999
-391.2999999999997
-396.1999999999998
-400.2999999999997
-404.5
-306.7999999999997
-402.0
-403.4000000000001
-405.5999999999999
-313.6999999999998
-401.2999999999997
-405.2999999999997
-314.4000000000001
-400.0999999999999
-402.0
-311.7999999999997
-398.2999999999997
-310.0999999999999
-391.7999999999997
-393.2999999999997
-305.6999999999998
-385.0999999999999
-299.0999999999999
-380.2999999999997
-294.2999999999997
-373.5
-286.2999999999997
-364.1999999999998
-279.5999999999999
-356.4000000000001
-272.5999999999999
-349.2999999999997
-264.4000000000001
-339.9000000000001
-256.6999999999998
-331.0999999999999
-329.6999999999998
-329.0999999999999
-329.4000000000001
-328.6999999999998
-329.9000000000001
-329.1999999999998
-330.4000000000001
-330.6999999999998
-330.0
-329.1999999999998
-329.2999999999997
-329.4000000000001
-329.5
-331.5999999999999
-332.9000000000001
-335.2999999999997
-336.9000000000001
-338.5999999999999
-341.4000000000001
-342.4000000000001
-346.4000000000001
-349.6999999999998
-352.1999999999998
-356.7999999999997
-357.6999999999998
-361.5
-365.5
-369.6999999999998
-373.0999999999999
-377.5999999999999
-382.2999999999997
-386.1999999999998
-391.1999999999998
-395.4000000000001
-398.6999999999998
-305.0
-397.5999999999999
-401.0999999999999
-402.5999999999999
-311.9000000000001
-400.7999999999997
-403.1999999999998
-313.5
-400.5
-403.7999999999997
-314.0999999999999
-398.0999999999999
-399.0999999999999
-311.9000000000001
-393.6999999999998
-307.2999999999997
-388.0
-388.4000000000001
-302.5999999999999
-382.0
-297.0
-375.2999999999997
-291.0999999999999
-370.2999999999997
-370.0999999999999
-284.6999999999998
-360.5999999999999
-276.7999999999997
-352.5
-270.5
-344.1999999999998
-343.0
-341.5999999999999
-286.0
-336.7999999999997
-336.1999999999998
-336.5
-336.7999999999997
-336.0999999999999
-337.2999999999997
-337.5999999999999
-336.9000000000001
-338.0999999999999
-339.4000000000001
-338.7999999999997
-340.0999999999999
-340.5
-342.9000000000001
-345.5
-347.2999999999997
-350.1999999999998
-353.2999999999997
-355.5999999999999
-359.0
-361.5999999999999
-365.2999999999997
-369.1999999999998
-372.2999999999997
-376.5
-379.9000000000001
-382.4000000000001
-387.9000000000001
-392.6999999999998
-396.6999999999998
-401.7999999999997
-405.0999999999999
-309.4000000000001
-401.7999999999997
-406.0999999999999
-407.5
-315.6999999999998
-404.4000000000001
-406.5999999999999
-410.6999999999998
-319.9000000000001
-405.6999999999998
-316.6999999999998
-401.5
-403.4000000000001
-316.1999999999998
-397.0
-310.5
-393.0999999999999
-306.5999999999999
-387.1999999999998
-300.5
-378.9000000000001
-293.7999999999997
-371.0
-287.5999999999999
-364.6999999999998
-280.1999999999998
-357.0999999999999
-358.4000000000001
-275.6999999999998
-348.5999999999999
-349.5
-348.4000000000001
-347.0999999999999
-295.5999999999999
-340.9000000000001
-341.1999999999998
-341.5
-321.7999999999997
-340.0999999999999
-341.4000000000001
-340.7999999999997
-340.0999999999999
-340.2999999999997
-340.5
-342.6999999999998
-343.0999999999999
-344.5
-346.0
-348.5999999999999
-351.4000000000001
-353.4000000000001
-356.5
-358.7999999999997
-363.1999999999998
-366.9000000000001
-368.7999999999997
-371.6999999999998
-375.6999999999998
-380.9000000000001
-385.4000000000001
-390.0999999999999
-395.0
-398.0999999999999
-402.1999999999998
-407.4000000000001
-411.7999999999997
-317.2999999999997
-411.0
-414.6999999999998
-416.4000000000001
-322.9000000000001
-411.6999999999998
-415.0
-324.2999999999997
-411.1999999999998
-413.4000000000001
-323.5
-409.2999999999997
-322.2999999999997
-405.2999999999997
-407.1999999999998
-321.0
-401.9000000000001
-316.5
-396.2999999999997
-311.6999999999998
-390.4000000000001
-305.5999999999999
-384.0999999999999
-300.0999999999999
-377.5
-295.2999999999997
-370.6999999999998
-288.2999999999997
-365.5
-364.0999999999999
-363.4000000000001
-364.5
-363.5999999999999
-304.5
-357.4000000000001
-358.0999999999999
-357.7999999999997
-312.4000000000001
-354.4000000000001
-355.0
-354.5999999999999
-313.0999999999999
-353.4000000000001
-353.0999999999999
-353.6999999999998
-355.2999999999997
-357.0
-359.7999999999997
-361.7999999999997
-364.9000000000001
-366.1999999999998
-368.5
-372.9000000000001
-375.5999999999999
-379.4000000000001
-384.4000000000001
-388.6999999999998
-392.1999999999998
-398.7999999999997
-401.7999999999997
-407.7999999999997
-411.0999999999999
-415.4000000000001
-420.7999999999997
-425.4000000000001
-430.0999999999999
-335.9000000000001
-428.9000000000001
-431.7999999999997
-434.5999999999999
-341.2999999999997
-432.2999999999997
-435.0
-343.5999999999999
-431.6999999999998
-434.1999999999998
-344.5999999999999
-429.6999999999998
-340.9000000000001
-425.9000000000001
-427.0
-339.9000000000001
-420.7999999999997
-333.4000000000001
-415.0
-329.4000000000001
-410.0
-324.2999999999997
-402.7999999999997
-318.7999999999997
-397.1999999999998
-397.0999999999999
-314.7999999999997
-390.0999999999999
-308.5999999999999
-382.7999999999997
-383.0999999999999
-383.2999999999997
-383.4000000000001
-294.4000000000001
-372.4000000000001
-370.0
-285.2999999999997
-360.0999999999999
-362.1999999999998
-362.5
-290.7999999999997
-355.9000000000001
-355.1999999999998
-309.4000000000001
-352.0
-309.2999999999997
-351.2999999999997
-352.9000000000001
-354.5999999999999
-357.4000000000001
-360.4000000000001
-362.5999999999999
-366.9000000000001
-368.5
-372.0999999999999
-374.9000000000001
-378.7999999999997
-382.9000000000001
-385.1999999999998
-388.5
-393.9000000000001
-398.5999999999999
-401.5
-407.4000000000001
-412.5999999999999
-415.0
-319.2999999999997
-412.6999999999998
-416.0999999999999
-417.5
-325.6999999999998
-414.4000000000001
-416.5999999999999
-325.6999999999998
-413.4000000000001
-414.5
-324.4000000000001
-409.0
-410.6999999999998
-322.2999999999997
-403.7999999999997
-315.0999999999999
-397.2999999999997
-309.4000000000001
-390.5
-305.4000000000001
-383.5999999999999
-298.2999999999997
-377.2999999999997
-375.9000000000001
-292.1999999999998
-369.0
-285.1999999999998
-361.9000000000001
-277.0
-351.5
-351.1999999999998
-350.7999999999997
-349.2999999999997
-262.5999999999999
-339.1999999999998
-339.2999999999997
-339.4000000000001
-338.5
-339.5
-339.5999999999999
-338.6999999999998
-339.6999999999998
-338.7999999999997
-340.7999999999997
-342.0
-343.2999999999997
-345.6999999999998
-346.2999999999997
-347.9000000000001
-349.5999999999999
-352.4000000000001
-355.4000000000001
-357.5999999999999
-358.9000000000001
-362.1999999999998
-365.6999999999998
-369.4000000000001
-373.2999999999997
-377.4000000000001
-381.6999999999998
-386.1999999999998
-390.9000000000001
-393.7999999999997
-397.6999999999998
-402.6999999999998
-405.9000000000001
-310.0999999999999
-403.4000000000001
-406.6999999999998
-410.0
-411.2999999999997
-319.4000000000001
-407.0
-409.0
-318.9000000000001
-403.5
-315.1999999999998
-399.7999999999997
-401.5
-314.0999999999999
-395.6999999999998
-396.0999999999999
-310.2999999999997
-389.6999999999998
-303.6999999999998
-383.9000000000001
-296.7999999999997
-375.7999999999997
-290.4000000000001
-370.2999999999997
-285.9000000000001
-361.9000000000001
-362.1999999999998
-281.4000000000001
-354.4000000000001
-272.4000000000001
-347.0999999999999
-345.0
-343.5999999999999
-300.0
-339.0
-338.2999999999997
-338.5
-328.6999999999998
-337.9000000000001
-339.0999999999999
-338.4000000000001
-338.5999999999999
-338.7999999999997
-338.0
-339.0999999999999
-340.2999999999997
-340.5999999999999
-342.9000000000001
-345.4000000000001
-348.0999999999999
-351.0
-354.0999999999999
-357.4000000000001
-357.9000000000001
-361.2999999999997
-364.9000000000001
-368.6999999999998
-371.6999999999998
-374.7999999999997
-379.0
-381.4000000000001
-385.7999999999997
-390.4000000000001
-394.1999999999998
-399.0999999999999
-403.1999999999998
-309.4000000000001
-400.9000000000001
-404.1999999999998
-405.5
-313.5999999999999
-403.1999999999998
-405.4000000000001
-314.5
-402.1999999999998
-404.2999999999997
-315.2999999999997
-398.0999999999999
-398.7999999999997
-310.2999999999997
-391.6999999999998
-304.9000000000001
-386.1999999999998
-300.2999999999997
-380.5999999999999
-380.5999999999999
-295.4000000000001
-374.5
-290.1999999999998
-367.2999999999997
-282.7999999999997
-360.6999999999998
-276.0999999999999
-351.9000000000001
-350.0
-348.7999999999997
-349.4000000000001
-349.0
-348.5
-348.9000000000001
-348.2999999999997
-348.5999999999999
-348.9000000000001
-348.1999999999998
-348.4000000000001
-349.5999999999999
-350.9000000000001
-350.2999999999997
-350.5999999999999
-351.9000000000001
-352.2999999999997
-352.6999999999998
-355.0999999999999
-355.6999999999998
-358.2999999999997
-360.0999999999999
-363.0
-366.0999999999999
-369.4000000000001
-371.9000000000001
-374.5
-378.1999999999998
-381.0999999999999
-384.0999999999999
-387.1999999999998
-391.4000000000001
-395.7999999999997
-398.4000000000001
-403.0
-407.7999999999997
-412.7999999999997
-417.0
-322.2999999999997
-414.7999999999997
-417.1999999999998
-419.5
-326.6999999999998
-415.2999999999997
-416.4000000000001
-326.2999999999997
-412.9000000000001
-413.7999999999997
-324.5
-410.0
-411.6999999999998
-323.2999999999997
-406.7999999999997
-319.2999999999997
-399.7999999999997
-400.0
-314.0
-307.1999999999998
-385.4000000000001
-301.0999999999999
-379.1999999999998
-378.7999999999997
-295.1999999999998
-372.0999999999999
-288.4000000000001
-363.1999999999998
-281.1999999999998
-354.9000000000001
-353.6999999999998
-353.2999999999997
-351.7999999999997
-330.0999999999999
-348.1999999999998
-349.2999999999997
-349.5
-349.6999999999998
-349.9000000000001
-350.0999999999999
-351.2999999999997
-350.5999999999999
-350.7999999999997
-352.0
-353.2999999999997
-352.6999999999998
-355.0
-357.5
-359.1999999999998
-362.0
-365.0
-366.1999999999998
-369.4000000000001
-372.7999999999997
-375.4000000000001
-379.0999999999999
-382.0
-385.0
-389.0999999999999
-392.4000000000001
-396.7999999999997
-401.4000000000001
-406.1999999999998
-409.1999999999998
-413.1999999999998
-417.2999999999997
-322.5
-414.9000000000001
-418.1999999999998
-420.5
-326.6999999999998
-416.1999999999998
-419.2999999999997
-328.4000000000001
-415.0999999999999
-417.0999999999999
-327.0
-410.5999999999999
-411.1999999999998
-322.5999999999999
-404.9000000000001
-318.0999999999999
-399.4000000000001
-312.5
-392.6999999999998
-305.5999999999999
-384.5999999999999
-299.1999999999998
-378.0999999999999
-377.5999999999999
-293.9000000000001
-369.6999999999998
-286.7999999999997
-361.5
-279.4000000000001
-354.0
-352.7999999999997
-351.4000000000001
-349.7999999999997
-265.0
-340.6999999999998
-340.7999999999997
-340.9000000000001
-341.0
-340.0999999999999
-341.0999999999999
-341.1999999999998
-341.2999999999997
-342.4000000000001
-342.5999999999999
-344.7999999999997
-344.1999999999998
-346.5
-348.0
-350.5999999999999
-353.4000000000001
-357.4000000000001
-359.6999999999998
-362.0999999999999
-364.5999999999999
-369.1999999999998
-373.0999999999999
-377.1999999999998
-380.5
-382.9000000000001
-387.2999999999997
-391.9000000000001
-396.6999999999998
-401.6999999999998
-405.9000000000001
-411.1999999999998
-415.6999999999998
-321.2999999999997
-411.0999999999999
-414.5
-417.9000000000001
-324.2999999999997
-415.0
-416.4000000000001
-419.5999999999999
-328.7999999999997
-414.5999999999999
-324.5999999999999
-409.2999999999997
-410.0999999999999
-323.6999999999998
-405.4000000000001
-317.9000000000001
-400.4000000000001
-312.7999999999997
-393.1999999999998
-394.2999999999997
-309.2999999999997
-387.5999999999999
-303.4000000000001
-380.5999999999999
-296.1999999999998
-373.1999999999998
-289.5999999999999
-364.5
-364.5999999999999
-281.5999999999999
-355.1999999999998
-356.9000000000001
-353.6999999999998
-271.0999999999999
-343.1999999999998
-343.2999999999997
-343.4000000000001
-294.5
-338.6999999999998
-339.7999999999997
-340.0
-339.1999999999998
-339.2999999999997
-339.4000000000001
-341.5
-341.7999999999997
-344.0999999999999
-346.5999999999999
-347.2999999999997
-351.0
-354.0
-356.1999999999998
-359.5
-363.0
-365.6999999999998
-368.5
-371.4000000000001
-375.4000000000001
-379.5999999999999
-383.0
-387.5
-391.1999999999998
-395.0
-399.9000000000001
-404.0
-408.1999999999998
-314.5
-406.0999999999999
-408.5
-410.7999999999997
-318.0
-406.5999999999999
-409.6999999999998
-318.7999999999997
-405.5
-407.5
-318.4000000000001
-403.0999999999999
-403.9000000000001
-317.5
-398.1999999999998
-311.5999999999999
-393.0999999999999
-393.4000000000001
-307.5
-387.7999999999997
-302.7999999999997
-381.0999999999999
-294.9000000000001
-371.9000000000001
-371.2999999999997
-289.5
-365.4000000000001
-282.5999999999999
-356.4000000000001
-355.2999999999997
-355.0
-354.5999999999999
-353.0999999999999
-304.4000000000001
-346.7999999999997
-347.9000000000001
-348.0999999999999
-347.2999999999997
-348.4000000000001
-348.5999999999999
-349.7999999999997
-348.0999999999999
-348.1999999999998
-349.2999999999997
-350.5
-350.7999999999997
-352.0999999999999
-353.5
-356.0
-357.6999999999998
-359.5
-362.4000000000001
-364.5
-367.6999999999998
-370.0999999999999
-372.5999999999999
-377.1999999999998
-380.0999999999999
-385.0999999999999
-388.4000000000001
-391.7999999999997
-396.2999999999997
-400.0
-403.7999999999997
-408.6999999999998
-411.7999999999997
-319.9000000000001
-410.5
-414.7999999999997
-418.1999999999998
-324.5999999999999
-413.2999999999997
-416.5
-324.6999999999998
-411.4000000000001
-413.4000000000001
-323.2999999999997
-407.9000000000001
-317.5999999999999
-402.0
-312.5
-394.7999999999997
-396.0
-308.0999999999999
-389.1999999999998
-303.0999999999999
-382.1999999999998
-381.9000000000001
-297.4000000000001
-376.2999999999997
-292.7999999999997
-368.7999999999997
-285.0999999999999
-360.9000000000001
-278.0
-352.6999999999998
-351.5999999999999
-350.2999999999997
-349.7999999999997
-316.1999999999998
-344.1999999999998
-344.2999999999997
-344.4000000000001
-324.5
-342.5999999999999
-342.6999999999998
-343.7999999999997
-344.0
-345.1999999999998
-343.5
-343.5999999999999
-345.6999999999998
-346.0
-348.2999999999997
-350.7999999999997
-353.5
-354.4000000000001
-357.2999999999997
-359.4000000000001
-361.5999999999999
-364.9000000000001
-367.4000000000001
-371.0
-374.7999999999997
-378.7999999999997
-382.0
-386.2999999999997
-389.7999999999997
-394.4000000000001
-399.1999999999998
-402.1999999999998
-406.1999999999998
-310.2999999999997
-400.5
-405.4000000000001
-408.5
-314.5999999999999
-403.0
-405.9000000000001
-313.7999999999997
-401.1999999999998
-312.0
-397.5999999999999
-398.4000000000001
-309.0
-392.4000000000001
-392.7999999999997
-308.0
-387.5
-301.5999999999999
-381.9000000000001
-381.9000000000001
-296.6999999999998
-374.7999999999997
-290.4000000000001
-368.4000000000001
-282.9000000000001
-359.6999999999998
-274.9000000000001
-351.5
-268.5
-343.0999999999999
-342.9000000000001
-342.5999999999999
-340.1999999999998
-314.5
-336.1999999999998
-336.2999999999997
-336.4000000000001
-333.5
-336.2999999999997
-335.4000000000001
-335.4000000000001
-336.4000000000001
-336.5
-336.5999999999999
-337.6999999999998
-337.9000000000001
-340.0999999999999
-342.5
-345.0999999999999
-347.9000000000001
-349.9000000000001
-352.0
-354.1999999999998
-356.5
-359.9000000000001
-363.5
-367.2999999999997
-369.2999999999997
-372.2999999999997
-376.4000000000001
-380.6999999999998
-384.1999999999998
-388.7999999999997
-393.5999999999999
-398.5999999999999
-401.7999999999997
-307.0
-398.4000000000001
-400.5999999999999
-404.6999999999998
-405.9000000000001
-313.9000000000001
-402.4000000000001
-403.4000000000001
-314.1999999999998
-397.7999999999997
-309.4000000000001
-395.9000000000001
-396.6999999999998
-307.2999999999997
-390.6999999999998
-302.0999999999999
-383.4000000000001
-295.5
-376.5999999999999
-289.5
-369.5
-369.1999999999998
-283.6999999999998
-362.5
-277.9000000000001
-353.6999999999998
-269.7999999999997
-345.4000000000001
-344.2999999999997
-263.0
-336.5
-335.0999999999999
-334.5
-334.7999999999997
-334.0999999999999
-334.2999999999997
-333.5
-333.5999999999999
-334.6999999999998
-334.9000000000001
-334.0999999999999
-335.1999999999998
-335.4000000000001
-335.5999999999999
-335.7999999999997
-337.0
-338.2999999999997
-340.6999999999998
-344.2999999999997
-343.1999999999998
-346.9000000000001
-349.9000000000001
-351.0999999999999
-355.2999999999997
-358.7999999999997
-362.5
-364.4000000000001
-368.2999999999997
-372.4000000000001
-376.6999999999998
-380.1999999999998
-383.7999999999997
-388.5
-393.4000000000001
-398.5
-402.7999999999997
-309.1999999999998
-400.9000000000001
-402.4000000000001
-404.6999999999998
-312.9000000000001
-401.5999999999999
-403.7999999999997
-312.9000000000001
-400.5999999999999
-401.6999999999998
-312.5999999999999
-397.2999999999997
-398.0999999999999
-310.6999999999998
-392.2999999999997
-392.6999999999998
-305.9000000000001
-386.1999999999998
-387.1999999999998
-303.0999999999999
-380.4000000000001
-298.0999999999999
-374.4000000000001
-374.0
-291.4000000000001
-365.4000000000001
-283.5
-357.2999999999997
-274.1999999999998
-349.6999999999998
-348.5
-347.0999999999999
-345.5
-345.6999999999998
-344.9000000000001
-346.0
-345.1999999999998
-345.2999999999997
-346.4000000000001
-346.5999999999999
-346.7999999999997
-347.0
-347.1999999999998
-347.4000000000001
-347.5999999999999
-347.7999999999997
-349.0
-350.2999999999997
-352.6999999999998
-355.2999999999997
-357.0999999999999
-360.0
-364.0999999999999
-366.5
-369.0
-372.5999999999999
-376.4000000000001
-379.4000000000001
-383.5
-386.7999999999997
-390.1999999999998
-394.6999999999998
-398.4000000000001
-402.1999999999998
-407.0999999999999
-410.1999999999998
-316.2999999999997
-407.6999999999998
-411.9000000000001
-416.1999999999998
-324.5999999999999
-412.5
-414.7999999999997
-323.0
-410.6999999999998
-411.7999999999997
-412.6999999999998
-325.4000000000001
-408.0999999999999
-319.6999999999998
-403.1999999999998
-403.6999999999998
-315.0
-397.1999999999998
-310.2999999999997
-389.5
-305.2999999999997
-382.5
-298.0999999999999
-375.0999999999999
-291.5
-367.4000000000001
-283.5999999999999
-358.2999999999997
-276.1999999999998
-350.7999999999997
-350.5999999999999
-348.2999999999997
-345.6999999999998
-315.7999999999997
-341.9000000000001
-342.9000000000001
-343.0
-345.0999999999999
-343.4000000000001
-343.5
-344.5999999999999
-344.7999999999997
-344.0
-345.0999999999999
-346.2999999999997
-347.5999999999999
-350.0
-351.5999999999999
-354.2999999999997
-357.1999999999998
-359.2999999999997
-361.5
-364.7999999999997
-368.2999999999997
-372.0
-372.9000000000001
-376.6999999999998
-379.6999999999998
-383.7999999999997
-388.0999999999999
-392.5999999999999
-396.2999999999997
-401.0999999999999
-406.0999999999999
-410.2999999999997
-414.5999999999999
-320.0
-412.5999999999999
-416.0999999999999
-418.5999999999999
-326.0
-415.7999999999997
-417.1999999999998
-326.4000000000001
-412.1999999999998
-415.1999999999998
-324.1999999999998
-409.7999999999997
-410.5999999999999
-323.1999999999998
-404.7999999999997
-318.1999999999998
-398.6999999999998
-310.9000000000001
-393.0999999999999
-306.1999999999998
-385.4000000000001
-300.1999999999998
-379.2999999999997
-379.0
-294.5
-370.4000000000001
-287.5999999999999
-364.4000000000001
-281.5999999999999
-356.4000000000001
-356.4000000000001
-355.2999999999997
-354.0
-277.5
-345.2999999999997
-344.5999999999999
-343.7999999999997
-344.9000000000001
-328.0999999999999
-342.5999999999999
-341.6999999999998
-334.6999999999998
-341.0
-342.0
-337.0999999999999
-343.6999999999998
-344.0
-345.2999999999997
-346.6999999999998
-349.1999999999998
-352.9000000000001
-355.9000000000001
-358.0999999999999
-361.4000000000001
-362.9000000000001
-365.4000000000001
-369.0
-371.7999999999997
-375.6999999999998
-379.7999999999997
-384.0999999999999
-387.5999999999999
-391.1999999999998
-395.9000000000001
-400.7999999999997
-405.9000000000001
-311.1999999999998
-402.6999999999998
-405.0
-406.1999999999998
-315.1999999999998
-402.7999999999997
-406.7999999999997
-314.9000000000001
-401.5
-403.4000000000001
-315.1999999999998
-398.9000000000001
-399.5999999999999
-311.0999999999999
-393.5
-305.7999999999997
-387.0999999999999
-387.1999999999998
-301.0999999999999
-381.1999999999998
-295.0
-373.0
-287.5
-366.2999999999997
-281.6999999999998
-358.5
-274.6999999999998
-350.4000000000001
-267.4000000000001
-342.0
-340.7999999999997
-338.4000000000001
-337.6999999999998
-314.9000000000001
-335.7999999999997
-336.0
-335.1999999999998
-335.2999999999997
-335.4000000000001
-335.5
-336.5999999999999
-336.7999999999997
-337.0
-337.1999999999998
-338.4000000000001
-339.6999999999998
-341.0999999999999
-342.5999999999999
-345.1999999999998
-347.0
-348.9000000000001
-352.9000000000001
-355.1999999999998
-358.5999999999999
-361.1999999999998
-363.9000000000001
-367.6999999999998
-371.6999999999998
-374.9000000000001
-379.1999999999998
-382.6999999999998
-386.2999999999997
-391.0
-395.9000000000001
-400.0
-404.1999999999998
-309.5
-402.0
-402.4000000000001
-404.5
-312.5
-401.0
-403.0
-311.9000000000001
-400.4000000000001
-402.4000000000001
-313.2999999999997
-397.0
-397.6999999999998
-310.1999999999998
-391.6999999999998
-305.0
-386.4000000000001
-386.5999999999999
-299.5999999999999
-377.6999999999998
-293.2999999999997
-370.2999999999997
-286.6999999999998
-364.5999999999999
-280.0
-357.7999999999997
-357.0999999999999
-274.1999999999998
-348.9000000000001
-267.7999999999997
-340.5
-340.1999999999998
-338.7999999999997
-337.1999999999998
-337.4000000000001
-338.5999999999999
-338.9000000000001
-339.1999999999998
-339.5
-338.7999999999997
-338.0
-339.0999999999999
-338.2999999999997
-339.4000000000001
-340.5999999999999
-341.9000000000001
-343.2999999999997
-345.7999999999997
-347.5
-350.2999999999997
-353.2999999999997
-356.5
-358.9000000000001
-361.4000000000001
-364.0
-367.6999999999998
-371.5999999999999
-374.6999999999998
-379.9000000000001
-383.4000000000001
-387.0
-390.6999999999998
-395.5
-400.5
-405.6999999999998
-409.0999999999999
-314.5
-407.0999999999999
-409.5999999999999
-410.0
-318.0999999999999
-407.6999999999998
-410.9000000000001
-320.0999999999999
-406.9000000000001
-408.0
-318.9000000000001
-403.5999999999999
-314.4000000000001
-397.0
-398.5
-310.9000000000001
-391.2999999999997
-305.4000000000001
-385.6999999999998
-297.6999999999998
-378.6999999999998
-378.5
-293.0999999999999
-371.0
-287.4000000000001
-363.2999999999997
-280.5
-356.2999999999997
-356.4000000000001
-274.4000000000001
-348.0999999999999
-346.9000000000001
-345.5
-274.9000000000001
-338.1999999999998
-337.5
-338.6999999999998
-330.0
-338.4000000000001
-337.6999999999998
-337.9000000000001
-339.0999999999999
-338.4000000000001
-338.5999999999999
-339.7999999999997
-340.0999999999999
-342.4000000000001
-343.9000000000001
-346.5
-349.2999999999997
-352.2999999999997
-354.5
-356.7999999999997
-360.1999999999998
-363.7999999999997
-367.5999999999999
-369.5999999999999
-372.5999999999999
-376.6999999999998
-380.0
-384.4000000000001
-389.0
-393.7999999999997
-397.7999999999997
-402.9000000000001
-406.1999999999998
-311.5
-404.0
-406.4000000000001
-408.6999999999998
-315.9000000000001
-405.5
-407.6999999999998
-408.7999999999997
-320.6999999999998
-406.5
-317.5
-401.2999999999997
-402.0999999999999
-313.6999999999998
-397.1999999999998
-309.6999999999998
-390.1999999999998
-303.4000000000001
-382.6999999999998
-382.5999999999999
-298.2999999999997
-376.4000000000001
-293.0
-369.0999999999999
-286.5
-361.5
-276.6999999999998
-353.2999999999997
-271.2999999999997
-345.0
-343.7999999999997
-343.4000000000001
-341.9000000000001
-272.1999999999998
-334.5
-334.6999999999998
-333.9000000000001
-336.0
-336.2999999999997
-334.5999999999999
-335.6999999999998
-334.9000000000001
-335.0
-336.0999999999999
-336.2999999999997
-336.5
-337.6999999999998
-340.0
-342.5
-345.1999999999998
-347.0999999999999
-350.0999999999999
-353.2999999999997
-356.6999999999998
-359.2999999999997
-362.0
-365.7999999999997
-368.7999999999997
-373.9000000000001
-378.2999999999997
-381.9000000000001
-386.5999999999999
-390.5
-394.5
-399.5999999999999
-403.9000000000001
-310.2999999999997
-401.0
-402.4000000000001
-405.5999999999999
-313.7999999999997
-403.5
-404.7999999999997
-314.9000000000001
-401.6999999999998
-310.7999999999997
-397.5
-398.5
-309.2999999999997
-392.9000000000001
-393.5
-305.9000000000001
-387.2999999999997
-298.5
-378.5999999999999
-293.4000000000001
-373.5
-287.2999999999997
-365.2999999999997
-279.7999999999997
-357.5999999999999
-272.9000000000001
-350.5999999999999
-265.7999999999997
-341.4000000000001
-257.2999999999997
-331.6999999999998
-332.2999999999997
-330.9000000000001
-330.2999999999997
-330.5999999999999
-329.9000000000001
-331.0999999999999
-331.4000000000001
-331.6999999999998
-331.0
-331.1999999999998
-333.4000000000001
-330.7999999999997
-331.9000000000001
-334.0999999999999
-334.5
-335.9000000000001
-338.4000000000001
-340.0999999999999
-341.9000000000001
-344.7999999999997
-346.9000000000001
-351.0999999999999
-353.5999999999999
-357.1999999999998
-359.0
-362.7999999999997
-366.7999999999997
-369.0
-374.1999999999998
-378.6999999999998
-382.4000000000001
-387.1999999999998
-393.1999999999998
-396.5
-399.7999999999997
-304.0999999999999
-396.5
-399.7999999999997
-401.0999999999999
-309.1999999999998
-398.7999999999997
-400.0
-310.0
-396.6999999999998
-307.6999999999998
-391.5
-393.2999999999997
-305.0
-388.5999999999999
-300.1999999999998
-381.6999999999998
-383.0
-296.1999999999998
-376.5
-290.5
-368.6999999999998
-282.4000000000001
-360.2999999999997
-275.6999999999998
-352.5
-269.6999999999998
-344.5
-260.5
-336.0
-251.79999999999973
-327.0999999999999
-326.6999999999998
-326.1999999999998
-325.5999999999999
-324.9000000000001
-326.0999999999999
-327.4000000000001
-326.7999999999997
-327.0999999999999
-327.4000000000001
-327.6999999999998
-328.0
-328.2999999999997
-329.5999999999999
-329.0
-330.2999999999997
-331.6999999999998
-332.1999999999998
-333.6999999999998
-336.2999999999997
-340.0999999999999
-342.1999999999998
-345.4000000000001
-346.7999999999997
-350.1999999999998
-353.7999999999997
-356.5999999999999
-360.5
-365.5999999999999
-369.0
-372.5
-376.0999999999999
-380.7999999999997
-385.6999999999998
-390.7999999999997
-394.0999999999999
-299.4000000000001
-391.9000000000001
-395.2999999999997
-398.6999999999998
-306.0999999999999
-392.9000000000001
-395.0
-305.0
-390.6999999999998
-392.5999999999999
-304.4000000000001
-388.0999999999999
-387.7999999999997
-302.1999999999998
-384.7999999999997
-297.2999999999997
-377.7999999999997
-292.0
-371.4000000000001
-286.4000000000001
-363.6999999999998
-279.4000000000001
-356.5
-358.0
-274.5
-266.5
-342.4000000000001
-259.5999999999999
-334.4000000000001
-333.4000000000001
-332.1999999999998
-329.7999999999997
-330.0999999999999
-330.4000000000001
-332.6999999999998
-332.1999999999998
-331.5999999999999
-332.9000000000001
-333.2999999999997
-332.6999999999998
-334.0
-334.4000000000001
-334.7999999999997
-334.1999999999998
-336.5
-337.0
-338.5
-341.0999999999999
-342.9000000000001
-344.7999999999997
-346.7999999999997
-349.9000000000001
-353.1999999999998
-356.6999999999998
-359.4000000000001
-363.1999999999998
-366.1999999999998
-371.2999999999997
-374.6999999999998
-378.1999999999998
-382.7999999999997
-387.5999999999999
-391.5999999999999
-396.6999999999998
-401.0
-404.4000000000001
-310.7999999999997
-401.5
-405.9000000000001
-407.4000000000001
-314.6999999999998
-404.4000000000001
-406.6999999999998
-314.9000000000001
-402.5999999999999
-403.6999999999998
-314.5999999999999
-398.2999999999997
-310.0
-393.5999999999999
-305.1999999999998
-387.6999999999998
-389.0999999999999
-302.4000000000001
-380.7999999999997
-295.6999999999998
-373.9000000000001
-289.5999999999999
-366.6999999999998
-281.1999999999998
-359.0
-275.2999999999997
-351.0999999999999
-268.1999999999998
-342.9000000000001
-342.7999999999997
-341.5999999999999
-341.1999999999998
-339.6999999999998
-340.0
-341.2999999999997
-340.6999999999998
-341.0
-341.2999999999997
-340.5999999999999
-342.7999999999997
-343.1999999999998
-342.5999999999999
-343.9000000000001
-344.2999999999997
-343.6999999999998
-346.0
-348.5
-348.1999999999998
-350.7999999999997
-353.5999999999999
-356.5999999999999
-358.7999999999997
-362.0999999999999
-365.5999999999999
-368.2999999999997
-372.0999999999999
-376.0999999999999
-378.2999999999997
-382.5
-385.9000000000001
-390.4000000000001
-395.0999999999999
-399.0
-404.0
-408.1999999999998
-414.5
-321.0999999999999
-410.0
-413.4000000000001
-417.7999999999997
-322.2999999999997
-410.9000000000001
-413.0
-322.0
-407.5999999999999
-410.4000000000001
-411.1999999999998
-322.7999999999997
-405.2999999999997
-316.6999999999998
-399.0
-311.1999999999998
-392.4000000000001
-306.4000000000001
-386.5999999999999
-386.5
-302.1999999999998
-294.2999999999997
-372.2999999999997
-371.7999999999997
-289.0999999999999
-363.0
-280.0
-354.5999999999999
-271.4000000000001
-345.7999999999997
-345.4000000000001
-343.9000000000001
-342.1999999999998
-342.2999999999997
-341.4000000000001
-342.4000000000001
-341.5
-342.5
-341.5999999999999
-341.5999999999999
-340.5999999999999
-340.5
-341.4000000000001
-342.4000000000001
-343.5
-345.6999999999998
-347.0999999999999
-348.5999999999999
-350.1999999999998
-352.9000000000001
-355.7999999999997
-357.9000000000001
-360.0999999999999
-363.4000000000001
-366.9000000000001
-371.5999999999999
-374.5999999999999
-378.6999999999998
-382.0
-385.4000000000001
-388.9000000000001
-392.5
-397.1999999999998
-402.0999999999999
-407.1999999999998
-409.5
-315.6999999999998
-407.1999999999998
-408.5
-411.5999999999999
-318.6999999999998
-407.1999999999998
-410.1999999999998
-318.1999999999998
-404.6999999999998
-407.5
-318.2999999999997
-401.9000000000001
-313.5
-396.0
-396.4000000000001
-308.5999999999999
-389.7999999999997
-301.7999999999997
-381.7999999999997
-383.5
-297.1999999999998
-375.0999999999999
-290.5
-368.2999999999997
-283.5999999999999
-360.2999999999997
-359.4000000000001
-276.2999999999997
-351.7999999999997
-350.5999999999999
-350.1999999999998
-348.6999999999998
-348.0
-345.1999999999998
-345.0999999999999
-348.0
-346.1999999999998
-345.1999999999998
-348.0999999999999
-348.2999999999997
-348.5
-347.6999999999998
-348.7999999999997
-349.0
-350.1999999999998
-350.5
-352.7999999999997
-355.2999999999997
-357.0
-359.7999999999997
-361.7999999999997
-364.9000000000001
-367.1999999999998
-369.5999999999999
-373.0999999999999
-375.7999999999997
-379.5999999999999
-382.5999999999999
-386.6999999999998
-391.0
-394.5
-399.0999999999999
-403.9000000000001
-406.9000000000001
-411.9000000000001
-415.0999999999999
-321.2999999999997
-413.7999999999997
-416.1999999999998
-419.5
-324.7999999999997
-413.2999999999997
-416.2999999999997
-325.2999999999997
-412.9000000000001
-414.9000000000001
-324.7999999999997
-408.4000000000001
-319.0
-400.4000000000001
-313.5999999999999
-394.9000000000001
-308.0
-388.1999999999998
-388.0999999999999
-303.7999999999997
-382.9000000000001
-297.5999999999999
-374.5999999999999
-288.0
-366.5999999999999
-281.7999999999997
-358.4000000000001
-357.4000000000001
-274.1999999999998
-348.5999999999999
-347.1999999999998
-346.5999999999999
-344.9000000000001
-345.0
-345.0999999999999
-344.1999999999998
-345.1999999999998
-345.2999999999997
-345.4000000000001
-345.5
-344.5999999999999
-345.5999999999999
-346.6999999999998
-345.9000000000001
-346.0
-347.0999999999999
-348.2999999999997
-350.5999999999999
-353.0999999999999
-355.7999999999997
-358.6999999999998
-361.7999999999997
-364.0999999999999
-365.5
-368.9000000000001
-372.5
-376.2999999999997
-379.2999999999997
-383.4000000000001
-386.6999999999998
-391.0999999999999
-395.6999999999998
-398.5
-403.2999999999997
-407.2999999999997
-411.4000000000001
-316.5999999999999
-410.0
-410.4000000000001
-413.5
-320.5999999999999
-409.0999999999999
-412.0999999999999
-321.0999999999999
-406.6999999999998
-408.5
-318.1999999999998
-402.5999999999999
-313.0999999999999
-396.4000000000001
-396.6999999999998
-308.7999999999997
-389.9000000000001
-302.7999999999997
-383.7999999999997
-383.5999999999999
-297.1999999999998
-376.0
-290.4000000000001
-368.0999999999999
-367.2999999999997
-284.2999999999997
-359.9000000000001
-277.7999999999997
-352.4000000000001
-351.1999999999998
-350.7999999999997
-351.2999999999997
-350.7999999999997
-350.1999999999998
-349.5
-349.6999999999998
-348.9000000000001
-349.0
-351.0999999999999
-350.4000000000001
-350.5999999999999
-349.7999999999997
-350.9000000000001
-352.0999999999999
-352.4000000000001
-353.6999999999998
-355.0999999999999
-357.5999999999999
-359.2999999999997
-362.0999999999999
-364.0999999999999
-367.1999999999998
-370.5
-372.0
-375.5
-378.1999999999998
-383.0
-386.0999999999999
-390.2999999999997
-393.6999999999998
-397.1999999999998
-401.7999999999997
-406.5999999999999
-411.5999999999999
-415.7999999999997
-420.0999999999999
-326.5
-417.1999999999998
-419.5999999999999
-422.9000000000001
-330.1999999999998
-418.9000000000001
-422.0999999999999
-331.2999999999997
-418.0999999999999
-327.1999999999998
-410.9000000000001
-321.5999999999999
-406.0999999999999
-407.6999999999998
-320.1999999999998
-401.6999999999998
-402.0
-315.0999999999999
-394.2999999999997
-308.0999999999999
-388.0999999999999
-302.7999999999997
-380.7999999999997
-295.2999999999997
-372.0999999999999
-287.2999999999997
-362.9000000000001
-279.7999999999997
-355.2999999999997
-272.0999999999999
-346.5
-345.0999999999999
-342.5
-269.5999999999999
-336.4000000000001
-334.5999999999999
-335.5999999999999
-334.6999999999998
-334.6999999999998
-334.6999999999998
-333.6999999999998
-333.5999999999999
-335.5
-335.5999999999999
-336.6999999999998
-337.9000000000001
-340.1999999999998
-341.6999999999998
-344.2999999999997
-347.0999999999999
-349.0999999999999
-352.1999999999998
-353.5
-356.7999999999997
-359.2999999999997
-362.9000000000001
-365.6999999999998
-369.5999999999999
-373.6999999999998
-376.0
-381.2999999999997
-383.9000000000001
-388.5
-393.2999999999997
-396.2999999999997
-400.2999999999997
-304.4000000000001
-396.5999999999999
-399.6999999999998
-401.7999999999997
-309.7999999999997
-398.2999999999997
-400.2999999999997
-403.1999999999998
-313.0999999999999
-399.6999999999998
-310.5999999999999
-394.2999999999997
-396.0
-307.5999999999999
-390.0999999999999
-302.5
-382.9000000000001
-384.0
-299.0
-377.2999999999997
-292.0999999999999
-370.1999999999998
-284.7999999999997
-362.6999999999998
-276.0999999999999
-353.6999999999998
-268.7999999999997
-345.2999999999997
-262.1999999999998
-336.6999999999998
-336.4000000000001
-335.0
-333.4000000000001
-332.5999999999999
-332.6999999999998
-333.7999999999997
-333.0
-333.0999999999999
-333.1999999999998
-333.2999999999997
-333.4000000000001
-334.5
-334.6999999999998
-335.9000000000001
-337.1999999999998
-337.5999999999999
-338.0
-340.4000000000001
-343.0
-344.7999999999997
-347.6999999999998
-350.7999999999997
-352.0999999999999
-356.4000000000001
-359.0
-361.6999999999998
-365.5
-369.5
-372.6999999999998
-377.0
-380.5
-385.0999999999999
-388.9000000000001
-392.7999999999997
-397.7999999999997
-402.0
-309.2999999999997
-400.0
-402.4000000000001
-404.6999999999998
-311.9000000000001
-401.5
-403.6999999999998
-314.7999999999997
-400.6999999999998
-310.7999999999997
-394.5999999999999
-396.4000000000001
-307.0999999999999
-391.5999999999999
-303.1999999999998
-385.6999999999998
-298.0999999999999
-378.5
-378.5999999999999
-292.5
-372.5999999999999
-286.4000000000001
-365.4000000000001
-280.0
-356.9000000000001
-272.1999999999998
-263.9000000000001
-342.5
-257.6999999999998
-333.2999999999997
-332.1999999999998
-330.9000000000001
-330.4000000000001
-329.7999999999997
-330.0999999999999
-331.4000000000001
-330.7999999999997
-331.0999999999999
-330.4000000000001
-330.5999999999999
-330.7999999999997
-331.0
-331.1999999999998
-332.4000000000001
-332.6999999999998
-333.0
-333.2999999999997
-335.5999999999999
-338.0999999999999
-340.7999999999997
-342.6999999999998
-343.6999999999998
-346.6999999999998
-350.9000000000001
-354.4000000000001
-356.0999999999999
-359.7999999999997
-363.6999999999998
-367.7999999999997
-371.0999999999999
-374.5
-379.0
-382.6999999999998
-387.5
-390.5
-394.5
-301.5999999999999
-393.0999999999999
-394.4000000000001
-398.5
-306.6999999999998
-395.4000000000001
-396.5999999999999
-305.5999999999999
-392.1999999999998
-394.0999999999999
-304.9000000000001
-389.5
-391.1999999999998
-302.7999999999997
-386.2999999999997
-296.7999999999997
-378.0999999999999
-379.1999999999998
-292.1999999999998
-372.2999999999997
-288.0999999999999
-279.2999999999997
-357.2999999999997
-357.7999999999997
-273.1999999999998
-349.0
-266.0999999999999
-341.7999999999997
-259.7999999999997
-333.5
-332.2999999999997
-332.9000000000001
-331.5
-332.9000000000001
-331.4000000000001
-331.6999999999998
-331.0
-331.1999999999998
-332.4000000000001
-331.6999999999998
-331.9000000000001
-332.0999999999999
-334.2999999999997
-333.6999999999998
-335.0
-336.4000000000001
-336.9000000000001
-338.4000000000001
-341.0
-342.7999999999997
-345.6999999999998
-347.7999999999997
-351.0
-354.4000000000001
-357.0
-359.6999999999998
-364.5
-368.5999999999999
-371.9000000000001
-376.2999999999997
-379.9000000000001
-383.5999999999999
-388.4000000000001
-392.4000000000001
-397.5
-402.7999999999997
-308.2999999999997
-400.0
-403.5
-404.0
-312.1999999999998
-400.9000000000001
-404.0999999999999
-313.2999999999997
-400.0999999999999
-402.1999999999998
-312.1999999999998
-395.9000000000001
-396.5999999999999
-309.0999999999999
-391.5999999999999
-305.0
-385.5
-298.6999999999998
-379.0
-380.0
-295.9000000000001
-372.1999999999998
-287.7999999999997
-365.7999999999997
-281.2999999999997
-358.1999999999998
-357.5
-275.5999999999999
-349.4000000000001
-349.2999999999997
-349.0999999999999
-348.7999999999997
-349.4000000000001
-348.0
-348.4000000000001
-347.7999999999997
-349.0999999999999
-349.5
-349.9000000000001
-349.2999999999997
-351.5999999999999
-351.0999999999999
-350.5
-350.7999999999997
-352.0999999999999
-352.5
-353.9000000000001
-356.4000000000001
-358.0999999999999
-360.9000000000001
-362.9000000000001
-366.0
-370.2999999999997
-370.9000000000001
-375.4000000000001
-378.1999999999998
-381.0999999999999
-385.0999999999999
-389.2999999999997
-394.6999999999998
-398.4000000000001
-402.1999999999998
-406.0999999999999
-411.0999999999999
-416.2999999999997
-418.6999999999998
-326.0
-416.6999999999998
-421.0999999999999
-421.5999999999999
-331.7999999999997
-419.6999999999998
-422.0
-330.1999999999998
-415.9000000000001
-417.7999999999997
-327.5999999999999
-412.0999999999999
-412.6999999999998
-324.0999999999999
-406.4000000000001
-406.5999999999999
-318.5999999999999
-400.5999999999999
-313.5
-393.5
-307.1999999999998
-385.0999999999999
-299.5
-377.1999999999998
-291.4000000000001
-368.9000000000001
-284.9000000000001
-360.4000000000001
-277.1999999999998
-351.5999999999999
-350.1999999999998
-350.5999999999999
-350.0
-348.2999999999997
-347.4000000000001
-347.4000000000001
-347.4000000000001
-348.4000000000001
-348.5
-348.5999999999999
-347.6999999999998
-347.6999999999998
-348.6999999999998
-348.7999999999997
-348.9000000000001
-352.0
-354.4000000000001
-356.0
-358.6999999999998
-359.5999999999999
-362.5
-365.5999999999999
-367.9000000000001
-371.2999999999997
-373.9000000000001
-376.5999999999999
-380.4000000000001
-383.4000000000001
-386.5
-390.6999999999998
-394.0999999999999
-398.5999999999999
-403.2999999999997
-408.1999999999998
-411.2999999999997
-414.4000000000001
-319.5
-411.7999999999997
-414.0
-417.0999999999999
-324.1999999999998
-411.6999999999998
-413.5999999999999
-323.4000000000001
-408.9000000000001
-411.5999999999999
-322.2999999999997
-405.7999999999997
-316.2999999999997
-398.5999999999999
-399.7999999999997
-310.9000000000001
-392.9000000000001
-305.7999999999997
-385.7999999999997
-299.5
-377.4000000000001
-293.7999999999997
-369.6999999999998
-369.9000000000001
-287.0
-361.6999999999998
-278.5999999999999
-269.0999999999999
-344.4000000000001
-261.0
-336.1999999999998
-334.6999999999998
-333.0
-332.0999999999999
-331.0999999999999
-331.0
-329.9000000000001
-331.6999999999998
-330.6999999999998
-332.5999999999999
-331.6999999999998
-332.6999999999998
-332.7999999999997
-332.9000000000001
-335.0
-336.2999999999997
-336.6999999999998
-339.0999999999999
-340.6999999999998
-343.4000000000001
-346.2999999999997
-348.4000000000001
-350.5999999999999
-352.9000000000001
-357.2999999999997
-360.0
-363.7999999999997
-367.7999999999997
-371.0
-372.2999999999997
-376.5
-379.9000000000001
-384.4000000000001
-389.0999999999999
-394.0
-396.0999999999999
-302.0999999999999
-393.4000000000001
-397.5
-398.6999999999998
-306.6999999999998
-396.1999999999998
-397.2999999999997
-305.1999999999998
-393.5999999999999
-396.5
-306.4000000000001
-391.0
-302.6999999999998
-384.2999999999997
-295.6999999999998
-379.0
-379.2999999999997
-293.4000000000001
-372.6999999999998
-286.5999999999999
-366.6999999999998
-281.5
-358.5999999999999
-275.0999999999999
-352.0999999999999
-269.5
-346.5
-261.9000000000001
-337.6999999999998
-254.79999999999973
-329.5
-327.4000000000001
-328.0
-326.5999999999999
-326.0
-326.2999999999997
-327.5999999999999
-327.0
-326.2999999999997
-327.5
-327.7999999999997
-328.0999999999999
-329.4000000000001
-328.7999999999997
-329.0999999999999
-330.4000000000001
-331.7999999999997
-334.2999999999997
-336.0
-338.7999999999997
-340.7999999999997
-342.9000000000001
-346.0999999999999
-349.5
-352.0999999999999
-353.7999999999997
-357.5
-362.4000000000001
-364.5999999999999
-369.7999999999997
-373.2999999999997
-376.9000000000001
-381.5999999999999
-386.5
-389.5999999999999
-393.6999999999998
-300.9000000000001
-392.5
-395.9000000000001
-398.2999999999997
-305.5999999999999
-394.2999999999997
-395.5
-305.5
-393.1999999999998
-395.2999999999997
-306.2999999999997
-391.0999999999999
-391.0
-302.5999999999999
-385.0999999999999
-298.5
-380.0
-380.2999999999997
-294.4000000000001
-372.6999999999998
-288.5
-367.6999999999998
-282.5
-359.5999999999999
-359.0999999999999
-275.4000000000001
-350.1999999999998
-270.1999999999998
-344.0999999999999
-344.0999999999999
-344.0
-343.7999999999997
-342.5
-343.0
-342.5
-342.9000000000001
-342.2999999999997
-343.5999999999999
-343.0
-343.2999999999997
-343.5999999999999
-343.9000000000001
-346.1999999999998
-344.6999999999998
-345.0
-346.2999999999997
-347.6999999999998
-350.1999999999998
-351.9000000000001
-353.6999999999998
-356.5999999999999
-358.6999999999998
-361.9000000000001
-365.2999999999997
-367.9000000000001
-370.5999999999999
-375.4000000000001
-377.5
-381.5999999999999
-384.9000000000001
-388.2999999999997
-392.7999999999997
-396.5
-401.2999999999997
-405.2999999999997
-409.4000000000001
-316.5999999999999
-407.1999999999998
-410.5
-413.7999999999997
-320.0999999999999
-409.6999999999998
-412.9000000000001
-322.0999999999999
-407.9000000000001
-408.9000000000001
-318.6999999999998
-403.1999999999998
-314.7999999999997
-398.2999999999997
-309.7999999999997
-391.1999999999998
-391.4000000000001
-305.4000000000001
-384.5999999999999
-299.4000000000001
-377.5
-292.0999999999999
-370.0
-371.4000000000001
-286.7999999999997
-362.5999999999999
-278.6999999999998
-354.2999999999997
-271.1999999999998
-345.6999999999998
-345.4000000000001
-344.0
-344.4000000000001
-342.7999999999997
-343.0
-343.1999999999998
-343.4000000000001
-342.5999999999999
-343.6999999999998
-342.9000000000001
-344.0
-342.1999999999998
-343.1999999999998
-343.2999999999997
-343.4000000000001
-345.5
-347.7999999999997
-349.2999999999997
-352.9000000000001
-352.7999999999997
-355.5999999999999
-358.5999999999999
-361.7999999999997
-364.1999999999998
-366.6999999999998
-369.2999999999997
-373.0
-376.9000000000001
-380.0
-384.1999999999998
-388.5999999999999
-392.1999999999998
-396.9000000000001
-401.7999999999997
-405.9000000000001
-407.0999999999999
-314.0999999999999
-405.5
-407.6999999999998
-409.7999999999997
-317.7999999999997
-406.2999999999997
-409.2999999999997
-317.2999999999997
-404.7999999999997
-407.6999999999998
-315.5999999999999
-400.0
-401.5
-312.9000000000001
-394.1999999999998
-306.2999999999997
-388.4000000000001
-301.4000000000001
-380.5
-294.1999999999998
-374.0999999999999
-287.6999999999998
-365.5
-280.7999999999997
-356.5
-272.5
-348.0
-263.7999999999997
-340.0999999999999
-338.7999999999997
-339.2999999999997
-337.7999999999997
-337.0999999999999
-336.2999999999997
-336.4000000000001
-337.5
-337.6999999999998
-337.9000000000001
-337.0999999999999
-338.1999999999998
-337.4000000000001
-338.5
-339.6999999999998
-341.0
-342.4000000000001
-342.9000000000001
-344.4000000000001
-345.0
-347.5999999999999
-349.4000000000001
-353.2999999999997
-355.5
-357.7999999999997
-361.1999999999998
-363.7999999999997
-367.5
-370.4000000000001
-374.4000000000001
-377.5999999999999
-380.9000000000001
-387.2999999999997
-390.0999999999999
-394.9000000000001
-399.9000000000001
-403.0999999999999
-408.2999999999997
-311.6999999999998
-405.0999999999999
-407.5
-409.7999999999997
-316.0
-405.5
-407.5999999999999
-318.5999999999999
-404.4000000000001
-406.4000000000001
-316.2999999999997
-400.9000000000001
-402.5999999999999
-314.1999999999998
-395.6999999999998
-309.0
-388.4000000000001
-391.4000000000001
-305.5
-383.7999999999997
-298.5999999999999
-376.6999999999998
-292.2999999999997
-369.2999999999997
-285.6999999999998
-361.5999999999999
-278.7999999999997
-354.5999999999999
-270.6999999999998
-345.2999999999997
-344.0999999999999
-342.6999999999998
-342.0999999999999
-342.4000000000001
-341.6999999999998
-342.9000000000001
-342.1999999999998
-344.4000000000001
-343.7999999999997
-344.0999999999999
-343.4000000000001
-344.5999999999999
-344.9000000000001
-345.1999999999998
-345.5
-345.7999999999997
-348.0999999999999
-350.5999999999999
-352.2999999999997
-356.0999999999999
-357.1999999999998
-360.2999999999997
-363.5999999999999
-367.0999999999999
-368.7999999999997
-372.5
-376.4000000000001
-380.5
-383.7999999999997
-388.1999999999998
-393.7999999999997
-396.6999999999998
-400.5999999999999
-404.5999999999999
-409.6999999999998
-413.0
-318.2999999999997
-410.7999999999997
-412.1999999999998
-413.4000000000001
-321.4000000000001
-409.9000000000001
-412.9000000000001
-321.9000000000001
-408.5
-409.4000000000001
-319.0999999999999
-402.5
-403.9000000000001
-316.1999999999998
-399.5
-312.7999999999997
-393.1999999999998
-394.2999999999997
-307.2999999999997
-386.4000000000001
-302.0999999999999
-379.1999999999998
-295.6999999999998
-371.6999999999998
-288.0
-363.7999999999997
-280.9000000000001
-355.5999999999999
-271.5
-345.9000000000001
-345.5
-344.0
-343.2999999999997
-341.5
-342.5
-342.5999999999999
-342.6999999999998
-342.7999999999997
-342.9000000000001
-343.0
-343.0999999999999
-342.1999999999998
-343.1999999999998
-344.2999999999997
-344.5
-344.6999999999998
-347.9000000000001
-348.4000000000001
-349.9000000000001
-352.5
-355.2999999999997
-357.2999999999997
-360.4000000000001
-362.6999999999998
-366.0999999999999
-369.6999999999998
-373.5
-377.5
-379.6999999999998
-384.9000000000001
-387.4000000000001
-391.9000000000001
-396.5999999999999
-400.5
-404.5
-407.5999999999999
-312.6999999999998
-406.0
-408.2999999999997
-410.5
-319.5999999999999
-406.2999999999997
-409.2999999999997
-317.2999999999997
-403.7999999999997
-404.5999999999999
-314.1999999999998
-398.5
-309.9000000000001
-393.1999999999998
-393.5
-304.5999999999999
-386.5999999999999
-297.5
-379.2999999999997
-292.0
-370.7999999999997
-370.1999999999998
-286.4000000000001
-363.0999999999999
-278.1999999999998
-353.6999999999998
-270.5
-344.9000000000001
-259.5
-335.5
-333.9000000000001
-335.0999999999999
-332.4000000000001
-333.4000000000001
-332.5
-331.5
-331.4000000000001
-332.2999999999997
-332.2999999999997
-331.2999999999997
-331.1999999999998
-331.0999999999999
-331.0
-331.9000000000001
-332.9000000000001
-333.0
-333.0999999999999
-335.1999999999998
-336.5
-339.9000000000001
-341.5999999999999
-343.4000000000001
-345.2999999999997
-348.2999999999997
-351.5
-354.9000000000001
-357.5
-360.1999999999998
-363.0
-366.9000000000001
-371.0
-375.2999999999997
-378.7999999999997
-383.4000000000001
-387.1999999999998
-391.0999999999999
-296.0999999999999
-388.2999999999997
-391.4000000000001
-393.5
-298.5
-386.6999999999998
-390.4000000000001
-392.1999999999998
-301.9000000000001
-388.2999999999997
-299.0
-382.5
-384.0
-296.4000000000001
-375.7999999999997
-377.7999999999997
-291.7999999999997
-371.0
-286.7999999999997
-365.0
-278.6999999999998
-357.5999999999999
-272.0999999999999
-348.9000000000001
-348.0999999999999
-264.0999999999999
-255.5999999999999
-331.0
-248.69999999999982
-322.0999999999999
-320.5999999999999
-319.9000000000001
-321.0999999999999
-321.4000000000001
-321.6999999999998
-322.0
-322.2999999999997
-321.5999999999999
-320.7999999999997
-321.9000000000001
-321.0999999999999
-322.1999999999998
-323.4000000000001
-323.6999999999998
-325.0
-326.4000000000001
-326.9000000000001
-329.4000000000001
-332.0999999999999
-335.0
-337.0999999999999
-340.2999999999997
-342.6999999999998
-346.1999999999998
-348.9000000000001
-352.6999999999998
-354.6999999999998
-357.6999999999998
-360.7999999999997
-364.0
-367.2999999999997
-370.6999999999998
-374.1999999999998
-377.7999999999997
-381.5
-382.2999999999997
-286.9000000000001
-376.6999999999998
-378.1999999999998
-379.5999999999999
-285.9000000000001
-372.5999999999999
-372.6999999999998
-281.5999999999999
-366.1999999999998
-366.0
-275.5999999999999
-358.0
-357.4000000000001
-269.5999999999999
-350.9000000000001
-262.0999999999999
-341.2999999999997
-252.19999999999982
-331.0999999999999
-330.6999999999998
-245.19999999999982
-321.0999999999999
-235.4000000000001
-311.0999999999999
-225.19999999999982
-300.6999999999998
-216.5999999999999
-208.0999999999999
-281.5999999999999
-279.2999999999997
-277.7999999999997
-275.1999999999998
-274.4000000000001
-273.5999999999999
-272.7999999999997
-271.0
-270.0999999999999
-269.1999999999998
-270.2999999999997
-268.5999999999999
-267.7999999999997
-266.0
-265.0999999999999
-263.1999999999998
-263.1999999999998
-263.2999999999997
-262.5
-263.6999999999998
-265.0999999999999
-265.6999999999998
-267.4000000000001
-269.2999999999997
-268.4000000000001
-271.4000000000001
-272.6999999999998
-274.0999999999999
-277.5999999999999
-280.4000000000001
-282.4000000000001
-284.5
-287.6999999999998
-289.0999999999999
-292.5
-295.0999999999999
-298.7999999999997
-301.6999999999998
-204.69999999999982
-296.7999999999997
-295.9000000000001
-296.6999999999998
-202.4000000000001
-289.5
-290.0999999999999
-197.5999999999999
-282.6999999999998
-190.0999999999999
-273.0999999999999
-273.1999999999998
-182.19999999999982
-263.0
-262.6999999999998
-174.29999999999973
-253.0
-165.4000000000001
-245.0
-158.4000000000001
-236.0999999999999
-235.4000000000001
-150.5999999999999
-227.29999999999995
-143.5
-220.29999999999995
-137.5999999999999
-213.5999999999999
-132.0
-207.20000000000005
-207.70000000000005
-208.20000000000005
-209.70000000000005
-210.29999999999995
-211.89999999999986
-213.5999999999999
-214.39999999999986
-216.20000000000005
-217.0999999999999
-218.0
-218.89999999999986
-219.79999999999995
-220.70000000000005
-221.5999999999999
-222.5
-223.39999999999986
-225.29999999999995
-226.29999999999995
-228.29999999999995
-230.39999999999986
-232.5999999999999
-234.89999999999986
-237.29999999999995
-239.79999999999995
-242.39999999999986
-245.0999999999999
-246.9000000000001
-249.69999999999982
-252.5999999999999
-255.5999999999999
-258.6999999999998
-260.9000000000001
-264.0999999999999
-267.4000000000001
-270.7999999999997
-273.2999999999997
-175.79999999999973
-265.2999999999997
-266.5
-268.5999999999999
-173.69999999999982
-260.0999999999999
-259.9000000000001
-167.5
-251.69999999999982
-252.0999999999999
-160.4000000000001
-243.4000000000001
-243.5
-152.5
-234.29999999999995
-144.0999999999999
-223.79999999999995
-223.29999999999995
-134.70000000000005
-213.20000000000005
-126.39999999999986
-201.89999999999986
-115.79999999999995
-192.0999999999999
-104.89999999999986
-179.0
-178.39999999999986
-94.79999999999995
-166.89999999999986
-165.0999999999999
-163.20000000000005
-163.20000000000005
-162.29999999999995
-160.39999999999986
-159.39999999999986
-157.39999999999986
-157.29999999999995
-156.29999999999995
-154.29999999999995
-153.20000000000005
-153.0999999999999
-153.0999999999999
-153.20000000000005
-153.39999999999986
-153.70000000000005
-153.0999999999999
-154.5
-156.0999999999999
-156.89999999999986
-157.79999999999995
-159.79999999999995
-161.0
-161.29999999999995
-161.5999999999999
-162.89999999999986
-163.29999999999995
-163.70000000000005
-164.0999999999999
-164.5
-164.89999999999986
-165.29999999999995
-165.70000000000005
-166.0999999999999
-166.5
-166.89999999999986
-166.29999999999995
-66.59999999999991
-154.89999999999986
-153.0
-151.89999999999986
-56.700000000000045
-142.0
-141.79999999999995
-48.59999999999991
-133.0999999999999
-133.0
-41.899999999999864
-124.70000000000005
-124.70000000000005
-124.70000000000005
-124.70000000000005
-124.70000000000005
-124.70000000000005
-124.70000000000005
-124.70000000000005
-124.70000000000005
-124.70000000000005
-124.70000000000005
-124.70000000000005
-124.70000000000005
-124.70000000000005
-124.70000000000005
-124.70000000000005
-124.70000000000005
-124.70000000000005
-124.70000000000005
-124.70000000000005
-124.70000000000005
-124.70000000000005
-124.70000000000005
-124.70000000000005
-124.70000000000005
-124.70000000000005
-124.70000000000005
-124.70000000000005
-124.70000000000005
-124.70000000000005
-124.70000000000005
-124.70000000000005
-124.70000000000005
-124.70000000000005
-125.70000000000005
-125.79999999999995
-126.89999999999986
-128.0999999999999
-129.39999999999986
-130.79999999999995
-132.29999999999995
-133.89999999999986
-134.5999999999999
-136.29999999999995
-138.0999999999999
-140.0
-142.0
-144.0999999999999
-146.29999999999995
-147.5999999999999
-149.89999999999986
-152.29999999999995
-154.79999999999995
-156.39999999999986
-57.0
-146.5
-146.79999999999995
-146.0
-145.0
-49.799999999999955
-135.0
-134.5999999999999
-41.09999999999991
-124.20000000000005
-123.5
-30.700000000000045
-111.60000000000002
-20.5
-101.29999999999995
-10.100000000000023
-88.79999999999995
-0.2999999999999545
-78.0
-76.39999999999998
-74.69999999999993
11.100000000000023
-65.60000000000002
20.100000000000023
-55.69999999999993
28.0
37.0
-39.0
44.5
-30.69999999999999
52.69999999999999
-22.599999999999994
-22.299999999999983
-22.0
-21.69999999999999
-22.400000000000006
-22.19999999999999
-23.0
-23.900000000000006
-23.900000000000006
-23.900000000000006
-23.900000000000006
-23.900000000000006
-23.900000000000006
-23.900000000000006
-23.900000000000006
-23.900000000000006
-23.900000000000006
-23.900000000000006
-23.900000000000006
-23.900000000000006
-23.900000000000006
-23.900000000000006
-23.900000000000006
-23.900000000000006
-23.900000000000006
-23.900000000000006
-23.900000000000006
-23.900000000000006
-23.900000000000006
-23.900000000000006
-23.900000000000006
-23.900000000000006
-23.900000000000006
-23.900000000000006
-23.900000000000006
-23.900000000000006
-23.900000000000006
-23.900000000000006
-23.900000000000006
-23.900000000000006
-23.900000000000006
-23.900000000000006
-23.900000000000006
-23.900000000000006
-23.900000000000006
-23.900000000000006
-23.900000000000006
-23.900000000000006
-23.900000000000006
-23.900000000000006
-23.900000000000006
-23.900000000000006
-23.900000000000006
-23.900000000000006
-23.900000000000006
-23.900000000000006
-23.900000000000006
-23.900000000000006
-23.900000000000006
-23.900000000000006
-23.900000000000006
-23.900000000000006
-23.900000000000006
-23.900000000000006
-23.900000000000006
-23.900000000000006
-23.900000000000006
-23.900000000000006
-23.900000000000006
-23.900000000000006
-23.900000000000006
-23.900000000000006
-23.900000000000006
-23.900000000000006
-23.900000000000006
-23.900000000000006
-23.900000000000006
-23.900000000000006
-23.900000000000006
-23.900000000000006
-23.900000000000006
-23.900000000000006
-23.900000000000006
-23.900000000000006
-24.900000000000006
-26.0
-26.19999999999999
-27.400000000000006
-27.69999999999999
-28.0
-28.299999999999983
-28.599999999999994
-28.900000000000006
-29.19999999999999
-29.5
-29.799999999999983
-30.099999999999994
-30.400000000000006
-30.69999999999999
-31.0
-31.299999999999983
-30.599999999999966
67.19999999999999
-19.19999999999999
-19.19999999999999
-19.19999999999999
76.80000000000001
-8.599999999999994
-8.5
84.60000000000001
0.0
0.0
0.0
0.0
0.0
0.0
0.0
0.0
0.0
0.0
0.0
0.0
0.0
0.0
0.0
0.0
0.0
0.0
0.0
0.0
0.0
0.0
0.0
0.0
0.0
0.0
0.0
0.0
0.0
0.0
0.0
0.0
0.0
0.0
0.0
0.0
0.0
0.0
0.0
0.0
0.0
0.0
0.0
0.0
0.0
0.0
0.0
0.0
0.0
0.0
0.0
0.0
0.0
0.0
0.0
0.0
0.0
0.0
0.0
0.0
0.0
0.0
0.0
0.0
0.0
0.0
0.0
0.0
0.0
0.0
0.0
0.0
0.0
0.0
0.0
0.0
0.0
0.0
0.0
0.0
0.0
0.0
0.0
0.0
0.0
0.0
0.0
0.0
0.0
0.0
0.0
0.0
0.0
0.0
0.0
0.0
0.0
0.0
0.0
0.0
0.0
0.0
0.0
0.0
0.0
0.0
0.0
0.0
0.0
0.0
0.0
0.0
0.0
0.0
0.0
0.0
0.0
0.0
0.0
0.0
0.0
0.0
0.0
0.0
0.0
0.0
0.0
0.0
0.0
0.0
0.0
0.0
0.0
0.0
0.0
0.0
0.0
0.0
0.0
0.0
0.0
0.0
0.0
0.0
0.0
0.0
0.0
0.0
0.0
0.0
0.0
0.0
0.0
0.0
0.0
0.0
0.0
0.0
0.0
0.0
0.0
0.0
0.0
0.0
0.0
0.0
0.0
0.0
0.0
0.0
0.0
0.0
0.0
0.0
0.0
0.0
