-14361.008096996573
-1246.675
-14145.817136504416
-15670.567868886732
-15094.800749922975
-15385.087950424791
-12209.916783563696
-12245.746430101992
-14269.860168102005
-14255.305354006628
-12496.820482628578
-12645.516427855175
-13719.520434955744
-14938.585758435464
-12860.92636255424
-11067.390080116458
-17188.6629557569
-14507.99603518506
-10738.835990252492
-12628.241494378373
-13261.637777573054
-12918.082181841946
-10575.484334095723
-10421.122645626534
-15373.074891492297
-12528.730433729146
-11685.416146482186
-9601.419272162671
-16183.815569429038
-12681.018442832594
-10494.81068726952
-11293.614357577735
-11898.575429534661
-13346.603886342768
-15456.852012711364
-9753.094287446269
-12764.446254822195
-11846.576497735872
-8847.176128092737
-9787.860454350168
-13215.055527041179
-12478.177576243905
-8701.103985465794
-8992.996930354238
-11010.109024038347
-11597.115393771748
-10663.129607468723
-8167.787806541394
-11683.216623074766
-11904.656218374615
-10214.45444006871
-7115.2473928702175
-14433.945765311944
-9680.133907152724
-8989.711280805244
-6755.683462084149
-10406.116130033533
-12581.812253350749
-7091.256805774443
-7246.976692520171
-11793.589721221546
-8985.471239350038
-15273.95086073372
-9357.31268369481
-10968.419761935991
-11206.472190947161
-6558.258088100509
-6347.149005172641
-10353.283214850442
-9346.281412028282
-8330.458832989476
-9580.856407821097
-10443.933095434522
-17385.12877359274
-5441.39624704097
-4581.919404025937
-11868.506106580366
-7912.681464626858
-6191.235102193206
-6610.44333110202
-15044.28816990425
-14322.71059796537
-4857.696569049754
-6886.829764120755
-20919.99220768428
-15223.892503101126
-11554.21233761597
-12573.548743639447
-12732.379507752383
-19708.214371464943
-5872.092192401335
-13784.01558399962
-12482.415536550661
-15211.698872300494
-5937.655963113624
-6853.606595519299
-17050.162330479572
-16063.352742202344
-7209.929637522768
-5207.757444827281
