0.0
0.0
0.0
0.0
0.0
0.0
0.0
0.0
0.0
0.0
0.0
0.0
0.0
0.0
0.0
0.0
0.0
0.0
0.0
0.0
0.0
0.0
0.0
0.0
0.0
0.0
0.0
0.0
0.0
0.0
0.0
0.0
0.0
0.0
0.0
0.0
0.0
0.0
0.0
0.0
0.0
0.0
0.0
0.0
0.0
0.0
0.0
0.0
0.0
0.0
0.0
0.0
0.0
0.0
0.0
0.0
0.0
0.0
0.0
0.0
0.0
0.0
0.0
0.0
0.0
-1.0
-0.09999999999999998
0.9
0.0
-1.0
-1.1
-1.2
-1.2999999999999998
-1.4
-1.5
-1.5999999999999996
-1.7000000000000002
-1.7999999999999998
-0.9000000000000004
8.1
0.0
0.0
0.0
0.0
-1.0
-1.1
-1.2
-1.2999999999999998
-1.4
-1.5
-0.5999999999999996
5.4
0.0
0.0
-1.0
-1.1
-1.2
-1.2999999999999998
-1.4
-1.5
-1.5999999999999996
-1.7000000000000002
-0.7999999999999998
7.2
0.0
0.0
0.0
0.0
0.0
0.0
0.0
0.0
0.0
0.0
0.0
0.0
0.0
0.0
0.0
0.0
-1.0
-1.1
-1.2
-1.2999999999999998
-0.3999999999999999
3.6
0.0
0.0
0.0
0.0
0.0
0.0
0.0
0.0
0.0
0.0
0.0
0.0
0.0
0.0
0.0
0.0
0.0
0.0
0.0
0.0
0.0
0.0
0.0
0.0
0.0
0.0
0.0
0.0
-1.0
-1.1
-1.2
-1.2999999999999998
-1.4
-1.5
-1.5999999999999996
-1.7000000000000002
-1.7999999999999998
-1.9000000000000004
-2.0
-2.0999999999999996
-2.1999999999999993
-2.299999999999999
-1.4000000000000004
12.6
0.0
0.0
0.0
0.0
0.0
0.0
0.0
0.0
0.0
0.0
-1.0
-1.1
-2.2
-2.4
-2.5999999999999996
-2.8
-3.0
-3.1999999999999993
-3.4000000000000004
-3.5999999999999996
-3.8000000000000007
7.0
-2.0999999999999996
-1.1999999999999993
7.800000000000001
-0.2999999999999998
-0.2999999999999998
-0.2999999999999998
1.7000000000000002
-0.09999999999999998
0.9
0.0
0.0
0.0
0.0
0.0
0.0
0.0
0.0
0.0
0.0
0.0
0.0
0.0
0.0
0.0
0.0
0.0
0.0
0.0
0.0
0.0
0.0
0.0
0.0
0.0
0.0
0.0
0.0
0.0
0.0
0.0
0.0
0.0
0.0
0.0
-1.0
-1.1
-1.2
-1.2999999999999998
-1.4
-2.5
-2.7
-2.9000000000000004
-3.0999999999999996
-2.299999999999999
7.6
-0.5
-0.5
-0.5
4.5
0.0
0.0
0.0
0.0
0.0
0.0
0.0
0.0
-1.0
-2.1
-3.3
-3.5999999999999996
-3.9000000000000004
-4.199999999999999
-4.5
-4.800000000000001
-5.099999999999998
-6.399999999999999
-5.800000000000001
3.900000000000002
-5.399999999999999
-5.699999999999999
-6.0
-6.300000000000001
-7.600000000000001
-8.0
8.600000000000001
-7.099999999999998
-7.5
-7.899999999999999
6.700000000000003
-8.2
-8.699999999999996
-2.1999999999999957
-9.0
-9.5
-10.0
-10.5
-11.0
-11.5
-12.0
-12.5
-13.0
-13.5
-14.0
-14.5
-15.0
-15.5
-16.0
-17.5
-18.099999999999994
-18.700000000000003
8.700000000000003
-15.099999999999994
-14.5
-14.799999999999997
9.900000000000006
-12.899999999999991
-13.200000000000003
9.5
-11.5
-8.799999999999997
-11.799999999999997
-12.099999999999994
-12.399999999999991
-12.700000000000003
-13.0
-13.299999999999997
-13.599999999999994
-13.899999999999991
-14.200000000000003
-14.5
-13.799999999999997
36.0
-8.200000000000003
-8.299999999999997
-8.399999999999991
37.5
-5.0
-5.199999999999999
-5.399999999999999
-5.600000000000001
-5.799999999999997
-7.0
-7.299999999999997
-7.600000000000001
-6.899999999999999
28.9
-4.699999999999999
-5.0
-5.300000000000001
-5.599999999999998
-5.899999999999999
-6.199999999999999
-6.5
-6.799999999999997
-7.100000000000001
-7.399999999999999
-7.699999999999996
14.0
-4.099999999999998
-4.199999999999999
-4.300000000000001
11.600000000000001
-2.8999999999999986
-3.0
9.900000000000002
-2.9000000000000004
-3.0999999999999996
-4.299999999999999
-4.6
-5.899999999999999
-6.300000000000001
-6.699999999999999
-7.099999999999998
-7.5
-7.899999999999999
-8.299999999999997
-8.699999999999996
-9.100000000000001
-9.5
-10.899999999999999
-11.399999999999999
-12.899999999999999
-12.5
12.0
-11.0
-11.5
-11.0
7.6000000000000085
-8.899999999999999
-8.199999999999996
8.600000000000001
-7.899999999999999
-8.199999999999996
7.5
-7.199999999999996
-0.5
-7.100000000000001
-8.399999999999999
-3.799999999999997
-9.699999999999996
-5.199999999999996
-11.199999999999996
-7.799999999999997
-12.0
-12.600000000000001
-13.200000000000003
-13.799999999999997
-14.399999999999991
-15.0
-15.599999999999994
-15.200000000000003
4.299999999999997
-14.200000000000003
-14.700000000000003
-15.200000000000003
-14.700000000000003
15.900000000000006
-12.399999999999991
-12.799999999999997
-13.200000000000003
14.400000000000006
-11.200000000000003
-11.599999999999994
7.0
-10.5
-10.899999999999999
-5.299999999999997
-11.100000000000001
-11.5
-11.899999999999991
15.700000000000003
-10.899999999999999
-11.399999999999999
-11.899999999999999
-11.399999999999991
7.200000000000003
-8.299999999999997
-8.5
-8.699999999999996
8.100000000000001
-7.399999999999999
-7.600000000000001
-2.799999999999997
-7.5
-8.699999999999996
-9.0
-9.299999999999997
-9.600000000000001
-8.899999999999999
36.9
-3.6999999999999993
-3.8000000000000007
-3.8999999999999986
-4.0
-4.099999999999998
-4.199999999999999
20.7
-2.9000000000000004
-3.0999999999999996
-3.299999999999999
-3.5
-4.699999999999999
-5.0
-6.300000000000001
-6.699999999999999
-7.099999999999998
-7.5
-6.899999999999999
-3.1999999999999957
-7.100000000000001
-7.399999999999999
-7.699999999999996
-9.0
-9.399999999999999
-8.799999999999997
15.899999999999999
-6.899999999999999
-8.199999999999996
-10.600000000000001
7.800000000000004
-11.899999999999999
-12.699999999999996
-15.5
-16.5
-17.5
-18.5
-19.5
-21.5
-21.599999999999994
5.400000000000006
-19.799999999999997
-20.700000000000003
-20.599999999999994
-8.399999999999991
-18.89999999999999
-19.5
-8.099999999999994
-20.5
-22.200000000000003
-12.0
-23.69999999999999
-15.599999999999994
-25.599999999999994
-26.599999999999994
-16.599999999999994
-27.5
-21.5
-28.799999999999983
-29.799999999999983
-31.799999999999983
-32.900000000000006
-34.0
-35.099999999999994
-36.19999999999999
-37.29999999999998
-38.400000000000006
-39.5
-40.599999999999966
-41.69999999999999
-42.80000000000001
-44.89999999999998
-46.099999999999966
-47.30000000000001
-48.5
1.3000000000000114
-44.80000000000001
-44.89999999999998
-44.89999999999998
2.1999999999999886
-40.89999999999998
-40.69999999999999
6.600000000000023
-36.30000000000001
-35.89999999999998
10.600000000000023
-30.19999999999999
-31.5
5.099999999999994
-27.599999999999994
10.099999999999994
-24.400000000000006
-24.69999999999999
8.0
-22.0
10.700000000000017
-19.299999999999983
13.400000000000006
-18.599999999999994
-19.099999999999994
12.400000000000006
-16.89999999999999
-17.39999999999999
-18.89999999999999
-18.5
-14.0
-20.0
-21.599999999999994
-22.299999999999983
-24.0
12.200000000000017
-21.89999999999999
-23.69999999999999
-24.599999999999994
9.5
-22.89999999999999
-23.799999999999983
-11.699999999999989
-24.299999999999983
-25.19999999999999
-26.099999999999994
-27.0
-28.900000000000006
-29.900000000000006
19.099999999999994
-25.900000000000006
-27.799999999999983
-28.799999999999983
-29.799999999999983
-31.799999999999983
-31.900000000000006
18.099999999999994
-29.799999999999983
-29.900000000000006
-30.900000000000006
-1.9000000000000057
-28.900000000000006
-29.799999999999983
-5.699999999999989
-28.099999999999994
-28.900000000000006
-3.6999999999999886
-27.900000000000006
-28.69999999999999
-5.5
-28.900000000000006
-7.799999999999983
-29.5
-7.5
-29.19999999999999
-30.19999999999999
-20.19999999999999
-31.099999999999994
-24.099999999999994
-32.29999999999998
-33.29999999999998
-34.29999999999998
-35.29999999999998
-36.29999999999998
-37.29999999999998
-37.29999999999998
-16.19999999999999
-37.900000000000006
-38.89999999999998
-40.89999999999998
-41.0
5.0
-37.29999999999998
-38.19999999999999
-38.099999999999966
2.1000000000000227
-36.599999999999994
-37.5
-37.39999999999998
-3.1999999999999886
-34.5
-0.19999999999998863
-32.400000000000006
-33.099999999999994
-0.799999999999983
-31.19999999999999
-6.900000000000006
-30.099999999999994
-4.799999999999983
-28.900000000000006
-29.599999999999994
-24.299999999999983
-30.400000000000006
-27.099999999999994
-31.400000000000006
-29.099999999999994
-32.5
-33.19999999999999
-33.900000000000006
-34.599999999999994
-36.29999999999998
42.900000000000034
-28.900000000000006
-30.599999999999994
-31.400000000000006
32.80000000000001
-28.5
-30.5
-29.599999999999994
-32.5
-33.599999999999994
-34.69999999999999
-35.79999999999998
-36.900000000000006
-37.0
11.0
-32.099999999999994
-31.900000000000006
-31.599999999999994
13.800000000000011
-28.19999999999999
-28.799999999999983
13.599999999999994
-25.69999999999999
-26.299999999999983
-26.900000000000006
13.5
-25.0
10.300000000000011
-22.799999999999983
-24.5
-11.299999999999983
-25.69999999999999
-13.599999999999994
-27.19999999999999
-28.19999999999999
-30.19999999999999
-31.299999999999983
-33.400000000000006
-35.599999999999994
-36.900000000000006
-39.19999999999999
-40.599999999999994
-42.0
-44.39999999999998
-46.89999999999998
-48.5
-49.099999999999966
-0.5999999999999659
-45.099999999999966
-46.39999999999998
-46.69999999999999
-0.8999999999999773
-44.39999999999998
-46.599999999999966
-1.8999999999999773
-43.599999999999966
-43.80000000000001
1.1000000000000227
-40.39999999999998
-9.399999999999977
-37.19999999999999
-15.0
-35.5
-36.19999999999999
-14.899999999999977
-34.400000000000006
-15.0
-33.599999999999994
-14.199999999999989
-32.79999999999998
-14.400000000000006
-32.099999999999994
-33.69999999999999
-34.400000000000006
-35.099999999999994
21.19999999999999
-29.799999999999983
-32.400000000000006
-34.19999999999999
14.900000000000006
-33.0
-35.099999999999994
-36.29999999999998
-39.5
-40.900000000000006
-43.29999999999998
-44.80000000000001
-47.30000000000001
-48.89999999999998
-4.5
-45.5
-47.89999999999998
-47.39999999999998
-10.699999999999989
-45.19999999999999
-47.39999999999998
-11.699999999999989
-47.30000000000001
-48.69999999999999
-22.099999999999966
-48.69999999999999
-30.099999999999966
-49.5
-51.89999999999998
-37.39999999999998
-53.30000000000001
-54.80000000000001
-57.30000000000001
-58.89999999999998
-60.5
-63.099999999999966
-64.80000000000001
-67.5
-69.30000000000001
-72.09999999999997
-14.0
-68.89999999999998
-69.69999999999999
-70.39999999999998
-16.0
-68.0
-68.59999999999997
-17.099999999999966
-66.30000000000001
-19.80000000000001
-63.5
-63.89999999999998
-19.19999999999999
-61.89999999999998
-16.19999999999999
-59.80000000000001
-18.099999999999966
-58.099999999999966
-22.399999999999977
-56.0
-21.19999999999999
-53.80000000000001
-54.89999999999998
-19.0
-53.39999999999998
-20.5
-52.19999999999999
-53.30000000000001
-54.39999999999998
-55.5
-27.599999999999966
-56.80000000000001
-59.099999999999966
-60.5
-60.89999999999998
-7.199999999999989
-59.0
-60.39999999999998
-61.80000000000001
-25.19999999999999
-59.80000000000001
-61.099999999999966
-62.39999999999998
-41.69999999999999
-63.80000000000001
-44.19999999999999
-66.5
-68.09999999999997
-51.69999999999999
-69.5
-71.09999999999997
-57.69999999999999
-72.80000000000001
-75.39999999999998
-77.10000000000002
-80.79999999999995
-26.699999999999932
-79.0
-79.89999999999998
-82.69999999999993
-34.60000000000002
-83.5
-86.60000000000002
-53.799999999999955
-88.5
-87.79999999999995
-93.79999999999995
-97.19999999999993
-99.69999999999993
-101.19999999999993
-28.600000000000023
-96.5
-97.69999999999993
-98.79999999999995
-26.799999999999955
-93.39999999999998
-96.19999999999993
-25.100000000000023
-91.69999999999993
-93.5
-30.299999999999955
-89.60000000000002
-32.299999999999955
-87.10000000000002
-87.79999999999995
-34.39999999999998
-84.5
-34.0
-81.29999999999995
-32.69999999999993
-79.10000000000002
-32.5
-78.10000000000002
-35.60000000000002
-76.69999999999993
-78.19999999999993
-79.69999999999993
-82.19999999999993
-85.79999999999995
-86.60000000000002
-44.299999999999955
-86.60000000000002
-89.39999999999998
-92.29999999999995
-93.29999999999995
-32.19999999999993
-90.79999999999995
-92.69999999999993
-94.60000000000002
-96.5
-42.39999999999998
-95.69999999999993
-97.69999999999993
-43.69999999999993
-97.10000000000002
-98.19999999999993
-50.19999999999993
-94.19999999999993
-93.89999999999998
-46.39999999999998
-90.0
-44.299999999999955
-85.89999999999998
-41.0
-85.5
-41.799999999999955
-85.60000000000002
-41.10000000000002
-85.0
-47.60000000000002
-84.29999999999995
-85.89999999999998
-87.5
-90.10000000000002
-91.79999999999995
-56.5
-91.5
-94.19999999999993
-97.0
-19.899999999999977
-92.89999999999998
-94.79999999999995
-97.69999999999993
-100.69999999999993
-23.799999999999955
-97.0
-99.10000000000002
-27.199999999999932
-96.89999999999998
-98.10000000000002
-28.199999999999932
-94.10000000000002
-48.10000000000002
-91.29999999999995
-46.10000000000002
-90.19999999999993
-91.0
-47.69999999999993
-87.89999999999998
-52.39999999999998
-87.19999999999993
-49.69999999999993
-85.29999999999995
-50.69999999999993
-85.5
-60.0
-85.79999999999995
-88.29999999999995
-91.89999999999998
-92.69999999999993
-1.3999999999999773
-87.79999999999995
-90.60000000000002
-93.5
-97.5
-101.69999999999993
-104.10000000000002
-32.5
-104.5
-106.19999999999993
-109.79999999999995
-39.5
-106.89999999999998
-109.5
-47.10000000000002
-109.19999999999993
-110.89999999999998
-61.5
-108.89999999999998
-63.299999999999955
-109.89999999999998
-111.39999999999998
-65.79999999999995
-110.39999999999998
-66.69999999999993
-110.39999999999998
-73.69999999999993
-109.10000000000002
-74.19999999999993
-110.60000000000002
-82.79999999999995
-113.0
-91.29999999999995
-113.19999999999993
-115.29999999999995
-117.39999999999998
-119.5
-29.600000000000023
-116.5
-118.79999999999995
-122.10000000000002
-61.5
-121.60000000000002
-85.10000000000002
-123.69999999999993
-127.29999999999995
-106.0
-132.29999999999995
-137.19999999999993
-142.29999999999995
-144.60000000000002
-73.79999999999995
-144.60000000000002
-146.89999999999986
-150.0999999999999
-81.29999999999995
-149.29999999999995
-154.5
-156.89999999999986
-92.20000000000005
-156.70000000000005
-97.0
-156.0
-160.20000000000005
-104.5
-160.89999999999986
-108.20000000000005
-160.89999999999986
-110.09999999999991
-162.89999999999986
-165.20000000000005
-122.39999999999986
-166.0
-122.09999999999991
-165.5
-128.39999999999986
-165.29999999999995
-132.0
-168.0999999999999
-169.89999999999986
-172.5999999999999
-82.29999999999995
-168.70000000000005
-171.39999999999986
-175.0999999999999
-178.89999999999986
-95.79999999999995
-178.0999999999999
-182.20000000000005
-115.39999999999986
-185.5999999999999
-189.20000000000005
-194.79999999999995
-198.5999999999999
-204.39999999999986
-208.39999999999986
-214.39999999999986
-217.5999999999999
-222.70000000000005
-228.89999999999986
-233.29999999999995
-237.70000000000005
-162.0999999999999
-237.5
-239.79999999999995
-242.89999999999986
-170.89999999999986
-245.29999999999995
-247.5
-177.5
-249.0999999999999
-179.20000000000005
-250.89999999999986
-254.0999999999999
-257.20000000000005
-192.20000000000005
-259.29999999999995
-196.39999999999986
-261.79999999999995
-265.0
-206.0999999999999
-267.89999999999986
-208.0999999999999
-268.9000000000001
-211.0
-269.9000000000001
-211.9000000000001
-271.6999999999998
-272.6999999999998
-276.4000000000001
-278.0999999999999
-279.5999999999999
-220.9000000000001
-281.0
-283.4000000000001
-285.6999999999998
-285.9000000000001
-208.79999999999973
-283.6999999999998
-286.5999999999999
-289.5
-216.4000000000001
-288.6999999999998
-217.69999999999982
-289.2999999999997
-292.5
-294.6999999999998
-226.79999999999973
-292.7999999999997
-225.79999999999973
-290.7999999999997
-223.69999999999982
-288.5999999999999
-290.4000000000001
-226.0999999999999
-290.0999999999999
-291.9000000000001
-226.5999999999999
-288.5
-227.0
-285.0999999999999
-226.4000000000001
-283.5999999999999
-225.9000000000001
-280.1999999999998
-282.2999999999997
-282.4000000000001
-285.2999999999997
-288.2999999999997
-288.4000000000001
-291.2999999999997
-212.29999999999973
-287.1999999999998
-290.1999999999998
-291.2999999999997
-293.2999999999997
-217.29999999999973
-290.5
-291.5999999999999
-219.5999999999999
-291.1999999999998
-292.5
-221.69999999999982
-289.5999999999999
-219.79999999999973
-286.7999999999997
-219.0
-285.1999999999998
-287.5
-220.79999999999973
-283.1999999999998
-218.29999999999973
-280.6999999999998
-215.79999999999973
-277.1999999999998
-215.19999999999982
-277.7999999999997
-216.0999999999999
-274.0
-274.0999999999999
-276.0
-275.9000000000001
-183.5999999999999
-268.9000000000001
-268.5
-270.9000000000001
-183.4000000000001
-264.0
-266.4000000000001
-181.9000000000001
-261.7999999999997
-265.4000000000001
-185.19999999999982
-262.7999999999997
-263.7999999999997
-265.6999999999998
-267.5999999999999
-269.5
-271.4000000000001
-272.2999999999997
-274.0999999999999
-276.9000000000001
-278.7999999999997
-281.6999999999998
-282.6999999999998
-286.5999999999999
-290.6999999999998
-294.0
-297.4000000000001
-300.9000000000001
-224.5
-300.1999999999998
-304.0
-307.9000000000001
-233.9000000000001
-307.1999999999998
-311.2999999999997
-241.5
-311.4000000000001
-313.6999999999998
-245.9000000000001
-314.0
-246.29999999999973
-312.5
-315.6999999999998
-252.9000000000001
-315.5
-251.69999999999982
-314.1999999999998
-315.2999999999997
-252.19999999999982
-313.5
-249.29999999999973
-309.4000000000001
-246.9000000000001
-304.9000000000001
-306.0999999999999
-308.1999999999998
-308.2999999999997
-307.1999999999998
-245.79999999999973
-303.0999999999999
-304.5999999999999
-307.0999999999999
-307.6999999999998
-230.19999999999982
-305.7999999999997
-305.5999999999999
-307.1999999999998
-232.79999999999973
-302.7999999999997
-304.4000000000001
-233.0
-300.2999999999997
-301.9000000000001
-231.5
-298.9000000000001
-300.5999999999999
-234.29999999999973
-299.1999999999998
-234.0999999999999
-297.2999999999997
-231.29999999999973
-294.5
-295.5
-232.4000000000001
-292.7999999999997
-227.69999999999982
-287.9000000000001
-227.5999999999999
-285.0999999999999
-284.7999999999997
-287.2999999999997
-289.9000000000001
-292.5999999999999
-292.4000000000001
-293.0
-296.5
-300.1999999999998
-302.0999999999999
-225.0
-300.0
-301.0999999999999
-303.0999999999999
-230.0999999999999
-300.5999999999999
-302.6999999999998
-228.79999999999973
-298.2999999999997
-299.2999999999997
-229.19999999999982
-294.9000000000001
-296.6999999999998
-229.5
-294.4000000000001
-227.29999999999973
-293.2999999999997
-226.4000000000001
-290.5999999999999
-225.69999999999982
-288.0999999999999
-223.19999999999982
-285.5999999999999
-286.6999999999998
-223.69999999999982
-282.1999999999998
-283.0
-284.6999999999998
-286.4000000000001
-288.0999999999999
-208.79999999999973
-278.4000000000001
-278.5999999999999
-280.6999999999998
-229.9000000000001
-277.9000000000001
-280.0999999999999
-238.4000000000001
-277.4000000000001
-279.5999999999999
-280.9000000000001
-284.1999999999998
-285.6999999999998
-205.19999999999982
-279.5
-279.9000000000001
-281.1999999999998
-281.5
-206.69999999999982
-278.2999999999997
-280.6999999999998
-279.1999999999998
-209.4000000000001
-277.5
-209.0
-276.5
-279.2999999999997
-212.19999999999982
-278.1999999999998
-213.29999999999973
-278.6999999999998
-215.0999999999999
-279.9000000000001
-216.5999999999999
-279.6999999999998
-282.5
-220.29999999999973
-282.5999999999999
-223.5
-281.1999999999998
-285.0
-286.9000000000001
-289.6999999999998
-291.5
-237.19999999999982
-287.1999999999998
-287.5
-289.5999999999999
-291.6999999999998
-212.79999999999973
-286.7999999999997
-288.7999999999997
-289.7999999999997
-214.69999999999982
-285.9000000000001
-286.7999999999997
-213.5999999999999
-283.9000000000001
-285.7999999999997
-215.69999999999982
-282.4000000000001
-215.29999999999973
-280.2999999999997
-281.2999999999997
-213.19999999999982
-279.0999999999999
-213.0999999999999
-279.2999999999997
-213.5999999999999
-276.0999999999999
-210.29999999999973
-274.6999999999998
-210.0
-272.5999999999999
-208.9000000000001
-270.5999999999999
-273.9000000000001
-276.2999999999997
-277.6999999999998
-190.0
-272.2999999999997
-273.5
-277.5999999999999
-279.9000000000001
-283.1999999999998
-283.5999999999999
-204.79999999999973
-279.9000000000001
-281.0999999999999
-281.1999999999998
-207.0999999999999
-277.4000000000001
-277.2999999999997
-205.0
-275.2999999999997
-277.1999999999998
-207.0999999999999
-272.7999999999997
-206.5999999999999
-270.5999999999999
-272.5
-207.4000000000001
-271.5999999999999
-271.6999999999998
-208.5999999999999
-271.0
-208.0999999999999
-268.6999999999998
-205.79999999999973
-266.4000000000001
-205.5
-265.2999999999997
-267.5
-269.6999999999998
-271.9000000000001
-272.0999999999999
-181.0999999999999
-265.7999999999997
-269.6999999999998
-270.7999999999997
-271.7999999999997
-192.69999999999982
-270.5
-273.6999999999998
-275.0
-277.1999999999998
-278.4000000000001
-281.5
-282.6999999999998
-282.7999999999997
-207.69999999999982
-280.9000000000001
-280.0
-279.7999999999997
-204.4000000000001
-277.2999999999997
-280.0999999999999
-281.0
-208.79999999999973
-278.1999999999998
-208.0999999999999
-275.7999999999997
-278.7999999999997
-212.9000000000001
-278.1999999999998
-212.5
-278.0
-281.5
-217.0999999999999
-280.0
-218.5999999999999
-278.7999999999997
-218.4000000000001
-279.6999999999998
-219.5
-280.0
-282.9000000000001
-284.7999999999997
-286.5999999999999
-286.2999999999997
-200.69999999999982
-280.2999999999997
-281.5
-283.5999999999999
-208.69999999999982
-280.0999999999999
-282.1999999999998
-283.2999999999997
-285.2999999999997
-288.2999999999997
-291.4000000000001
-292.5999999999999
-294.6999999999998
-295.7999999999997
-218.79999999999973
-293.9000000000001
-296.0999999999999
-297.2999999999997
-222.4000000000001
-295.7999999999997
-297.0999999999999
-226.29999999999973
-294.1999999999998
-295.4000000000001
-225.5
-292.4000000000001
-224.5
-291.5999999999999
-292.9000000000001
-227.0999999999999
-291.5
-225.79999999999973
-289.2999999999997
-224.5999999999999
-288.1999999999998
-224.5999999999999
-285.4000000000001
-224.69999999999982
-282.6999999999998
-221.9000000000001
-280.7999999999997
-281.0
-284.0
-285.0999999999999
-230.0999999999999
-279.4000000000001
-280.0
-280.5
-282.9000000000001
-285.4000000000001
-286.0
-207.5
-282.0
-283.5999999999999
-286.1999999999998
-210.9000000000001
-281.9000000000001
-284.5999999999999
-211.4000000000001
-282.6999999999998
-209.69999999999982
-277.1999999999998
-279.0
-208.79999999999973
-274.4000000000001
-207.0999999999999
-272.9000000000001
-273.7999999999997
-209.5999999999999
-272.7999999999997
-206.79999999999973
-267.0
-207.69999999999982
-265.2999999999997
-266.0999999999999
-203.79999999999973
-262.0999999999999
-262.6999999999998
-264.1999999999998
-266.6999999999998
-268.2999999999997
-267.9000000000001
-270.2999999999997
-270.7999999999997
-272.1999999999998
-273.5999999999999
-193.0
-267.1999999999998
-268.5
-269.7999999999997
-192.0999999999999
-265.5
-265.9000000000001
-192.19999999999982
-261.0
-261.2999999999997
-190.5
-256.5
-189.69999999999982
-256.0999999999999
-188.69999999999982
-255.4000000000001
-257.2999999999997
-191.19999999999982
-255.29999999999973
-191.29999999999973
-253.69999999999982
-190.79999999999973
-250.4000000000001
-252.4000000000001
-191.4000000000001
-251.0999999999999
-192.19999999999982
-251.19999999999982
-253.5
-253.79999999999973
-192.9000000000001
-249.69999999999982
-250.5999999999999
-251.4000000000001
-197.0999999999999
-251.19999999999982
-254.0999999999999
-256.0999999999999
-255.0999999999999
-259.7999999999997
-260.7999999999997
-261.6999999999998
-265.5
-187.5
-261.5
-262.5
-264.4000000000001
-264.2999999999997
-188.0
-259.9000000000001
-261.5999999999999
-188.29999999999973
-256.5
-260.0999999999999
-189.9000000000001
-259.5
-189.5999999999999
-256.5
-259.5999999999999
-194.79999999999973
-259.2999999999997
-194.69999999999982
-258.4000000000001
-193.9000000000001
-257.6999999999998
-196.29999999999973
-258.5
-197.29999999999973
-258.6999999999998
-195.5999999999999
-258.9000000000001
-260.9000000000001
-263.7999999999997
-265.6999999999998
-251.5
-268.5999999999999
-270.2999999999997
-271.9000000000001
-273.4000000000001
-196.79999999999973
-270.2999999999997
-271.6999999999998
-273.0
-198.19999999999982
-268.6999999999998
-270.7999999999997
-269.9000000000001
-200.69999999999982
-267.4000000000001
-199.29999999999973
-265.1999999999998
-267.1999999999998
-201.19999999999982
-264.4000000000001
-267.4000000000001
-204.5
-267.0999999999999
-202.4000000000001
-264.0
-202.19999999999982
-263.0
-266.2999999999997
-206.69999999999982
-265.9000000000001
-208.4000000000001
-265.9000000000001
-268.5
-270.0999999999999
-272.5999999999999
-207.0999999999999
-268.7999999999997
-271.0999999999999
-272.4000000000001
-209.5999999999999
-272.2999999999997
-274.6999999999998
-230.0999999999999
-275.7999999999997
-278.2999999999997
-269.7999999999997
-282.1999999999998
-284.6999999999998
-288.1999999999998
-209.79999999999973
-285.2999999999997
-288.9000000000001
-290.5999999999999
-216.19999999999982
-288.0999999999999
-290.6999999999998
-216.29999999999973
-290.1999999999998
-292.0
-222.69999999999982
-290.1999999999998
-220.9000000000001
-288.4000000000001
-291.0999999999999
-224.79999999999973
-289.5999999999999
-225.29999999999973
-290.2999999999997
-229.19999999999982
-290.6999999999998
-292.6999999999998
-232.5999999999999
-291.1999999999998
-232.0
-229.5999999999999
-287.2999999999997
-290.0999999999999
-290.9000000000001
-291.5
-214.9000000000001
-285.4000000000001
-284.5
-287.2999999999997
-289.1999999999998
-291.0999999999999
-291.0
-214.69999999999982
-287.5999999999999
-289.4000000000001
-289.1999999999998
-216.79999999999973
-286.0
-286.6999999999998
-214.29999999999973
-282.5
-285.0999999999999
-214.79999999999973
-283.2999999999997
-213.19999999999982
-280.9000000000001
-212.9000000000001
-278.9000000000001
-214.0
-278.4000000000001
-281.6999999999998
-218.0999999999999
-279.9000000000001
-284.2999999999997
-222.9000000000001
-284.0999999999999
-285.7999999999997
-228.4000000000001
-286.0
-289.6999999999998
-293.5
-295.4000000000001
-235.19999999999982
-294.6999999999998
-295.5
-297.0999999999999
-297.5999999999999
-301.9000000000001
-303.4000000000001
-230.79999999999973
-302.6999999999998
-305.2999999999997
-306.9000000000001
-232.4000000000001
-303.1999999999998
-305.5999999999999
-234.0
-304.0
-306.5
-239.0
-307.5
-240.29999999999973
-305.0999999999999
-307.7999999999997
-243.5
-306.5
-241.19999999999982
-303.0999999999999
-242.5999999999999
-303.7999999999997
-243.5
-304.9000000000001
-243.79999999999973
-304.2999999999997
-244.19999999999982
-302.7999999999997
-304.5999999999999
-307.2999999999997
-308.0
-215.5
-303.5
-304.0
-304.2999999999997
-218.4000000000001
-301.6999999999998
-304.0
-245.29999999999973
-301.5
-304.6999999999998
-260.0
-303.5999999999999
-261.7999999999997
-304.5999999999999
-305.9000000000001
-308.0999999999999
-310.2999999999997
-313.5
-315.7999999999997
-318.0999999999999
-319.4000000000001
-239.5999999999999
-315.5999999999999
-317.7999999999997
-320.0
-248.19999999999982
-321.0
-325.5999999999999
-254.4000000000001
-325.7999999999997
-327.7999999999997
-258.6999999999998
-328.4000000000001
-330.5
-266.5
-331.7999999999997
-266.0
-330.2999999999997
-266.4000000000001
-330.7999999999997
-268.0
-330.5999999999999
-267.7999999999997
-328.4000000000001
-267.4000000000001
-327.0
-264.9000000000001
-324.2999999999997
-325.0
-325.5
-326.7999999999997
-232.0
-316.5
-316.1999999999998
-315.6999999999998
-227.0
-310.2999999999997
-313.6999999999998
-228.29999999999973
-311.1999999999998
-313.0999999999999
-237.0
-311.0999999999999
-282.1999999999998
-312.1999999999998
-314.2999999999997
-290.4000000000001
-319.9000000000001
-320.4000000000001
-323.6999999999998
-327.0999999999999
-329.5999999999999
-334.0999999999999
-336.7999999999997
-340.5
-343.2999999999997
-348.0999999999999
-351.0999999999999
-354.0999999999999
-273.0999999999999
-349.6999999999998
-350.5
-353.0999999999999
-276.6999999999998
-350.4000000000001
-353.0
-276.5999999999999
-350.2999999999997
-353.9000000000001
-277.5999999999999
-349.4000000000001
-351.9000000000001
-276.4000000000001
-348.0999999999999
-275.5
-345.4000000000001
-271.7999999999997
-341.5999999999999
-268.9000000000001
-337.6999999999998
-338.9000000000001
-265.0
-332.5
-260.2999999999997
-328.6999999999998
-328.5
-330.0999999999999
-331.6999999999998
-333.2999999999997
-334.9000000000001
-335.5
-337.0
-338.5
-339.0
-259.4000000000001
-333.6999999999998
-334.0999999999999
-334.4000000000001
-257.5999999999999
-327.0
-328.0
-255.0
-322.5999999999999
-322.5999999999999
-251.5
-316.1999999999998
-247.0
-309.7999999999997
-309.5
-241.0999999999999
-303.7999999999997
-237.4000000000001
-297.2999999999997
-231.79999999999973
-290.6999999999998
-226.0999999999999
-285.0
-283.4000000000001
-219.5999999999999
-275.4000000000001
-215.4000000000001
-270.4000000000001
-270.5
-271.5999999999999
-271.7999999999997
-273.0
-275.2999999999997
-275.7999999999997
-278.2999999999997
-201.0
-274.9000000000001
-275.9000000000001
-277.9000000000001
-203.0
-275.5
-275.9000000000001
-277.1999999999998
-205.5
-273.5
-273.9000000000001
-205.19999999999982
-270.5
-201.9000000000001
-266.2999999999997
-198.69999999999982
-262.1999999999998
-196.5999999999999
-259.2999999999997
-194.79999999999973
-255.69999999999982
-257.1999999999998
-194.69999999999982
-251.79999999999973
-192.0999999999999
-248.29999999999973
-248.5999999999999
-248.79999999999973
-250.9000000000001
-252.0999999999999
-241.29999999999973
-251.29999999999973
-252.29999999999973
-253.29999999999973
-254.29999999999973
-174.29999999999973
-248.19999999999982
-248.19999999999982
-248.0999999999999
-247.9000000000001
-173.5999999999999
-242.79999999999973
-241.5999999999999
-169.19999999999982
-235.5
-164.0999999999999
-230.5
-230.20000000000005
-161.79999999999995
-225.5
-158.20000000000005
-220.0999999999999
-156.79999999999995
-220.0999999999999
-222.29999999999995
-157.5999999999999
-220.29999999999995
-157.79999999999995
-217.89999999999986
-157.5
-216.89999999999986
-218.70000000000005
-221.5
-225.39999999999986
-227.5
-230.5999999999999
-233.79999999999995
-236.0999999999999
-238.39999999999986
-161.70000000000005
-237.0999999999999
-238.5999999999999
-241.0
-242.39999999999986
-165.70000000000005
-238.0999999999999
-239.29999999999995
-165.39999999999986
-236.89999999999986
-165.0999999999999
-232.89999999999986
-234.0
-166.0
-230.0
-230.89999999999986
-162.70000000000005
-227.5
-163.29999999999995
-226.5
-162.5
-224.89999999999986
-226.0
-165.0
-225.70000000000005
-163.89999999999986
-222.70000000000005
-226.79999999999995
-228.0999999999999
-231.29999999999995
-232.5999999999999
-233.79999999999995
-236.89999999999986
-239.0999999999999
-241.29999999999995
-243.5
-169.70000000000005
-241.29999999999995
-243.5999999999999
-244.89999999999986
-172.0999999999999
-243.79999999999995
-245.20000000000005
-172.5
-242.29999999999995
-171.5999999999999
-239.5999999999999
-241.89999999999986
-169.20000000000005
-236.0
-235.0
-169.70000000000005
-233.70000000000005
-166.5999999999999
-231.5999999999999
-165.5999999999999
-229.79999999999995
-231.89999999999986
-168.0
-167.5
-228.39999999999986
-168.79999999999995
-228.0
-231.5
-232.0999999999999
-234.5
-188.89999999999986
-230.5
-232.5
-235.5
-239.5999999999999
-243.89999999999986
-246.39999999999986
-168.89999999999986
-242.39999999999986
-244.79999999999995
-246.20000000000005
-172.5
-245.20000000000005
-247.70000000000005
-173.20000000000005
-244.0
-171.39999999999986
-240.29999999999995
-240.5999999999999
-170.70000000000005
-238.5999999999999
-239.79999999999995
-171.89999999999986
-238.0
-174.20000000000005
-236.79999999999995
-174.0999999999999
-236.89999999999986
-240.39999999999986
-178.0
-239.0999999999999
-177.70000000000005
-238.89999999999986
-243.5999999999999
-245.5
-248.29999999999995
-249.0999999999999
-225.70000000000005
-251.70000000000005
-253.29999999999973
-257.7999999999997
-260.5
-187.19999999999982
-258.2999999999997
-263.0
-265.9000000000001
-195.79999999999973
-264.4000000000001
-269.2999999999997
-199.4000000000001
-267.1999999999998
-198.19999999999982
-264.0
-265.7999999999997
-200.5
-265.4000000000001
-201.19999999999982
-262.2999999999997
-198.9000000000001
-262.9000000000001
-266.6999999999998
-201.5999999999999
-264.6999999999998
-205.5
-267.0999999999999
-270.1999999999998
-211.29999999999973
-272.1999999999998
-275.5
-279.7999999999997
-280.1999999999998
-282.2999999999997
-205.29999999999973
-281.2999999999997
-281.4000000000001
-284.1999999999998
-227.0
-283.7999999999997
-286.5999999999999
-229.4000000000001
-285.1999999999998
-287.9000000000001
-238.5999999999999
-289.0999999999999
-241.9000000000001
-289.6999999999998
-292.5
-265.2999999999997
-296.0999999999999
-268.0
-298.7999999999997
-285.6999999999998
-306.0
-308.1999999999998
-310.2999999999997
-314.2999999999997
-318.4000000000001
-322.5999999999999
-326.9000000000001
-328.2999999999997
-252.5
-329.7999999999997
-332.2999999999997
-335.6999999999998
-262.0999999999999
-332.7999999999997
-336.0
-266.1999999999998
-337.0999999999999
-340.5
-270.9000000000001
-340.0
-342.4000000000001
-277.6999999999998
-343.1999999999998
-278.5999999999999
-342.1999999999998
-343.5
-280.5999999999999
-342.0999999999999
-279.0999999999999
-338.5
-276.1999999999998
-335.4000000000001
-271.9000000000001
-330.7999999999997
-331.0
-333.0
-333.0
-334.7999999999997
-242.5999999999999
-328.0
-327.6999999999998
-328.1999999999998
-241.5999999999999
-323.1999999999998
-326.6999999999998
-291.4000000000001
-328.4000000000001
-331.2999999999997
-333.2999999999997
-336.2999999999997
-338.4000000000001
-258.5
-334.4000000000001
-336.5
-337.5999999999999
-339.5999999999999
-264.5999999999999
-334.9000000000001
-335.7999999999997
-261.5999999999999
-332.7999999999997
-334.6999999999998
-261.5999999999999
-329.0
-329.6999999999998
-262.2999999999997
-327.0
-258.6999999999998
-322.4000000000001
-326.0
-256.7999999999997
-320.5
-253.0999999999999
-317.7999999999997
-250.5
-313.2999999999997
-246.9000000000001
-309.6999999999998
-312.2999999999997
-314.0
-316.6999999999998
-317.5
-318.1999999999998
-319.7999999999997
-321.4000000000001
-324.0
-323.6999999999998
-243.19999999999982
-318.5
-319.0
-321.4000000000001
-244.9000000000001
-315.5999999999999
-318.0
-318.5
-245.9000000000001
-311.9000000000001
-243.0999999999999
-306.2999999999997
-307.4000000000001
-237.5
-300.5
-233.4000000000001
-295.5
-229.4000000000001
-290.5999999999999
-290.5
-226.29999999999973
-285.5999999999999
-222.4000000000001
-279.7999999999997
-218.5
-273.0
-211.5
-267.7999999999997
-267.2999999999997
-265.6999999999998
-181.9000000000001
-257.6999999999998
-259.9000000000001
-257.2999999999997
-259.4000000000001
-259.6999999999998
-260.0
-181.29999999999973
-253.69999999999982
-254.0999999999999
-254.5
-178.9000000000001
-248.69999999999982
-249.19999999999982
-177.69999999999982
-246.0
-246.79999999999973
-177.5999999999999
-243.4000000000001
-245.4000000000001
-179.5
-243.9000000000001
-177.29999999999973
-240.89999999999986
-244.39999999999986
-179.0999999999999
-242.0999999999999
-178.89999999999986
-238.20000000000005
-176.89999999999986
-237.29999999999995
-175.20000000000005
-234.70000000000005
-174.5999999999999
-233.29999999999995
-234.29999999999995
-236.20000000000005
-219.0999999999999
-239.0999999999999
-240.0999999999999
-242.0
-243.89999999999986
-163.79999999999995
-237.5
-239.20000000000005
-239.89999999999986
-164.5
-234.39999999999986
-234.89999999999986
-163.29999999999995
-231.39999999999986
-230.89999999999986
-162.20000000000005
-227.5
-158.89999999999986
-223.29999999999995
-222.70000000000005
-155.89999999999986
-220.29999999999995
-154.70000000000005
-217.39999999999986
-217.89999999999986
-155.29999999999995
-214.29999999999995
-152.70000000000005
-214.79999999999995
-216.5999999999999
-157.39999999999986
-217.0999999999999
-219.20000000000005
-219.29999999999995
-223.20000000000005
-226.29999999999995
-228.5
-231.70000000000005
-233.0
-238.20000000000005
-161.70000000000005
-235.29999999999995
-237.79999999999995
-240.29999999999995
-166.79999999999995
-237.70000000000005
-240.20000000000005
-165.70000000000005
-236.5
-165.89999999999986
-233.0
-234.29999999999995
-166.5
-231.70000000000005
-163.89999999999986
-227.0999999999999
-161.0999999999999
-224.29999999999995
-160.29999999999995
-223.70000000000005
-225.89999999999986
-163.0999999999999
-225.79999999999995
-164.20000000000005
-159.20000000000005
-219.0999999999999
-224.39999999999986
-224.0
-228.29999999999995
-228.79999999999995
-176.0999999999999
-226.89999999999986
-230.0999999999999
-233.39999999999986
-237.79999999999995
-241.39999999999986
-243.0999999999999
-166.70000000000005
-240.39999999999986
-243.0
-245.5999999999999
-171.20000000000005
-242.0999999999999
-243.5999999999999
-171.0
-239.89999999999986
-242.20000000000005
-171.5
-238.5
-168.70000000000005
-234.70000000000005
-237.79999999999995
-170.0
-233.20000000000005
-165.20000000000005
-231.20000000000005
-167.29999999999995
-228.79999999999995
-166.89999999999986
-227.5999999999999
-164.79999999999995
-224.5
-227.5999999999999
-169.79999999999995
-229.0
-230.5
-232.89999999999986
-231.29999999999995
-236.29999999999995
-239.5999999999999
-242.0
-244.39999999999986
-170.79999999999995
-241.5999999999999
-244.0
-246.39999999999986
-172.79999999999995
-242.5999999999999
-244.89999999999986
-247.20000000000005
-175.5
-242.39999999999986
-244.5
-175.5999999999999
-241.5999999999999
-169.70000000000005
-236.39999999999986
-169.29999999999995
-232.29999999999995
-235.0999999999999
-171.0
-232.29999999999995
-169.20000000000005
-233.5999999999999
-235.89999999999986
-174.20000000000005
-235.0999999999999
-175.5
-235.70000000000005
-237.29999999999995
-238.79999999999995
-240.20000000000005
-150.5
-234.5999999999999
-237.79999999999995
-240.0999999999999
-244.39999999999986
-246.89999999999986
-249.39999999999986
-171.89999999999986
-246.39999999999986
-247.89999999999986
-249.29999999999995
-251.5999999999999
-176.9000000000001
-249.5
-249.9000000000001
-177.0999999999999
-245.79999999999995
-174.89999999999986
-242.70000000000005
-244.79999999999995
-174.89999999999986
-240.79999999999995
-242.79999999999995
-176.79999999999995
-241.0
-177.0999999999999
-239.5999999999999
-176.79999999999995
-237.5
-176.70000000000005
-238.5999999999999
-177.0999999999999
-235.20000000000005
-238.5
-240.89999999999986
-242.29999999999995
-244.5999999999999
-203.89999999999986
-246.89999999999986
-249.39999999999986
-252.89999999999986
-256.5
-178.19999999999982
-253.79999999999995
-253.5
-254.9000000000001
-182.19999999999982
-252.0
-252.29999999999973
-182.4000000000001
-249.29999999999973
-251.4000000000001
-184.5
-245.69999999999982
-179.5
-243.5
-243.39999999999986
-180.0999999999999
-241.29999999999995
-180.0999999999999
-241.5999999999999
-242.70000000000005
-182.70000000000005
-241.5
-180.5999999999999
-240.39999999999986
-181.5999999999999
-239.70000000000005
-242.0
-244.29999999999995
-245.5999999999999
-247.79999999999995
-175.0
-242.70000000000005
-247.70000000000005
-250.0
-252.29999999999973
-256.5999999999999
-179.0999999999999
-253.5999999999999
-257.0999999999999
-257.6999999999998
-259.0999999999999
-184.4000000000001
-257.0
-257.4000000000001
-184.5999999999999
-254.29999999999973
-255.5
-184.5999999999999
-251.4000000000001
-180.4000000000001
-247.0999999999999
-249.0
-180.9000000000001
-245.79999999999995
-181.69999999999982
-245.0
-181.0999999999999
-242.5999999999999
-178.70000000000005
-242.20000000000005
-244.5
-182.79999999999995
-241.70000000000005
-243.89999999999986
-247.0999999999999
-248.39999999999986
-253.5999999999999
-257.0999999999999
-258.6999999999998
-262.1999999999998
-266.7999999999997
-268.5999999999999
-193.29999999999973
-266.1999999999998
-267.9000000000001
-268.5
-195.9000000000001
-266.7999999999997
-266.2999999999997
-194.5
-264.2999999999997
-265.5999999999999
-266.7999999999997
-198.9000000000001
-265.0
-197.19999999999982
-261.4000000000001
-194.5
-257.6999999999998
-259.6999999999998
-197.69999999999982
-258.2999999999997
-197.4000000000001
-260.1999999999998
-197.69999999999982
-257.6999999999998
-196.0999999999999
-255.0999999999999
-258.4000000000001
-259.7999999999997
-264.0999999999999
-264.5999999999999
-174.9000000000001
-260.0
-263.2999999999997
-265.6999999999998
-191.0999999999999
-263.7999999999997
-265.2999999999997
-218.69999999999982
-265.1999999999998
-269.5999999999999
-271.1999999999998
-273.6999999999998
-276.1999999999998
-278.6999999999998
-281.1999999999998
-282.6999999999998
-285.0999999999999
-287.5
-289.9000000000001
-294.2999999999997
-294.9000000000001
-219.29999999999973
-292.9000000000001
-297.4000000000001
-300.0999999999999
-225.79999999999973
-297.7999999999997
-299.5
-230.0999999999999
-299.5
-301.2999999999997
-233.0
-299.5999999999999
-231.29999999999973
-297.9000000000001
-301.5999999999999
-237.4000000000001
-300.5
-236.29999999999973
-300.4000000000001
-240.29999999999973
-299.9000000000001
-235.79999999999973
-297.0
-232.69999999999982
-293.6999999999998
-295.1999999999998
-232.5999999999999
-290.5
-291.5999999999999
-290.5999999999999
-258.2999999999997
-288.5999999999999
-291.0999999999999
-291.6999999999998
-292.1999999999998
-212.5999999999999
-285.9000000000001
-287.1999999999998
-287.5
-214.69999999999982
-284.5
-285.9000000000001
-214.29999999999973
-281.4000000000001
-281.7999999999997
-212.0999999999999
-279.2999999999997
-278.7999999999997
-211.0999999999999
-276.5
-209.0
-272.5999999999999
-206.0999999999999
-269.7999999999997
-270.4000000000001
-206.9000000000001
-269.9000000000001
-205.69999999999982
-263.9000000000001
-201.4000000000001
-259.5
-198.9000000000001
-255.0999999999999
-256.4000000000001
-257.6999999999998
-259.0
-262.2999999999997
-262.7999999999997
-264.1999999999998
-264.5999999999999
-185.9000000000001
-260.1999999999998
-260.5999999999999
-262.9000000000001
-191.29999999999973
-260.4000000000001
-261.0
-186.5
-255.4000000000001
-255.79999999999973
-189.0999999999999
-253.5999999999999
-186.0999999999999
-251.69999999999982
-252.4000000000001
-186.0
-249.79999999999973
-184.5
-247.5
-183.29999999999973
-245.5
-247.4000000000001
-184.29999999999973
-245.70000000000005
-185.69999999999982
-244.5
-245.5999999999999
-246.5999999999999
-247.5
-250.29999999999973
-250.19999999999982
-253.9000000000001
-252.79999999999973
-254.4000000000001
-255.0
-178.5
-251.19999999999982
-250.79999999999973
-255.19999999999982
-178.9000000000001
-248.79999999999973
-250.29999999999973
-249.79999999999973
-178.0999999999999
-244.0999999999999
-170.29999999999973
-239.0
-239.19999999999982
-169.29999999999973
-233.29999999999995
-166.29999999999995
-228.5
-162.5
-225.79999999999995
-227.0
-163.20000000000005
-158.89999999999986
-221.70000000000005
-224.29999999999995
-165.0
-225.5999999999999
-166.70000000000005
-226.70000000000005
-230.0999999999999
-229.5999999999999
-178.79999999999995
-227.70000000000005
-231.79999999999995
-234.0999999999999
-237.39999999999986
-242.79999999999995
-245.5
-167.20000000000005
-242.79999999999995
-245.5
-248.20000000000005
-171.89999999999986
-244.70000000000005
-247.29999999999995
-173.89999999999986
-242.89999999999986
-246.29999999999995
-174.79999999999995
-243.89999999999986
-175.39999999999986
-239.79999999999995
-172.0999999999999
-236.39999999999986
-239.5999999999999
-175.89999999999986
-237.5999999999999
-238.89999999999986
-176.0999999999999
-239.79999999999995
-175.29999999999995
-238.0999999999999
-238.5999999999999
-178.89999999999986
-238.0
-241.39999999999986
-242.89999999999986
-243.29999999999995
-227.5
-244.89999999999986
-248.0
-251.19999999999982
-253.5
-180.79999999999973
-252.5999999999999
-256.0999999999999
-257.6999999999998
-185.19999999999982
-255.19999999999982
-256.6999999999998
-185.0999999999999
-253.0999999999999
-255.4000000000001
-185.69999999999982
-253.79999999999973
-185.19999999999982
-249.5
-182.69999999999982
-249.0
-250.39999999999986
-183.69999999999982
-246.0999999999999
-184.20000000000005
-245.89999999999986
-248.20000000000005
-186.5
-246.39999999999986
-186.70000000000005
-247.79999999999995
-188.39999999999986
-246.79999999999995
-247.39999999999986
-249.79999999999995
-158.19999999999982
-245.20000000000005
-247.5999999999999
-251.0
-191.5
-251.79999999999995
-254.5
-257.1999999999998
-259.9000000000001
-261.5999999999999
-265.1999999999998
-267.9000000000001
-269.5999999999999
-271.1999999999998
-192.69999999999982
-266.0999999999999
-269.4000000000001
-269.7999999999997
-194.0
-265.4000000000001
-267.5
-268.5999999999999
-195.5999999999999
-264.0999999999999
-197.0
-262.0
-263.0
-199.9000000000001
-262.2999999999997
-197.4000000000001
-261.7999999999997
-196.0999999999999
-259.5999999999999
-193.9000000000001
-257.4000000000001
-194.69999999999982
-255.5
-257.7999999999997
-197.0999999999999
-257.0999999999999
-260.5
-265.0
-265.6999999999998
-268.1999999999998
-195.69999999999982
-263.6999999999998
-265.0
-265.1999999999998
-268.1999999999998
-269.2999999999997
-271.2999999999997
-193.29999999999973
-265.2999999999997
-267.0999999999999
-268.9000000000001
-192.69999999999982
-261.6999999999998
-264.1999999999998
-192.79999999999973
-261.0999999999999
-262.7999999999997
-192.5
-259.0
-190.69999999999982
-256.4000000000001
-259.1999999999998
-196.0999999999999
-259.5
-194.69999999999982
-257.1999999999998
-258.4000000000001
-195.5
-255.0999999999999
-192.0999999999999
-251.5999999999999
-194.5
-251.5
-254.5999999999999
-256.7999999999997
-257.0
-260.0
-260.0999999999999
-262.0
-264.9000000000001
-265.9000000000001
-182.79999999999973
-259.1999999999998
-260.9000000000001
-261.5999999999999
-262.1999999999998
-186.69999999999982
-256.5
-257.9000000000001
-184.29999999999973
-253.19999999999982
-253.5999999999999
-181.9000000000001
-250.9000000000001
-181.4000000000001
-247.79999999999973
-180.4000000000001
-245.0999999999999
-246.79999999999973
-181.5
-243.5
-180.19999999999982
-241.39999999999986
-178.20000000000005
-238.5
-239.29999999999995
-176.0
-238.20000000000005
-177.0999999999999
-235.70000000000005
-237.5999999999999
-239.5
-241.39999999999986
-242.29999999999995
-244.0999999999999
-246.9000000000001
-247.79999999999973
-168.5999999999999
-243.29999999999995
-244.0999999999999
-243.79999999999973
-169.29999999999973
-239.20000000000005
-239.70000000000005
-168.0999999999999
-235.20000000000005
-235.5999999999999
-165.89999999999986
-231.0999999999999
-162.39999999999986
-224.70000000000005
-154.79999999999995
-219.79999999999995
-220.89999999999986
-154.0
-219.29999999999995
-219.70000000000005
-153.0
-215.5
-153.79999999999995
-212.79999999999995
-153.20000000000005
-212.5
-155.20000000000005
-213.0
-214.0
-214.89999999999986
-205.70000000000005
-218.39999999999986
-221.29999999999995
-224.29999999999995
-226.39999999999986
-150.5
-223.79999999999995
-226.0
-228.20000000000005
-155.39999999999986
-225.0999999999999
-227.29999999999995
-155.5
-225.29999999999995
-225.5999999999999
-154.70000000000005
-219.5
-223.29999999999995
-157.29999999999995
-220.5
-154.5
-214.70000000000005
-217.39999999999986
-154.20000000000005
-214.5
-216.29999999999995
-153.0999999999999
-213.39999999999986
-152.20000000000005
-211.70000000000005
-152.5999999999999
-210.39999999999986
-212.39999999999986
-213.39999999999986
-218.29999999999995
-191.5
-217.79999999999995
-220.79999999999995
-222.89999999999986
-225.0
-154.0999999999999
-222.89999999999986
-225.0999999999999
-227.29999999999995
-229.5
-157.70000000000005
-226.5
-228.70000000000005
-158.89999999999986
-223.89999999999986
-225.89999999999986
-157.89999999999986
-221.89999999999986
-155.79999999999995
-217.89999999999986
-152.70000000000005
-213.79999999999995
-216.5
-154.29999999999995
-216.70000000000005
-150.79999999999995
-212.0999999999999
-151.0
-211.5999999999999
-150.70000000000005
-209.5
-212.5999999999999
-214.79999999999995
-217.0
-220.20000000000005
-222.5
-223.79999999999995
-227.0
-228.29999999999995
-230.5
-160.70000000000005
-229.70000000000005
-231.0999999999999
-234.39999999999986
-164.79999999999995
-232.0
-234.39999999999986
-166.79999999999995
-233.20000000000005
-235.70000000000005
-168.20000000000005
-232.70000000000005
-166.0999999999999
-229.5999999999999
-230.89999999999986
-167.0999999999999
-229.70000000000005
-164.0
-225.5
-164.5999999999999
-224.39999999999986
-162.5999999999999
-222.39999999999986
-164.5999999999999
-223.79999999999995
-166.29999999999995
-223.79999999999995
-225.39999999999986
-227.89999999999986
-228.39999999999986
-192.70000000000005
-227.20000000000005
-228.29999999999995
-232.29999999999995
-233.5
-159.5999999999999
-231.0999999999999
-233.29999999999995
-236.5
-164.79999999999995
-232.70000000000005
-235.89999999999986
-162.20000000000005
-230.89999999999986
-232.0
-162.0
-229.79999999999995
-159.89999999999986
-225.79999999999995
-226.79999999999995
-160.70000000000005
-223.79999999999995
-157.70000000000005
-221.79999999999995
-156.79999999999995
-218.0999999999999
-156.0
-217.5
-157.5999999999999
-214.5
-155.5
-214.39999999999986
-217.5999999999999
-219.89999999999986
-220.20000000000005
-209.29999999999995
-221.0999999999999
-223.0
-226.89999999999986
-230.0
-159.20000000000005
-227.0999999999999
-230.29999999999995
-231.5999999999999
-163.79999999999995
-231.0
-233.39999999999986
-163.79999999999995
-230.0
-231.29999999999995
-163.5
-228.70000000000005
-230.89999999999986
-164.0999999999999
-226.39999999999986
-161.39999999999986
-223.70000000000005
-159.70000000000005
-221.0999999999999
-159.0999999999999
-219.70000000000005
-220.79999999999995
-162.79999999999995
-222.79999999999995
-162.20000000000005
-219.29999999999995
-162.5
-219.79999999999995
-223.20000000000005
-225.70000000000005
-134.20000000000005
-217.29999999999995
-219.39999999999986
-220.5
-138.5
-218.0999999999999
-222.29999999999995
-228.70000000000005
-229.5
-234.0999999999999
-236.89999999999986
-240.70000000000005
-244.5999999999999
-245.5999999999999
-168.39999999999986
-243.20000000000005
-244.0
-246.5999999999999
-173.20000000000005
-243.20000000000005
-244.70000000000005
-174.0999999999999
-241.20000000000005
-242.5
-173.70000000000005
-238.79999999999995
-239.89999999999986
-176.89999999999986
-239.39999999999986
-175.5999999999999
-238.20000000000005
-173.5
-238.0999999999999
-172.5999999999999
-235.29999999999995
-235.70000000000005
-177.89999999999986
-236.0999999999999
-177.5
-235.79999999999995
-238.29999999999995
-240.79999999999995
-242.29999999999995
-244.70000000000005
-239.0999999999999
-247.70000000000005
-251.0
-254.4000000000001
-253.9000000000001
-176.0999999999999
-250.29999999999973
-251.5
-252.5999999999999
-175.5999999999999
-246.69999999999982
-247.5
-177.19999999999982
-244.70000000000005
-245.5
-177.19999999999982
-240.89999999999986
-177.5
-241.5999999999999
-244.5999999999999
-244.70000000000005
-182.5999999999999
-244.0999999999999
-181.20000000000005
-240.79999999999995
-243.79999999999995
-181.89999999999986
-240.5999999999999
-179.5999999999999
-238.29999999999995
-176.29999999999995
-235.89999999999986
-236.89999999999986
-238.79999999999995
-242.70000000000005
-244.79999999999995
-248.89999999999986
-250.19999999999982
-251.4000000000001
-253.5
-176.5999999999999
-249.79999999999973
-250.9000000000001
-251.9000000000001
-176.79999999999973
-248.0
-246.9000000000001
-175.5
-241.79999999999995
-241.29999999999973
-173.5999999999999
-240.0
-171.5999999999999
-237.20000000000005
-238.89999999999986
-172.5999999999999
-238.5
-173.5
-235.79999999999995
-176.79999999999995
-234.70000000000005
-174.79999999999995
-235.70000000000005
-234.0999999999999
-175.0999999999999
-233.0
-234.0999999999999
-236.0999999999999
-239.0999999999999
-242.20000000000005
-230.39999999999986
-243.20000000000005
-244.20000000000005
-248.0999999999999
-250.19999999999982
-171.29999999999973
-245.29999999999995
-247.29999999999995
-248.29999999999973
-248.19999999999982
-173.9000000000001
-244.0
-244.69999999999982
-172.29999999999973
-239.5
-170.0
-235.39999999999986
-237.89999999999986
-168.5
-232.0
-166.39999999999986
-228.0999999999999
-230.5
-165.0
-226.79999999999995
-164.29999999999995
-223.39999999999986
-163.89999999999986
-222.29999999999995
-163.0
-221.5999999999999
-223.5
-227.39999999999986
-229.5
-231.5999999999999
-188.70000000000005
-232.29999999999995
-234.5
-238.70000000000005
-240.0999999999999
-167.39999999999986
-237.20000000000005
-239.5
-241.79999999999995
-168.0999999999999
-237.79999999999995
-241.0
-168.29999999999995
-236.0999999999999
-237.20000000000005
-169.20000000000005
-233.20000000000005
-235.0999999999999
-168.0
-233.0
-165.0
-227.0
-162.70000000000005
-223.79999999999995
-227.5
-165.39999999999986
-224.89999999999986
-164.79999999999995
-224.5
-164.5999999999999
-223.5
-223.70000000000005
-226.70000000000005
-229.79999999999995
-233.0
-234.29999999999995
-235.5
-236.5999999999999
-240.5999999999999
-165.79999999999995
-237.29999999999995
-240.5
-241.79999999999995
-245.0
-171.29999999999995
-241.0
-244.20000000000005
-171.5
-240.29999999999995
-241.5
-170.5999999999999
-236.39999999999986
-168.29999999999995
-233.20000000000005
-234.0999999999999
-167.89999999999986
-231.89999999999986
-164.79999999999995
-227.79999999999995
-162.5999999999999
-225.70000000000005
-163.5999999999999
-224.0999999999999
-161.0999999999999
-221.5999999999999
-160.5999999999999
-221.29999999999995
-223.5
-223.70000000000005
-224.70000000000005
-226.5999999999999
-227.5
-228.29999999999995
-230.0
-230.70000000000005
-156.29999999999995
-226.29999999999995
-226.89999999999986
-228.39999999999986
-152.89999999999986
-222.70000000000005
-224.0999999999999
-151.5
-217.5
-219.70000000000005
-148.0
-214.0
-143.20000000000005
-208.20000000000005
-207.29999999999995
-141.20000000000005
-203.39999999999986
-138.39999999999986
-199.79999999999995
-136.89999999999986
-196.5999999999999
-132.79999999999995
-193.5
-130.79999999999995
-190.70000000000005
-129.0999999999999
-188.20000000000005
-191.70000000000005
-193.39999999999986
-196.0999999999999
-196.89999999999986
-198.5999999999999
-201.29999999999995
-204.0999999999999
-206.0
-130.89999999999986
-201.0999999999999
-201.89999999999986
-204.5999999999999
-130.39999999999986
-199.5999999999999
-201.29999999999995
-128.0
-196.20000000000005
-197.79999999999995
-128.39999999999986
-194.89999999999986
-124.59999999999991
-190.0999999999999
-188.70000000000005
-122.0
-182.5
-181.5999999999999
-118.5
-177.0
-114.89999999999986
-172.5
-110.39999999999986
-104.0
-162.5
-162.39999999999986
-102.20000000000005
-159.89999999999986
-158.89999999999986
-157.70000000000005
-158.29999999999995
-158.89999999999986
-160.5
-161.20000000000005
-161.89999999999986
-84.59999999999991
-154.5
-155.0999999999999
-155.70000000000005
-79.29999999999995
-147.20000000000005
-147.5999999999999
-74.0
-143.0
-140.5999999999999
-69.89999999999986
-134.0999999999999
-135.39999999999986
-65.79999999999995
-128.20000000000005
-61.5
-123.09999999999991
-124.5
-59.0
-118.89999999999986
-55.399999999999864
-114.5
-53.10000000000002
-113.5
-52.5
-112.29999999999995
-114.60000000000002
-116.0
-118.39999999999998
-120.89999999999998
-122.5
-125.10000000000002
-127.79999999999995
-130.60000000000002
-131.5
-59.299999999999955
-124.69999999999993
-125.19999999999993
-125.60000000000002
-53.899999999999864
-118.89999999999998
-119.0
-50.0
-113.0
-112.89999999999998
-43.69999999999993
-105.5
-36.10000000000002
-97.69999999999993
-97.10000000000002
-30.399999999999977
-89.0
-87.10000000000002
-24.0
-81.60000000000002
-18.600000000000023
-76.29999999999995
-12.399999999999977
-69.10000000000002
-7.100000000000023
-63.89999999999998
-64.0
-65.10000000000002
-65.29999999999995
-66.5
-66.79999999999995
-68.10000000000002
-68.5
-68.89999999999998
-68.29999999999995
8.399999999999977
-61.19999999999993
-60.5
-60.69999999999993
-60.89999999999998
13.899999999999977
-52.80000000000001
-54.89999999999998
18.80000000000001
-48.099999999999966
-7.399999999999977
-44.599999999999966
-44.89999999999998
-21.19999999999999
-43.099999999999966
-43.39999999999998
-42.69999999999999
-42.89999999999998
-43.099999999999966
-44.30000000000001
-45.599999999999966
-47.0
-48.5
-50.099999999999966
-51.80000000000001
-52.599999999999966
-53.39999999999998
-54.19999999999999
-55.0
-55.80000000000001
-56.599999999999966
-57.39999999999998
-57.19999999999999
17.100000000000023
-49.099999999999966
-48.599999999999966
-48.0
-47.30000000000001
27.5
-38.19999999999999
-38.19999999999999
35.80000000000001
-30.80000000000001
41.19999999999999
-23.599999999999994
-23.599999999999994
46.400000000000006
-15.599999999999994
52.5
-9.599999999999994
-9.599999999999994
54.400000000000006
-3.1999999999999993
28.8
0.0
0.0
0.0
0.0
0.0
0.0
0.0
0.0
0.0
0.0
0.0
0.0
0.0
0.0
0.0
0.0
0.0
0.0
0.0
0.0
0.0
0.0
0.0
0.0
0.0
0.0
0.0
0.0
0.0
0.0
0.0
0.0
-1.0
-1.1
-1.2
-0.2999999999999998
2.7
0.0
0.0
0.0
0.0
0.0
0.0
0.0
0.0
0.0
0.0
0.0
0.0
0.0
0.0
0.0
0.0
0.0
0.0
0.0
0.0
0.0
0.0
0.0
-1.0
-1.1
-1.2
-1.2999999999999998
-1.4
-1.5
-1.5999999999999996
-0.7000000000000002
6.3
0.0
0.0
0.0
-1.0
-1.1
-1.2
-1.2999999999999998
-1.4
-1.5
-1.5999999999999996
-0.7000000000000002
6.3
0.0
0.0
-1.0
-1.1
-1.2
-1.2999999999999998
-1.4
-1.5
-1.5999999999999996
-1.7000000000000002
-0.7999999999999998
7.2
0.0
0.0
0.0
0.0
0.0
0.0
0.0
0.0
0.0
0.0
0.0
0.0
0.0
0.0
0.0
0.0
0.0
0.0
0.0
0.0
0.0
0.0
0.0
0.0
0.0
0.0
0.0
0.0
0.0
0.0
0.0
0.0
0.0
0.0
0.0
0.0
0.0
0.0
0.0
0.0
0.0
0.0
0.0
0.0
0.0
0.0
0.0
0.0
0.0
0.0
0.0
0.0
0.0
0.0
0.0
0.0
0.0
0.0
0.0
0.0
0.0
0.0
0.0
0.0
0.0
0.0
0.0
0.0
0.0
-1.0
-1.1
-1.2
-0.2999999999999998
2.7
0.0
0.0
0.0
0.0
0.0
0.0
0.0
0.0
0.0
0.0
0.0
0.0
0.0
0.0
0.0
0.0
0.0
0.0
0.0
0.0
0.0
0.0
-1.0
-1.1
-1.2
-1.2999999999999998
-1.4
-0.5
4.5
0.0
0.0
0.0
0.0
0.0
0.0
0.0
0.0
0.0
0.0
0.0
0.0
0.0
0.0
0.0
0.0
0.0
0.0
0.0
0.0
0.0
0.0
0.0
0.0
0.0
0.0
0.0
0.0
-1.0
-1.1
-1.2
-1.2999999999999998
-1.4
-1.5
-1.5999999999999996
-1.7000000000000002
-1.7999999999999998
-1.9000000000000004
-2.0
-2.0999999999999996
-1.1999999999999993
10.8
0.0
0.0
0.0
0.0
0.0
0.0
0.0
0.0
0.0
0.0
0.0
0.0
0.0
0.0
0.0
0.0
0.0
0.0
0.0
0.0
0.0
0.0
0.0
0.0
0.0
0.0
0.0
0.0
0.0
0.0
0.0
0.0
0.0
0.0
0.0
0.0
0.0
-1.0
-1.1
-1.2
-1.2999999999999998
-1.4
-1.5
-1.5999999999999996
-1.7000000000000002
-0.7999999999999998
7.2
0.0
-1.0
-1.1
-1.2
-1.2999999999999998
-0.3999999999999999
3.6
0.0
0.0
0.0
0.0
0.0
0.0
0.0
0.0
0.0
0.0
0.0
0.0
0.0
0.0
0.0
0.0
0.0
0.0
0.0
0.0
0.0
0.0
0.0
0.0
0.0
0.0
0.0
0.0
0.0
0.0
0.0
0.0
0.0
0.0
0.0
0.0
0.0
0.0
0.0
0.0
0.0
0.0
0.0
0.0
0.0
0.0
0.0
0.0
0.0
0.0
0.0
0.0
0.0
0.0
0.0
0.0
0.0
0.0
0.0
0.0
0.0
0.0
0.0
0.0
0.0
0.0
0.0
0.0
0.0
0.0
0.0
0.0
0.0
0.0
0.0
0.0
0.0
0.0
-1.0
-1.1
-1.2
-1.2999999999999998
-1.4
-1.5
-1.5999999999999996
-1.7000000000000002
-1.7999999999999998
-1.9000000000000004
-2.0
-2.0999999999999996
-1.1999999999999993
10.8
0.0
0.0
0.0
0.0
0.0
0.0
0.0
0.0
0.0
0.0
0.0
0.0
0.0
0.0
0.0
0.0
0.0
0.0
0.0
0.0
0.0
0.0
0.0
0.0
0.0
0.0
0.0
0.0
0.0
0.0
0.0
0.0
0.0
0.0
0.0
0.0
0.0
0.0
0.0
0.0
0.0
0.0
-1.0
-1.1
-1.2
-1.2999999999999998
-1.4
-1.5
-1.5999999999999996
-1.7000000000000002
-0.7999999999999998
7.2
0.0
0.0
0.0
0.0
0.0
0.0
0.0
0.0
0.0
0.0
0.0
0.0
0.0
0.0
0.0
0.0
0.0
0.0
0.0
0.0
0.0
0.0
0.0
0.0
0.0
0.0
0.0
0.0
0.0
0.0
0.0
0.0
0.0
0.0
0.0
0.0
0.0
0.0
0.0
0.0
0.0
0.0
0.0
0.0
0.0
0.0
0.0
0.0
0.0
0.0
0.0
0.0
0.0
0.0
0.0
0.0
0.0
0.0
0.0
0.0
0.0
0.0
0.0
0.0
0.0
0.0
0.0
0.0
0.0
0.0
0.0
0.0
0.0
0.0
0.0
0.0
0.0
0.0
0.0
0.0
0.0
0.0
0.0
0.0
0.0
0.0
0.0
0.0
0.0
0.0
0.0
0.0
0.0
0.0
0.0
0.0
0.0
0.0
0.0
0.0
0.0
0.0
0.0
0.0
0.0
0.0
0.0
0.0
0.0
0.0
0.0
0.0
0.0
0.0
0.0
0.0
0.0
0.0
0.0
0.0
0.0
0.0
0.0
0.0
0.0
0.0
0.0
0.0
0.0
0.0
0.0
0.0
0.0
0.0
0.0
0.0
0.0
0.0
0.0
0.0
0.0
0.0
0.0
0.0
0.0
0.0
0.0
0.0
0.0
0.0
0.0
0.0
0.0
0.0
0.0
0.0
0.0
0.0
0.0
0.0
0.0
0.0
0.0
0.0
0.0
0.0
0.0
0.0
0.0
0.0
0.0
0.0
0.0
0.0
0.0
0.0
0.0
0.0
0.0
0.0
0.0
0.0
0.0
0.0
0.0
0.0
0.0
0.0
0.0
0.0
0.0
0.0
0.0
0.0
0.0
0.0
0.0
0.0
0.0
0.0
0.0
0.0
0.0
0.0
0.0
0.0
0.0
0.0
0.0
0.0
0.0
0.0
0.0
0.0
0.0
0.0
0.0
0.0
0.0
0.0
0.0
0.0
0.0
0.0
0.0
0.0
0.0
0.0
0.0
0.0
0.0
0.0
0.0
0.0
0.0
0.0
0.0
0.0
0.0
0.0
0.0
0.0
0.0
0.0
0.0
0.0
0.0
0.0
0.0
0.0
0.0
0.0
0.0
0.0
0.0
0.0
0.0
0.0
0.0
0.0
0.0
0.0
0.0
0.0
0.0
0.0
0.0
0.0
0.0
0.0
0.0
0.0
0.0
0.0
0.0
0.0
0.0
0.0
0.0
0.0
0.0
0.0
0.0
0.0
0.0
0.0
0.0
0.0
0.0
0.0
0.0
0.0
0.0
0.0
0.0
0.0
0.0
0.0
0.0
0.0
0.0
0.0
0.0
0.0
0.0
0.0
0.0
0.0
0.0
0.0
0.0
0.0
0.0
0.0
0.0
0.0
0.0
0.0
0.0
0.0
0.0
0.0
0.0
0.0
0.0
0.0
0.0
0.0
0.0
0.0
0.0
0.0
0.0
0.0
0.0
0.0
0.0
0.0
0.0
0.0
0.0
0.0
0.0
0.0
0.0
0.0
0.0
0.0
0.0
0.0
0.0
0.0
0.0
0.0
0.0
0.0
0.0
0.0
0.0
0.0
0.0
0.0
0.0
0.0
0.0
0.0
0.0
0.0
0.0
0.0
0.0
0.0
0.0
0.0
0.0
0.0
0.0
0.0
0.0
0.0
0.0
0.0
0.0
0.0
0.0
0.0
0.0
0.0
0.0
0.0
0.0
0.0
0.0
0.0
0.0
0.0
0.0
0.0
0.0
0.0
0.0
0.0
0.0
0.0
0.0
0.0
0.0
0.0
-1.0
-1.1
-1.2
-1.2999999999999998
-1.4
-0.5
4.5
0.0
0.0
0.0
0.0
0.0
0.0
0.0
0.0
0.0
0.0
0.0
0.0
0.0
0.0
0.0
0.0
0.0
0.0
0.0
0.0
0.0
0.0
0.0
0.0
0.0
0.0
0.0
0.0
0.0
0.0
0.0
0.0
0.0
0.0
0.0
0.0
0.0
0.0
0.0
0.0
0.0
0.0
0.0
0.0
0.0
0.0
0.0
0.0
0.0
0.0
0.0
0.0
0.0
0.0
0.0
0.0
0.0
0.0
0.0
0.0
0.0
0.0
0.0
0.0
0.0
0.0
0.0
0.0
0.0
0.0
0.0
0.0
0.0
0.0
0.0
0.0
0.0
0.0
0.0
0.0
0.0
0.0
0.0
0.0
0.0
0.0
0.0
-1.0
-1.1
-1.2
-1.2999999999999998
-1.4
-1.5
-1.5999999999999996
-1.7000000000000002
-1.7999999999999998
-1.9000000000000004
-2.0
-2.0999999999999996
-2.1999999999999993
-1.299999999999999
11.700000000000001
0.0
0.0
0.0
0.0
0.0
0.0
0.0
0.0
0.0
0.0
0.0
0.0
0.0
0.0
0.0
0.0
0.0
0.0
0.0
0.0
0.0
0.0
0.0
0.0
0.0
0.0
0.0
0.0
0.0
0.0
0.0
0.0
0.0
0.0
0.0
0.0
0.0
0.0
0.0
0.0
0.0
0.0
0.0
0.0
0.0
0.0
0.0
0.0
0.0
0.0
0.0
0.0
0.0
0.0
0.0
0.0
0.0
0.0
0.0
0.0
0.0
0.0
0.0
0.0
0.0
0.0
0.0
0.0
0.0
0.0
0.0
0.0
0.0
0.0
0.0
0.0
0.0
0.0
0.0
0.0
0.0
0.0
0.0
0.0
0.0
0.0
0.0
0.0
0.0
0.0
0.0
0.0
0.0
0.0
0.0
0.0
0.0
0.0
0.0
0.0
0.0
0.0
0.0
0.0
0.0
0.0
0.0
0.0
0.0
0.0
0.0
0.0
0.0
0.0
0.0
0.0
0.0
0.0
0.0
0.0
0.0
0.0
0.0
0.0
0.0
0.0
0.0
0.0
0.0
0.0
0.0
0.0
0.0
0.0
0.0
0.0
0.0
0.0
0.0
0.0
0.0
0.0
0.0
0.0
0.0
0.0
0.0
0.0
0.0
0.0
0.0
0.0
0.0
0.0
0.0
0.0
0.0
0.0
0.0
0.0
0.0
0.0
0.0
0.0
0.0
0.0
0.0
0.0
0.0
0.0
0.0
0.0
0.0
0.0
0.0
0.0
0.0
0.0
0.0
0.0
0.0
0.0
0.0
0.0
0.0
0.0
0.0
0.0
0.0
0.0
0.0
0.0
0.0
0.0
0.0
0.0
0.0
0.0
0.0
0.0
0.0
0.0
0.0
0.0
0.0
0.0
0.0
0.0
0.0
0.0
0.0
0.0
0.0
0.0
0.0
0.0
0.0
0.0
0.0
0.0
0.0
0.0
0.0
0.0
0.0
0.0
0.0
0.0
0.0
0.0
0.0
0.0
0.0
0.0
0.0
0.0
0.0
0.0
0.0
0.0
0.0
0.0
0.0
0.0
0.0
0.0
0.0
0.0
0.0
0.0
0.0
0.0
0.0
0.0
0.0
0.0
0.0
0.0
0.0
0.0
0.0
0.0
0.0
0.0
0.0
0.0
0.0
0.0
0.0
0.0
0.0
0.0
0.0
0.0
0.0
0.0
0.0
0.0
0.0
0.0
0.0
0.0
0.0
0.0
0.0
0.0
0.0
0.0
0.0
0.0
0.0
0.0
0.0
0.0
0.0
0.0
0.0
0.0
0.0
0.0
0.0
0.0
0.0
0.0
0.0
0.0
0.0
0.0
0.0
0.0
0.0
0.0
0.0
0.0
0.0
0.0
0.0
0.0
0.0
0.0
0.0
0.0
0.0
0.0
0.0
0.0
0.0
0.0
0.0
0.0
0.0
0.0
0.0
0.0
0.0
0.0
0.0
0.0
0.0
0.0
0.0
0.0
0.0
0.0
0.0
0.0
0.0
0.0
0.0
0.0
0.0
0.0
0.0
0.0
0.0
0.0
0.0
0.0
0.0
0.0
0.0
0.0
0.0
0.0
0.0
0.0
0.0
0.0
0.0
0.0
0.0
0.0
0.0
0.0
0.0
0.0
0.0
0.0
0.0
0.0
0.0
0.0
0.0
0.0
0.0
0.0
0.0
0.0
0.0
0.0
0.0
0.0
0.0
0.0
0.0
0.0
0.0
0.0
0.0
0.0
0.0
0.0
0.0
0.0
0.0
0.0
0.0
0.0
0.0
0.0
0.0
0.0
0.0
0.0
0.0
0.0
0.0
0.0
0.0
0.0
0.0
0.0
0.0
0.0
0.0
0.0
0.0
0.0
0.0
0.0
0.0
0.0
0.0
0.0
0.0
0.0
0.0
0.0
0.0
0.0
0.0
0.0
0.0
0.0
0.0
0.0
0.0
0.0
0.0
0.0
0.0
0.0
0.0
0.0
0.0
0.0
0.0
0.0
0.0
0.0
0.0
0.0
0.0
0.0
0.0
0.0
0.0
0.0
0.0
0.0
0.0
0.0
0.0
0.0
0.0
0.0
0.0
0.0
0.0
0.0
0.0
0.0
0.0
0.0
0.0
0.0
0.0
0.0
0.0
0.0
0.0
0.0
0.0
0.0
0.0
0.0
0.0
0.0
0.0
0.0
0.0
0.0
0.0
0.0
0.0
0.0
0.0
0.0
0.0
0.0
0.0
0.0
0.0
0.0
0.0
0.0
0.0
0.0
0.0
0.0
0.0
0.0
0.0
0.0
0.0
0.0
0.0
0.0
0.0
0.0
0.0
0.0
0.0
0.0
0.0
0.0
0.0
0.0
0.0
0.0
0.0
0.0
0.0
0.0
0.0
0.0
0.0
0.0
0.0
0.0
0.0
0.0
0.0
0.0
0.0
0.0
0.0
0.0
0.0
0.0
0.0
0.0
0.0
0.0
0.0
0.0
0.0
0.0
0.0
0.0
0.0
0.0
0.0
0.0
0.0
0.0
0.0
0.0
0.0
0.0
0.0
0.0
0.0
0.0
0.0
0.0
0.0
0.0
0.0
0.0
0.0
0.0
0.0
0.0
0.0
0.0
0.0
0.0
0.0
0.0
0.0
0.0
0.0
0.0
0.0
0.0
0.0
0.0
0.0
0.0
0.0
0.0
0.0
0.0
0.0
0.0
0.0
0.0
0.0
0.0
0.0
0.0
0.0
0.0
0.0
0.0
0.0
0.0
0.0
0.0
0.0
0.0
0.0
0.0
0.0
0.0
0.0
0.0
0.0
0.0
0.0
0.0
0.0
0.0
0.0
0.0
0.0
0.0
0.0
0.0
0.0
0.0
0.0
0.0
0.0
0.0
0.0
0.0
0.0
0.0
0.0
0.0
0.0
0.0
0.0
0.0
0.0
0.0
0.0
0.0
0.0
0.0
0.0
0.0
0.0
0.0
0.0
0.0
0.0
0.0
0.0
0.0
0.0
0.0
0.0
0.0
0.0
0.0
0.0
0.0
0.0
0.0
0.0
0.0
0.0
0.0
0.0
0.0
0.0
0.0
0.0
0.0
0.0
0.0
0.0
0.0
0.0
0.0
0.0
0.0
0.0
0.0
0.0
0.0
0.0
0.0
0.0
0.0
0.0
0.0
0.0
0.0
0.0
0.0
0.0
0.0
0.0
0.0
0.0
0.0
0.0
0.0
0.0
0.0
0.0
0.0
0.0
0.0
0.0
0.0
0.0
0.0
0.0
0.0
0.0
0.0
0.0
0.0
0.0
0.0
0.0
0.0
0.0
0.0
0.0
0.0
0.0
0.0
0.0
0.0
0.0
0.0
0.0
0.0
0.0
0.0
0.0
0.0
0.0
0.0
0.0
0.0
0.0
0.0
0.0
0.0
0.0
0.0
0.0
0.0
0.0
0.0
0.0
0.0
0.0
0.0
0.0
0.0
0.0
0.0
0.0
0.0
0.0
0.0
0.0
0.0
0.0
0.0
0.0
0.0
0.0
0.0
0.0
0.0
0.0
0.0
0.0
0.0
0.0
0.0
0.0
0.0
0.0
0.0
0.0
0.0
0.0
0.0
0.0
0.0
0.0
0.0
0.0
0.0
0.0
0.0
0.0
0.0
0.0
0.0
0.0
0.0
0.0
0.0
0.0
0.0
0.0
0.0
0.0
0.0
0.0
0.0
0.0
0.0
0.0
0.0
0.0
0.0
0.0
0.0
0.0
0.0
0.0
0.0
0.0
0.0
0.0
0.0
0.0
0.0
0.0
0.0
0.0
0.0
0.0
0.0
0.0
0.0
0.0
0.0
0.0
0.0
0.0
0.0
0.0
0.0
0.0
0.0
0.0
0.0
0.0
0.0
0.0
0.0
0.0
0.0
0.0
0.0
0.0
0.0
0.0
0.0
0.0
0.0
0.0
0.0
0.0
0.0
0.0
0.0
0.0
0.0
0.0
0.0
0.0
0.0
0.0
0.0
0.0
0.0
0.0
0.0
0.0
0.0
0.0
0.0
0.0
0.0
0.0
0.0
0.0
0.0
0.0
0.0
0.0
0.0
0.0
0.0
0.0
0.0
0.0
0.0
0.0
