0.0
0.0
0.0
0.0
0.0
0.0
0.0
0.0
0.0
0.0
0.0
0.0
0.0
0.0
0.0
0.0
0.0
0.0
0.0
0.0
0.0
0.0
0.0
0.0
0.0
0.0
0.0
0.0
0.0
0.0
0.0
0.0
0.0
0.0
0.0
0.0
0.0
0.0
0.0
0.0
0.0
0.0
0.0
0.0
0.0
0.0
0.0
0.0
0.0
0.0
0.0
0.0
0.0
0.0
0.0
0.0
0.0
0.0
0.0
0.0
0.0
0.0
0.0
0.0
0.0
0.0
0.0
0.0
0.0
0.0
0.0
0.0
0.0
0.0
0.0
0.0
0.0
0.0
0.0
0.0
0.0
0.0
0.0
0.0
0.0
0.0
0.0
0.0
0.0
0.0
0.0
0.0
0.0
0.0
0.0
0.0
0.0
0.0
0.0
0.0
0.0
0.0
0.0
0.0
0.0
0.0
0.0
0.0
0.0
0.0
0.0
0.0
0.0
0.0
0.0
0.0
0.0
0.0
0.0
0.0
0.0
0.0
0.0
0.0
0.0
0.0
0.0
0.0
0.0
0.0
0.0
0.0
0.0
0.0
0.0
0.0
0.0
0.0
0.0
0.0
0.0
0.0
0.0
0.0
0.0
0.0
0.0
0.0
0.0
0.0
0.0
0.0
0.0
0.0
0.0
0.0
0.0
0.0
-1.0
-2.0
-3.0
-4.0
-5.0
-6.0
-7.0
-8.0
-9.0
-10.0
-11.0
-12.0
-13.0
-14.0
-15.0
-16.0
-17.0
-18.0
-19.0
-20.0
-21.0
-22.0
-23.0
-24.0
-25.0
-26.0
-27.0
-28.0
-29.0
-30.0
-31.0
-32.0
-33.0
-34.0
-35.0
-36.0
-37.0
-39.0
-42.0
-45.0
-48.0
-51.0
-54.0
-57.0
-61.0
-65.0
-69.0
-73.0
-78.0
-83.0
-88.0
-93.0
-98.0
-103.0
-108.0
-113.0
-118.0
-123.0
-128.0
-133.0
-139.0
-145.0
-151.0
-157.0
-163.0
-169.0
-173.0
-105.0
-109.0
-113.0
-117.0
-121.0
-125.0
-129.0
-133.0
-137.0
-141.0
-145.0
-149.0
-153.0
-158.0
-163.0
-168.0
-173.0
-178.0
-183.0
-188.0
-194.0
-200.0
-206.0
-212.0
-218.0
-224.0
-230.0
-236.0
-242.0
-249.0
-256.0
-263.0
-270.0
-277.0
-284.0
-291.0
-298.0
-305.0
-312.0
-319.0
-326.0
-333.0
-340.0
-347.0
-354.0
-361.0
-368.0
-375.0
-383.0
-391.0
-399.0
-407.0
-416.0
-425.0
-435.0
-445.0
-455.0
-465.0
-475.0
-485.0
-495.0
-505.0
-515.0
-523.0
-345.0
-350.0
-355.0
-360.0
-196.0
-202.0
-208.0
-201.0
-171.0
-177.0
-183.0
-189.0
-195.0
-201.0
-207.0
-213.0
-220.0
-227.0
-234.0
-242.0
-250.0
-258.0
-266.0
-274.0
-282.0
-290.0
-298.0
-306.0
-314.0
-322.0
-330.0
-337.0
-261.0
-266.0
-271.0
-276.0
-204.0
-208.0
-213.0
-189.0
-194.0
-199.0
-204.0
-209.0
-214.0
-219.0
-224.0
-229.0
-235.0
-241.0
-247.0
-253.0
-259.0
-265.0
-271.0
-277.0
-283.0
-289.0
-295.0
-301.0
-308.0
-315.0
-322.0
-328.0
-183.0
-191.0
-199.0
-207.0
-215.0
-224.0
-233.0
-242.0
-252.0
-262.0
-273.0
-284.0
-295.0
-307.0
-319.0
-331.0
-343.0
-355.0
-367.0
-379.0
-391.0
-404.0
-417.0
-430.0
-444.0
-458.0
-472.0
-486.0
-500.0
-514.0
-528.0
-445.0
-376.0
-386.0
-396.0
-406.0
-305.0
-315.0
-325.0
-336.0
-347.0
-358.0
-370.0
-382.0
-394.0
-407.0
-421.0
-435.0
-449.0
-464.0
-479.0
-494.0
-510.0
-526.0
-542.0
-558.0
-574.0
-590.0
-606.0
-622.0
-638.0
-654.0
-671.0
-686.0
-556.0
-567.0
-576.0
-585.0
-532.0
-517.0
-527.0
-502.0
-513.0
-520.0
-532.0
-530.0
-543.0
-557.0
-571.0
-585.0
-600.0
-615.0
-630.0
-645.0
-661.0
-677.0
-694.0
-712.0
-730.0
-748.0
-766.0
-784.0
-802.0
-820.0
-839.0
-761.0
-686.0
-699.0
-710.0
-721.0
-558.0
-568.0
-577.0
-425.0
-433.0
-385.0
-318.0
-324.0
-331.0
-263.0
-271.0
-242.0
-254.0
-251.0
-264.0
-277.0
-281.0
-294.0
-302.0
-316.0
-326.0
-337.0
-351.0
-365.0
-380.0
-395.0
-410.0
-423.0
-370.0
-384.0
-398.0
-412.0
-411.0
-426.0
-441.0
-456.0
-472.0
-488.0
-504.0
-520.0
-537.0
-554.0
-572.0
-592.0
-612.0
-634.0
-657.0
-681.0
-706.0
-732.0
-759.0
-787.0
-815.0
-843.0
-871.0
-899.0
-927.0
-956.0
-986.0
-1014.0
-861.0
-885.0
-908.0
-931.0
-793.0
-815.0
-838.0
-756.0
-780.0
-804.0
-727.0
-751.0
-752.0
-726.0
-750.0
-734.0
-758.0
-782.0
-806.0
-830.0
-854.0
-878.0
-902.0
-927.0
-952.0
-977.0
-1002.0
-1027.0
-1053.0
-1079.0
-1105.0
-1129.0
-987.0
-1007.0
-1025.0
-1041.0
-927.0
-939.0
-950.0
-859.0
-870.0
-881.0
-815.0
-828.0
-774.0
-788.0
-803.0
-749.0
-764.0
-767.0
-749.0
-765.0
-771.0
-788.0
-805.0
-824.0
-843.0
-862.0
-881.0
-900.0
-919.0
-939.0
-959.0
-977.0
-805.0
-820.0
-832.0
-842.0
-770.0
-699.0
-710.0
-564.0
-576.0
-588.0
-445.0
-457.0
-451.0
-386.0
-398.0
-396.0
-384.0
-396.0
-408.0
-420.0
-432.0
-445.0
-460.0
-475.0
-491.0
-508.0
-525.0
-543.0
-563.0
-583.0
-603.0
-621.0
-458.0
-472.0
-484.0
-495.0
-399.0
-408.0
-415.0
-371.0
-346.0
-354.0
-287.0
-295.0
-304.0
-236.0
-245.0
-209.0
-219.0
-200.0
-210.0
-206.0
-217.0
-229.0
-242.0
-256.0
-271.0
-287.0
-303.0
-319.0
-335.0
-352.0
-369.0
-384.0
-306.0
-319.0
-331.0
-341.0
-287.0
-298.0
-310.0
-273.0
-286.0
-299.0
-289.0
-302.0
-308.0
-324.0
-341.0
-355.0
-374.0
-395.0
-416.0
-437.0
-458.0
-479.0
-500.0
-521.0
-542.0
-563.0
-584.0
-607.0
-630.0
-654.0
-678.0
-700.0
-580.0
-598.0
-616.0
-633.0
-546.0
-565.0
-584.0
-533.0
-552.0
-572.0
-571.0
-592.0
-594.0
-617.0
-640.0
-663.0
-686.0
-709.0
-732.0
-755.0
-780.0
-805.0
-831.0
-857.0
-883.0
-909.0
-935.0
-961.0
-987.0
-1013.0
-1040.0
-1065.0
-939.0
-960.0
-980.0
-998.0
-882.0
-897.0
-912.0
-866.0
-821.0
-835.0
-812.0
-777.0
-756.0
-722.0
-739.0
-683.0
-700.0
-689.0
-670.0
-687.0
-695.0
-712.0
-730.0
-748.0
-766.0
-785.0
-804.0
-823.0
-842.0
-861.0
-880.0
-897.0
-743.0
-757.0
-771.0
-783.0
-633.0
-645.0
-658.0
-531.0
-545.0
-559.0
-497.0
-512.0
-500.0
-517.0
-534.0
-549.0
-567.0
-585.0
-604.0
-623.0
-642.0
-662.0
-682.0
-703.0
-724.0
-745.0
-767.0
-790.0
-815.0
-841.0
-868.0
-893.0
-748.0
-769.0
-788.0
-806.0
-672.0
-690.0
-708.0
-651.0
-614.0
-632.0
-582.0
-600.0
-611.0
-629.0
-648.0
-668.0
-689.0
-711.0
-735.0
-759.0
-786.0
-815.0
-847.0
-878.0
-912.0
-946.0
-981.0
-1016.0
-1051.0
-1086.0
-1121.0
-1154.0
-1018.0
-1047.0
-1077.0
-1105.0
-998.0
-1025.0
-1051.0
-960.0
-984.0
-1007.0
-948.0
-971.0
-953.0
-937.0
-922.0
-924.0
-950.0
-937.0
-966.0
-960.0
-991.0
-1009.0
-1022.0
-1041.0
-1056.0
-1091.0
-1101.0
-1140.0
-1180.0
-1211.0
-1252.0
-1292.0
-1155.0
-1193.0
-1231.0
-1269.0
-1143.0
-1178.0
-1212.0
-1086.0
-1117.0
-1148.0
-1046.0
-1076.0
-1057.0
-1042.0
-1025.0
-1055.0
-1042.0
-1046.0
-1065.0
-1069.0
-1090.0
-1100.0
-1133.0
-1144.0
-1177.0
-1187.0
-1220.0
-1253.0
-1286.0
-1320.0
-1355.0
-1388.0
-1266.0
-1295.0
-1322.0
-1347.0
-1259.0
-1280.0
-1301.0
-1322.0
-1245.0
-1266.0
-1198.0
-1220.0
-1243.0
-1188.0
-1211.0
-1162.0
-1187.0
-1205.0
-1190.0
-1216.0
-1234.0
-1261.0
-1289.0
-1318.0
-1347.0
-1379.0
-1412.0
-1445.0
-1479.0
-1513.0
-1549.0
-1585.0
-1440.0
-1474.0
-1507.0
-1541.0
-1395.0
-1426.0
-1456.0
-1397.0
-1345.0
-1289.0
-1315.0
-1270.0
-1218.0
-1175.0
-1127.0
-1085.0
-1043.0
-1072.0
-1025.0
-1054.0
-1013.0
-1042.0
-1048.0
-1077.0
-1106.0
-1129.0
-1158.0
-1187.0
-1217.0
-1247.0
-1278.0
-1307.0
-1145.0
-1171.0
-1195.0
-1217.0
-1051.0
-1070.0
-1087.0
-967.0
-983.0
-999.0
-912.0
-931.0
-859.0
-878.0
-897.0
-839.0
-858.0
-813.0
-833.0
-800.0
-821.0
-833.0
-856.0
-879.0
-902.0
-925.0
-948.0
-971.0
-994.0
-1017.0
-1040.0
-1061.0
-920.0
-937.0
-952.0
-966.0
-837.0
-853.0
-870.0
-746.0
-763.0
-781.0
-664.0
-682.0
-701.0
-605.0
-624.0
-643.0
-663.0
-683.0
-703.0
-724.0
-747.0
-770.0
-794.0
-818.0
-843.0
-868.0
-895.0
-923.0
-952.0
-981.0
-1010.0
-1037.0
-878.0
-901.0
-924.0
-946.0
-889.0
-841.0
-860.0
-810.0
-771.0
-788.0
-752.0
-740.0
-757.0
-725.0
-742.0
-713.0
-731.0
-731.0
-734.0
-754.0
-757.0
-779.0
-790.0
-815.0
-833.0
-858.0
-880.0
-905.0
-931.0
-959.0
-987.0
-1014.0
-871.0
-896.0
-920.0
-942.0
-809.0
-830.0
-851.0
-871.0
-739.0
-758.0
-725.0
-682.0
-702.0
-691.0
-711.0
-718.0
-725.0
-737.0
-745.0
-767.0
-774.0
-796.0
-810.0
-832.0
-851.0
-873.0
-895.0
-918.0
-942.0
-966.0
-992.0
-1016.0
-873.0
-894.0
-915.0
-934.0
-811.0
-830.0
-849.0
-738.0
-759.0
-780.0
-698.0
-721.0
-744.0
-691.0
-715.0
-739.0
-737.0
-761.0
-785.0
-809.0
-833.0
-861.0
-889.0
-919.0
-950.0
-982.0
-1014.0
-1047.0
-1082.0
-1117.0
-1153.0
-1188.0
-1043.0
-1075.0
-1105.0
-1133.0
-1015.0
-1046.0
-1079.0
-1064.0
-1097.0
-1130.0
-1146.0
-1180.0
-1210.0
-1234.0
-1270.0
-1306.0
-1344.0
-1384.0
-1425.0
-1466.0
-1508.0
-1550.0
-1592.0
-1634.0
-1677.0
-1725.0
-1773.0
-1821.0
-1869.0
-1917.0
-1966.0
-2013.0
-1868.0
-1912.0
-1955.0
-1997.0
-1861.0
-1902.0
-1944.0
-1812.0
-1852.0
-1890.0
-1779.0
-1816.0
-1738.0
-1778.0
-1818.0
-1750.0
-1790.0
-1797.0
-1737.0
-1777.0
-1757.0
-1771.0
-1774.0
-1793.0
-1837.0
-1830.0
-1875.0
-1895.0
-1941.0
-1988.0
-2036.0
-2083.0
-1944.0
-1991.0
-2036.0
-2079.0
-1939.0
-1981.0
-2024.0
-1889.0
-1931.0
-1883.0
-1845.0
-1884.0
-1769.0
-1806.0
-1767.0
-1731.0
-1766.0
-1668.0
-1701.0
-1621.0
-1653.0
-1585.0
-1617.0
-1553.0
-1586.0
-1577.0
-1560.0
-1506.0
-1540.0
-1539.0
-1574.0
-1607.0
-1458.0
-1489.0
-1521.0
-1551.0
-1435.0
-1467.0
-1501.0
-1410.0
-1443.0
-1477.0
-1393.0
-1428.0
-1464.0
-1387.0
-1426.0
-1366.0
-1407.0
-1362.0
-1406.0
-1450.0
-1424.0
-1472.0
-1463.0
-1512.0
-1516.0
-1567.0
-1599.0
-1650.0
-1695.0
-1749.0
-1803.0
-1856.0
-1742.0
-1795.0
-1848.0
-1899.0
-1784.0
-1835.0
-1885.0
-1870.0
-1845.0
-1893.0
-1840.0
-1888.0
-1934.0
-1893.0
-1942.0
-1961.0
-2014.0
-2052.0
-2090.0
-2142.0
-2177.0
-2236.0
-2281.0
-2342.0
-2398.0
-2459.0
-2520.0
-2581.0
-2642.0
-2703.0
-2764.0
-2824.0
-2694.0
-2750.0
-2804.0
-2857.0
-2740.0
-2790.0
-2839.0
-2824.0
-2810.0
-2855.0
-2780.0
-2821.0
-2808.0
-2795.0
-2835.0
-2782.0
-2821.0
-2770.0
-2811.0
-2821.0
-2848.0
-2895.0
-2892.0
-2946.0
-2952.0
-3008.0
-3042.0
-3099.0
-3154.0
-3211.0
-3268.0
-3226.0
-3187.0
-3239.0
-3290.0
-3151.0
-3200.0
-3247.0
-3296.0
-3159.0
-3208.0
-3071.0
-3118.0
-3164.0
-3025.0
-3065.0
-2924.0
-2962.0
-2998.0
-2858.0
-2892.0
-2750.0
-2784.0
-2730.0
-2679.0
-2544.0
-2580.0
-2446.0
-2484.0
-2438.0
-2395.0
-2435.0
-2475.0
-2513.0
-2361.0
-2402.0
-2443.0
-2483.0
-2332.0
-2373.0
-2413.0
-2267.0
-2308.0
-2348.0
-2214.0
-2257.0
-2300.0
-2184.0
-2228.0
-2129.0
-2177.0
-2101.0
-2151.0
-2121.0
-2170.0
-2167.0
-2216.0
-2243.0
-2292.0
-2340.0
-2368.0
-2415.0
-2461.0
-2509.0
-2558.0
-2606.0
-2464.0
-2510.0
-2555.0
-2599.0
-2456.0
-2498.0
-2538.0
-2502.0
-2461.0
-2496.0
-2391.0
-2423.0
-2394.0
-2360.0
-2391.0
-2302.0
-2335.0
-2252.0
-2287.0
-2234.0
-2270.0
-2306.0
-2265.0
-2265.0
-2276.0
-2287.0
-2297.0
-2309.0
-2322.0
-2356.0
-2390.0
-2424.0
-2273.0
-2304.0
-2334.0
-2363.0
-2219.0
-2249.0
-2278.0
-2169.0
-2199.0
-2229.0
-2139.0
-2169.0
-2199.0
-2108.0
-2137.0
-2093.0
-2124.0
-2141.0
-2179.0
-2215.0
-2254.0
-2295.0
-2337.0
-2380.0
-2426.0
-2475.0
-2524.0
-2573.0
-2622.0
-2671.0
-2720.0
-2767.0
-2623.0
-2667.0
-2709.0
-2749.0
-2599.0
-2637.0
-2673.0
-2520.0
-2552.0
-2582.0
-2427.0
-2453.0
-2385.0
-2318.0
-2338.0
-2178.0
-2197.0
-2039.0
-2059.0
-1905.0
-1928.0
-1865.0
-1805.0
-1747.0
-1692.0
-1646.0
-1616.0
-1527.0
-1558.0
-1589.0
-1620.0
-1650.0
-1489.0
-1517.0
-1546.0
-1577.0
-1420.0
-1451.0
-1484.0
-1457.0
-1425.0
-1459.0
-1383.0
-1418.0
-1454.0
-1444.0
-1483.0
-1523.0
-1548.0
-1589.0
-1631.0
-1673.0
-1714.0
-1754.0
-1794.0
-1833.0
-1872.0
-1912.0
-1952.0
-1992.0
-2032.0
-2073.0
-2115.0
-2059.0
-2003.0
-2041.0
-2077.0
-2112.0
-1958.0
-1991.0
-2023.0
-1870.0
-1901.0
-1930.0
-1787.0
-1815.0
-1762.0
-1708.0
-1662.0
-1615.0
-1643.0
-1565.0
-1595.0
-1573.0
-1554.0
-1533.0
-1515.0
-1500.0
-1492.0
-1524.0
-1479.0
-1480.0
-1480.0
-1511.0
-1542.0
-1572.0
-1449.0
-1476.0
-1503.0
-1529.0
-1447.0
-1475.0
-1503.0
-1451.0
-1479.0
-1507.0
-1456.0
-1484.0
-1487.0
-1475.0
-1501.0
-1473.0
-1501.0
-1489.0
-1521.0
-1556.0
-1591.0
-1626.0
-1661.0
-1698.0
-1735.0
-1772.0
-1810.0
-1848.0
-1887.0
-1926.0
-1966.0
-2005.0
-1852.0
-1889.0
-1925.0
-1962.0
-1811.0
-1848.0
-1886.0
-1920.0
-1767.0
-1802.0
-1654.0
-1691.0
-1729.0
-1588.0
-1627.0
-1492.0
-1532.0
-1454.0
-1495.0
-1420.0
-1461.0
-1461.0
-1481.0
-1524.0
-1563.0
-1607.0
-1648.0
-1693.0
-1740.0
-1787.0
-1835.0
-1882.0
-1755.0
-1799.0
-1842.0
-1883.0
-1839.0
-1797.0
-1832.0
-1795.0
-1767.0
-1798.0
-1724.0
-1752.0
-1731.0
-1715.0
-1700.0
-1688.0
-1716.0
-1669.0
-1699.0
-1659.0
-1692.0
-1691.0
-1694.0
-1728.0
-1701.0
-1735.0
-1745.0
-1756.0
-1782.0
-1819.0
-1856.0
-1893.0
-1739.0
-1775.0
-1811.0
-1847.0
-1697.0
-1734.0
-1770.0
-1618.0
-1649.0
-1678.0
-1523.0
-1554.0
-1427.0
-1458.0
-1489.0
-1392.0
-1423.0
-1329.0
-1360.0
-1270.0
-1301.0
-1291.0
-1276.0
-1286.0
-1272.0
-1284.0
-1289.0
-1322.0
-1338.0
-1374.0
-1410.0
-1447.0
-1297.0
-1332.0
-1366.0
-1397.0
-1342.0
-1302.0
-1328.0
-1277.0
-1234.0
-1258.0
-1222.0
-1177.0
-1151.0
-1139.0
-1163.0
-1147.0
-1138.0
-1127.0
-1123.0
-1119.0
-1150.0
-1169.0
-1190.0
-1221.0
-1254.0
-1287.0
-1321.0
-1356.0
-1391.0
-1428.0
-1468.0
-1507.0
-1395.0
-1435.0
-1474.0
-1511.0
-1404.0
-1439.0
-1473.0
-1365.0
-1399.0
-1433.0
-1433.0
-1468.0
-1487.0
-1515.0
-1550.0
-1571.0
-1608.0
-1639.0
-1678.0
-1717.0
-1756.0
-1795.0
-1834.0
-1873.0
-1912.0
-1952.0
-1992.0
-2032.0
-2072.0
-2113.0
-2154.0
-2193.0
-2040.0
-2075.0
-2108.0
-2043.0
-1979.0
-2007.0
-2032.0
-1869.0
-1891.0
-1821.0
-1754.0
-1776.0
-1622.0
-1645.0
-1596.0
-1545.0
-1500.0
-1451.0
-1443.0
-1396.0
-1424.0
-1389.0
-1418.0
-1437.0
-1420.0
-1448.0
-1437.0
-1468.0
-1500.0
-1533.0
-1567.0
-1600.0
-1444.0
-1473.0
-1502.0
-1530.0
-1384.0
-1410.0
-1435.0
-1378.0
-1319.0
-1340.0
-1211.0
-1229.0
-1178.0
-1118.0
-1135.0
-1007.0
-1024.0
-900.0
-917.0
-878.0
-825.0
-843.0
-735.0
-754.0
-747.0
-711.0
-730.0
-702.0
-722.0
-743.0
-766.0
-788.0
-620.0
-643.0
-668.0
-694.0
-629.0
-652.0
-674.0
-617.0
-641.0
-665.0
-643.0
-667.0
-645.0
-669.0
-692.0
-710.0
-737.0
-756.0
-786.0
-817.0
-848.0
-880.0
-912.0
-944.0
-976.0
-1008.0
-1040.0
-1072.0
-1104.0
-1137.0
-1171.0
-1204.0
-1091.0
-1121.0
-1149.0
-1175.0
-1061.0
-1084.0
-1106.0
-1007.0
-1030.0
-1053.0
-1005.0
-1029.0
-1021.0
-1010.0
-1005.0
-995.0
-1019.0
-1023.0
-1048.0
-1054.0
-1081.0
-1108.0
-1135.0
-1162.0
-1189.0
-1216.0
-1243.0
-1270.0
-1297.0
-1326.0
-1355.0
-1382.0
-1253.0
-1276.0
-1296.0
-1317.0
-1204.0
-1223.0
-1243.0
-1132.0
-1153.0
-1174.0
-1112.0
-1135.0
-1159.0
-1109.0
-1133.0
-1106.0
-1132.0
-1159.0
-1187.0
-1216.0
-1246.0
-1277.0
-1308.0
-1339.0
-1371.0
-1403.0
-1436.0
-1470.0
-1505.0
-1539.0
-1573.0
-1509.0
-1446.0
-1476.0
-1505.0
-1533.0
-1369.0
-1394.0
-1416.0
-1250.0
-1271.0
-1291.0
-1128.0
-1148.0
-1003.0
-1024.0
-1046.0
-949.0
-971.0
-918.0
-941.0
-894.0
-916.0
-889.0
-911.0
-905.0
-928.0
-941.0
-964.0
-988.0
-1012.0
-1038.0
-1067.0
-1094.0
-947.0
-971.0
-995.0
-1017.0
-883.0
-903.0
-921.0
-808.0
-825.0
-841.0
-760.0
-776.0
-756.0
-732.0
-749.0
-696.0
-714.0
-703.0
-687.0
-690.0
-684.0
-704.0
-713.0
-733.0
-742.0
-763.0
-776.0
-798.0
-820.0
-843.0
-866.0
-888.0
-732.0
-752.0
-771.0
-788.0
-636.0
-650.0
-665.0
-544.0
-559.0
-574.0
-532.0
-548.0
-523.0
-540.0
-548.0
-556.0
-573.0
-587.0
-613.0
-633.0
-661.0
-690.0
-719.0
-750.0
-781.0
-813.0
-845.0
-877.0
-909.0
-942.0
-975.0
-1007.0
-886.0
-916.0
-945.0
-972.0
-880.0
-905.0
-930.0
-918.0
-943.0
-969.0
-963.0
-990.0
-984.0
-1011.0
-1038.0
-1037.0
-1064.0
-1086.0
-1099.0
-1123.0
-1145.0
-1174.0
-1203.0
-1236.0
-1270.0
-1305.0
-1339.0
-1374.0
-1409.0
-1448.0
-1487.0
-1428.0
-1371.0
-1405.0
-1437.0
-1467.0
-1309.0
-1337.0
-1364.0
-1221.0
-1245.0
-1271.0
-1179.0
-1205.0
-1171.0
-1146.0
-1116.0
-1095.0
-1072.0
-1052.0
-1037.0
-1053.0
-1085.0
-1091.0
-1114.0
-1148.0
-1184.0
-1222.0
-1260.0
-1300.0
-1340.0
-1381.0
-1422.0
-1461.0
-1316.0
-1351.0
-1384.0
-1415.0
-1274.0
-1302.0
-1328.0
-1221.0
-1244.0
-1267.0
-1161.0
-1182.0
-1205.0
-1109.0
-1132.0
-1066.0
-1090.0
-1069.0
-1053.0
-1078.0
-1049.0
-1074.0
-1055.0
-1080.0
-1086.0
-1097.0
-1110.0
-1121.0
-1150.0
-1179.0
-1209.0
-1237.0
-1092.0
-1116.0
-1138.0
-1159.0
-1031.0
-1051.0
-1070.0
-948.0
-968.0
-931.0
-884.0
-907.0
-879.0
-841.0
-820.0
-803.0
-785.0
-771.0
-786.0
-812.0
-827.0
-854.0
-883.0
-912.0
-942.0
-972.0
-1002.0
-1032.0
-1062.0
-1094.0
-1127.0
-1158.0
-1015.0
-1043.0
-1071.0
-1098.0
-966.0
-991.0
-1015.0
-918.0
-943.0
-969.0
-891.0
-918.0
-871.0
-898.0
-898.0
-898.0
-903.0
-907.0
-938.0
-951.0
-982.0
-1014.0
-1046.0
-1079.0
-1113.0
-1147.0
-1182.0
-1217.0
-1252.0
-1287.0
-1322.0
-1355.0
-1218.0
-1248.0
-1277.0
-1304.0
-1261.0
-1204.0
-1228.0
-1202.0
-1177.0
-1153.0
-1128.0
-1152.0
-1144.0
-1124.0
-1117.0
-1105.0
-1133.0
-1103.0
-1136.0
-1133.0
-1167.0
-1201.0
-1236.0
-1271.0
-1308.0
-1345.0
-1382.0
-1419.0
-1457.0
-1495.0
-1533.0
-1570.0
-1418.0
-1453.0
-1486.0
-1517.0
-1367.0
-1396.0
-1423.0
-1273.0
-1297.0
-1320.0
-1194.0
-1217.0
-1174.0
-1135.0
-1159.0
-1077.0
-1101.0
-1075.0
-1055.0
-1037.0
-1033.0
-1039.0
-1041.0
-1052.0
-1056.0
-1085.0
-1116.0
-1148.0
-1180.0
-1213.0
-1246.0
-1277.0
-1127.0
-1156.0
-1183.0
-1209.0
-1079.0
-1104.0
-1127.0
-1014.0
-1036.0
-1057.0
-963.0
-986.0
-962.0
-934.0
-958.0
-887.0
-911.0
-855.0
-881.0
-843.0
-869.0
-853.0
-880.0
-893.0
-904.0
-932.0
-960.0
-988.0
-1016.0
-1045.0
-1075.0
-1103.0
-964.0
-989.0
-1012.0
-1034.0
-976.0
-918.0
-938.0
-893.0
-844.0
-864.0
-776.0
-797.0
-794.0
-788.0
-792.0
-791.0
-815.0
-828.0
-853.0
-880.0
-907.0
-935.0
-964.0
-993.0
-1022.0
-1053.0
-1084.0
-1116.0
-1148.0
-1180.0
-1213.0
-1244.0
-1112.0
-1140.0
-1166.0
-1191.0
-1072.0
-1093.0
-1113.0
-1000.0
-1021.0
-981.0
-938.0
-960.0
-932.0
-909.0
-893.0
-876.0
-898.0
-874.0
-896.0
-897.0
-920.0
-943.0
-966.0
-989.0
-1013.0
-1037.0
-1061.0
-1085.0
-1109.0
-1133.0
-1157.0
-1179.0
-1017.0
-1035.0
-1051.0
-1065.0
-904.0
-914.0
-922.0
-798.0
-806.0
-814.0
-730.0
-738.0
-705.0
-669.0
-678.0
-606.0
-615.0
-546.0
-557.0
-539.0
-522.0
-535.0
-548.0
-561.0
-574.0
-587.0
-600.0
-613.0
-627.0
-642.0
-657.0
-671.0
-499.0
-512.0
-523.0
-532.0
-363.0
-371.0
-378.0
-380.0
-305.0
-313.0
-272.0
-281.0
-290.0
-256.0
-267.0
-258.0
-269.0
-261.0
-273.0
-285.0
-297.0
-309.0
-321.0
-333.0
-345.0
-357.0
-370.0
-383.0
-396.0
-410.0
-424.0
-436.0
-313.0
-322.0
-331.0
-338.0
-280.0
-288.0
-296.0
-271.0
-254.0
-262.0
-242.0
-252.0
-261.0
-268.0
-278.0
-286.0
-296.0
-306.0
-317.0
-328.0
-339.0
-350.0
-361.0
-372.0
-383.0
-394.0
-405.0
-416.0
-427.0
-438.0
-449.0
-458.0
-336.0
-342.0
-348.0
-354.0
-262.0
-268.0
-274.0
-258.0
-264.0
-270.0
-276.0
-282.0
-288.0
-294.0
-300.0
-307.0
-314.0
-322.0
-330.0
-340.0
-351.0
-362.0
-374.0
-387.0
-400.0
-413.0
-426.0
-439.0
-452.0
-465.0
-478.0
-492.0
-340.0
-350.0
-358.0
-366.0
-289.0
-298.0
-306.0
-303.0
-294.0
-292.0
-287.0
-297.0
-307.0
-315.0
-327.0
-338.0
-350.0
-360.0
-372.0
-384.0
-398.0
-412.0
-428.0
-444.0
-460.0
-478.0
-496.0
-514.0
-532.0
-550.0
-569.0
-587.0
-421.0
-436.0
-450.0
-466.0
-362.0
-380.0
-399.0
-347.0
-366.0
-385.0
-380.0
-399.0
-418.0
-437.0
-456.0
-476.0
-496.0
-516.0
-537.0
-560.0
-583.0
-607.0
-631.0
-655.0
-680.0
-705.0
-730.0
-755.0
-780.0
-805.0
-831.0
-855.0
-749.0
-769.0
-788.0
-805.0
-720.0
-737.0
-754.0
-682.0
-698.0
-714.0
-645.0
-661.0
-677.0
-620.0
-636.0
-620.0
-636.0
-621.0
-637.0
-654.0
-647.0
-664.0
-681.0
-698.0
-715.0
-733.0
-751.0
-769.0
-788.0
-807.0
-826.0
-843.0
-697.0
-713.0
-727.0
-740.0
-686.0
-631.0
-641.0
-586.0
-532.0
-540.0
-502.0
-464.0
-430.0
-391.0
-369.0
-334.0
-346.0
-354.0
-333.0
-346.0
-352.0
-365.0
-376.0
-390.0
-404.0
-418.0
-432.0
-446.0
-460.0
-474.0
-488.0
-500.0
-353.0
-362.0
-370.0
-378.0
-325.0
-317.0
-327.0
-318.0
-328.0
-338.0
-329.0
-339.0
-349.0
-361.0
-374.0
-388.0
-402.0
-416.0
-430.0
-444.0
-458.0
-472.0
-486.0
-501.0
-517.0
-535.0
-553.0
-571.0
-589.0
-608.0
-628.0
-647.0
-518.0
-533.0
-547.0
-560.0
-440.0
-453.0
-466.0
-461.0
-446.0
-460.0
-475.0
-462.0
-477.0
-480.0
-495.0
-510.0
-514.0
-529.0
-544.0
-560.0
-576.0
-592.0
-609.0
-626.0
-643.0
-660.0
-677.0
-696.0
-715.0
-734.0
-754.0
-772.0
-612.0
-626.0
-638.0
-648.0
-501.0
-507.0
-512.0
-413.0
-418.0
-423.0
-335.0
-340.0
-303.0
-270.0
-275.0
-211.0
-216.0
-194.0
-169.0
-174.0
-169.0
-176.0
-183.0
-190.0
-197.0
-205.0
-213.0
-221.0
-229.0
-237.0
-246.0
-254.0
-197.0
-205.0
-213.0
-221.0
-229.0
-237.0
-246.0
-255.0
-264.0
-273.0
-282.0
-291.0
-300.0
-309.0
-318.0
-327.0
-337.0
-347.0
-357.0
-367.0
-377.0
-387.0
-397.0
-408.0
-419.0
-431.0
-443.0
-456.0
-469.0
-482.0
-495.0
-506.0
-371.0
-380.0
-389.0
-398.0
-341.0
-277.0
-287.0
-297.0
-307.0
-317.0
-327.0
-337.0
-347.0
-357.0
-367.0
-377.0
-387.0
-397.0
-407.0
-418.0
-430.0
-442.0
-455.0
-468.0
-481.0
-494.0
-507.0
-520.0
-533.0
-546.0
-559.0
-570.0
-430.0
-437.0
-444.0
-450.0
-320.0
-327.0
-334.0
-289.0
-296.0
-303.0
-296.0
-303.0
-310.0
-316.0
-323.0
-330.0
-337.0
-344.0
-351.0
-358.0
-365.0
-373.0
-381.0
-389.0
-397.0
-405.0
-413.0
-421.0
-429.0
-437.0
-446.0
-453.0
-290.0
-294.0
-298.0
-302.0
-162.0
-166.0
-170.0
-174.0
-118.0
-124.0
-130.0
-136.0
-142.0
-148.0
-155.0
-162.0
-169.0
-176.0
-183.0
-190.0
-197.0
-204.0
-211.0
-218.0
-225.0
-232.0
-239.0
-246.0
-253.0
-260.0
-267.0
-272.0
-144.0
-145.0
-146.0
-147.0
-72.0
-74.0
-76.0
-30.0
-32.0
-34.0
-36.0
-38.0
-40.0
-42.0
-44.0
-46.0
-49.0
-53.0
-57.0
-62.0
-68.0
-74.0
-80.0
-86.0
-93.0
-100.0
-107.0
-114.0
-121.0
-129.0
-137.0
-145.0
-153.0
-161.0
-169.0
-177.0
-185.0
-193.0
-201.0
-209.0
-217.0
-225.0
-233.0
-241.0
-249.0
-257.0
-265.0
-273.0
-281.0
-289.0
-297.0
-306.0
-315.0
-325.0
-334.0
-343.0
-352.0
-361.0
-370.0
-379.0
-390.0
-401.0
-413.0
-423.0
-304.0
-311.0
-318.0
-325.0
-240.0
-247.0
-254.0
-219.0
-226.0
-234.0
-242.0
-250.0
-258.0
-266.0
-274.0
-282.0
-290.0
-298.0
-307.0
-316.0
-325.0
-334.0
-343.0
-352.0
-361.0
-370.0
-379.0
-389.0
-400.0
-411.0
-422.0
-431.0
-271.0
-276.0
-279.0
-282.0
-182.0
-185.0
-188.0
-161.0
-164.0
-161.0
-148.0
-151.0
-154.0
-158.0
-162.0
-166.0
-170.0
-176.0
-183.0
-190.0
-197.0
-204.0
-211.0
-218.0
-225.0
-232.0
-239.0
-246.0
-253.0
-260.0
-267.0
-272.0
-132.0
-135.0
-139.0
-143.0
-66.0
-70.0
-74.0
-78.0
-82.0
-86.0
-90.0
-94.0
-98.0
-102.0
-106.0
-110.0
-114.0
-118.0
-122.0
-126.0
-130.0
-134.0
-139.0
-144.0
-149.0
-154.0
-159.0
-164.0
-169.0
-174.0
-179.0
-183.0
-142.0
-146.0
-150.0
-154.0
-158.0
-162.0
-167.0
-172.0
-179.0
-186.0
-194.0
-202.0
-210.0
-218.0
-226.0
-234.0
-242.0
-250.0
-259.0
-268.0
-279.0
-290.0
-301.0
-312.0
-323.0
-334.0
-345.0
-356.0
-367.0
-378.0
-389.0
-399.0
-303.0
-312.0
-321.0
-331.0
-262.0
-272.0
-282.0
-292.0
-302.0
-312.0
-323.0
-334.0
-345.0
-356.0
-367.0
-378.0
-389.0
-400.0
-411.0
-422.0
-433.0
-444.0
-455.0
-466.0
-477.0
-488.0
-499.0
-510.0
-521.0
-532.0
-543.0
-553.0
-395.0
-401.0
-408.0
-416.0
-391.0
-343.0
-351.0
-336.0
-315.0
-327.0
-339.0
-351.0
-364.0
-377.0
-391.0
-405.0
-419.0
-433.0
-447.0
-461.0
-475.0
-489.0
-503.0
-517.0
-531.0
-547.0
-563.0
-579.0
-595.0
-611.0
-627.0
-641.0
-488.0
-499.0
-508.0
-515.0
-358.0
-362.0
-366.0
-268.0
-272.0
-276.0
-220.0
-224.0
-207.0
-178.0
-171.0
-148.0
-152.0
-144.0
-148.0
-152.0
-156.0
-160.0
-164.0
-168.0
-172.0
-176.0
-180.0
-185.0
-192.0
-199.0
-206.0
-211.0
-158.0
-163.0
-168.0
-173.0
-178.0
-183.0
-188.0
-193.0
-198.0
-204.0
-210.0
-216.0
-222.0
-228.0
-234.0
-241.0
-249.0
-258.0
-267.0
-276.0
-285.0
-294.0
-303.0
-312.0
-321.0
-330.0
-339.0
-348.0
-358.0
-368.0
-378.0
-387.0
-219.0
-225.0
-229.0
-233.0
-201.0
-169.0
-173.0
-175.0
-156.0
-162.0
-148.0
-155.0
-162.0
-169.0
-178.0
-187.0
-197.0
-208.0
-219.0
-230.0
-241.0
-252.0
-263.0
-274.0
-285.0
-296.0
-307.0
-318.0
-329.0
-340.0
-351.0
-361.0
-275.0
-285.0
-295.0
-305.0
-269.0
-280.0
-291.0
-302.0
-313.0
-324.0
-336.0
-347.0
-358.0
-369.0
-380.0
-391.0
-402.0
-414.0
-426.0
-438.0
-450.0
-462.0
-474.0
-486.0
-498.0
-510.0
-522.0
-534.0
-546.0
-558.0
-570.0
-580.0
-442.0
-448.0
-452.0
-456.0
-360.0
-364.0
-368.0
-275.0
-279.0
-283.0
-236.0
-240.0
-244.0
-248.0
-252.0
-256.0
-260.0
-264.0
-268.0
-272.0
-276.0
-280.0
-284.0
-288.0
-292.0
-296.0
-300.0
-304.0
-308.0
-312.0
-316.0
-318.0
-146.0
-147.0
-148.0
-149.0
-65.0
-66.0
-68.0
-70.0
-72.0
-74.0
-76.0
-78.0
-80.0
-83.0
-87.0
-91.0
-95.0
-99.0
-103.0
-107.0
-111.0
-115.0
-119.0
-123.0
-127.0
-131.0
-135.0
-139.0
-145.0
-151.0
-157.0
-161.0
-55.0
-58.0
-61.0
-64.0
-49.0
-52.0
-55.0
-58.0
-61.0
-64.0
-67.0
-70.0
-73.0
-76.0
-79.0
-82.0
-85.0
-88.0
-91.0
-94.0
-97.0
-100.0
-103.0
-106.0
-109.0
-112.0
-115.0
-118.0
-121.0
-124.0
-127.0
-130.0
-133.0
-136.0
-139.0
-142.0
-145.0
-148.0
-151.0
-154.0
-157.0
-160.0
-163.0
-166.0
-169.0
-172.0
-175.0
-178.0
-181.0
-184.0
-187.0
-190.0
-193.0
-196.0
-199.0
-202.0
-205.0
-208.0
-211.0
-214.0
-217.0
-220.0
-223.0
-224.0
-68.0
-68.0
-68.0
-68.0
0.0
0.0
0.0
0.0
0.0
0.0
0.0
0.0
0.0
-1.0
-2.0
-3.0
-5.0
-8.0
-11.0
-14.0
-17.0
-20.0
-23.0
-26.0
-29.0
-32.0
-36.0
-40.0
-45.0
-50.0
-56.0
-60.0
-33.0
-38.0
-43.0
-49.0
-55.0
-61.0
-67.0
-73.0
-79.0
-85.0
-91.0
-97.0
-103.0
-109.0
-115.0
-121.0
-127.0
-133.0
-139.0
-145.0
-151.0
-157.0
-163.0
-169.0
-175.0
-181.0
-187.0
-193.0
-199.0
-205.0
-211.0
-215.0
-148.0
-151.0
-154.0
-157.0
-124.0
-127.0
-130.0
-133.0
-136.0
-139.0
-142.0
-145.0
-148.0
-152.0
-156.0
-160.0
-165.0
-170.0
-175.0
-181.0
-187.0
-193.0
-199.0
-205.0
-212.0
-219.0
-226.0
-233.0
-240.0
-247.0
-254.0
-259.0
-121.0
-124.0
-127.0
-130.0
-53.0
-56.0
-59.0
-61.0
-64.0
-67.0
-70.0
-73.0
-76.0
-79.0
-82.0
-85.0
-88.0
-91.0
-94.0
-97.0
-100.0
-103.0
-106.0
-109.0
-112.0
-115.0
-118.0
-121.0
-125.0
-129.0
-133.0
-132.0
-95.0
-97.0
-99.0
-101.0
-103.0
-105.0
-107.0
-109.0
-111.0
-113.0
-115.0
-117.0
-119.0
-121.0
-123.0
-125.0
-127.0
-130.0
-134.0
-138.0
-142.0
-146.0
-150.0
-154.0
-158.0
-162.0
-166.0
-170.0
-174.0
-178.0
-182.0
-184.0
-31.0
-33.0
-35.0
-37.0
-39.0
-41.0
-43.0
-45.0
-47.0
-49.0
-51.0
-53.0
-55.0
-57.0
-59.0
-61.0
-63.0
-66.0
-69.0
-72.0
-75.0
-78.0
-81.0
-84.0
-87.0
-90.0
-93.0
-96.0
-99.0
-102.0
-105.0
-106.0
-16.0
-17.0
-18.0
-19.0
-20.0
-21.0
-22.0
-23.0
-24.0
-25.0
-26.0
-27.0
-29.0
-31.0
-33.0
-35.0
-37.0
-39.0
-41.0
-43.0
-46.0
-49.0
-52.0
-55.0
-59.0
-63.0
-67.0
-71.0
-75.0
-79.0
-83.0
-87.0
-91.0
-95.0
-99.0
-103.0
-107.0
-111.0
-115.0
-119.0
-123.0
-127.0
-131.0
-135.0
-139.0
-143.0
-147.0
-151.0
-155.0
-159.0
-163.0
-167.0
-171.0
-175.0
-179.0
-183.0
-187.0
-191.0
-195.0
-199.0
-203.0
-207.0
-211.0
-213.0
-93.0
-94.0
-95.0
-96.0
-97.0
-58.0
-59.0
-60.0
-62.0
-64.0
-66.0
-68.0
-70.0
-72.0
-74.0
-76.0
-78.0
-80.0
-82.0
-84.0
-86.0
-88.0
-90.0
-92.0
-94.0
-96.0
-98.0
-100.0
-102.0
-104.0
-106.0
-107.0
-25.0
-26.0
-27.0
-28.0
-29.0
-30.0
-31.0
-32.0
-33.0
-34.0
-35.0
-36.0
-37.0
-38.0
-39.0
-40.0
-41.0
-42.0
-43.0
-44.0
-46.0
-48.0
-50.0
-52.0
-54.0
-56.0
-58.0
-60.0
-63.0
-66.0
-69.0
-72.0
-75.0
-78.0
-81.0
-84.0
-87.0
-90.0
-93.0
-97.0
-101.0
-105.0
-109.0
-113.0
-117.0
-121.0
-125.0
-129.0
-133.0
-137.0
-141.0
-145.0
-149.0
-153.0
-157.0
-161.0
-166.0
-171.0
-176.0
-181.0
-186.0
-191.0
-196.0
-199.0
-70.0
-71.0
-72.0
-73.0
-49.0
-14.0
-15.0
-16.0
-17.0
-18.0
-19.0
-20.0
-21.0
-22.0
-23.0
-24.0
-25.0
-26.0
-27.0
-28.0
-30.0
-33.0
-36.0
-39.0
-42.0
-45.0
-48.0
-51.0
-54.0
-57.0
-60.0
-61.0
-41.0
-42.0
-43.0
-44.0
-45.0
-46.0
-47.0
-48.0
-49.0
-50.0
-51.0
-52.0
-53.0
-54.0
-55.0
-57.0
-59.0
-61.0
-63.0
-65.0
-67.0
-69.0
-71.0
-73.0
-75.0
-77.0
-79.0
-81.0
-83.0
-85.0
-87.0
-88.0
-17.0
-17.0
-17.0
-17.0
0.0
0.0
0.0
0.0
0.0
0.0
0.0
0.0
0.0
0.0
0.0
0.0
0.0
0.0
0.0
0.0
-1.0
-2.0
-3.0
-4.0
-5.0
-6.0
-7.0
-8.0
-10.0
-13.0
-16.0
-17.0
-3.0
-3.0
-3.0
-3.0
0.0
0.0
0.0
0.0
0.0
0.0
0.0
0.0
0.0
0.0
0.0
0.0
0.0
0.0
-1.0
-2.0
-3.0
-4.0
-5.0
-6.0
-7.0
-8.0
-9.0
-10.0
-11.0
-12.0
-13.0
-13.0
0.0
0.0
0.0
0.0
0.0
0.0
0.0
0.0
0.0
0.0
0.0
0.0
0.0
0.0
0.0
0.0
0.0
0.0
0.0
0.0
0.0
0.0
0.0
0.0
0.0
0.0
0.0
0.0
0.0
0.0
-1.0
-1.0
0.0
0.0
0.0
0.0
0.0
0.0
0.0
0.0
0.0
0.0
0.0
0.0
0.0
0.0
0.0
0.0
0.0
0.0
0.0
-1.0
-2.0
-3.0
-4.0
-6.0
-8.0
-10.0
-12.0
-14.0
-16.0
-18.0
-20.0
-20.0
0.0
0.0
0.0
0.0
0.0
0.0
0.0
0.0
0.0
0.0
0.0
0.0
0.0
-1.0
-2.0
-4.0
-6.0
-8.0
-10.0
-12.0
-14.0
-16.0
-18.0
-20.0
-22.0
-24.0
-26.0
-28.0
-31.0
-34.0
-37.0
-38.0
-5.0
-6.0
-7.0
-8.0
-9.0
-10.0
-11.0
-12.0
-13.0
-14.0
-15.0
-16.0
-17.0
-18.0
-19.0
-20.0
-21.0
-22.0
-23.0
-24.0
-25.0
-26.0
-27.0
-28.0
-29.0
-30.0
-31.0
-32.0
-33.0
-34.0
-35.0
-35.0
0.0
0.0
0.0
0.0
0.0
-1.0
-2.0
-3.0
-4.0
-5.0
-6.0
-7.0
-8.0
-9.0
-10.0
-11.0
-12.0
-13.0
-14.0
-15.0
-16.0
-17.0
-18.0
-19.0
-20.0
-21.0
-22.0
-23.0
-24.0
-25.0
-26.0
-27.0
-28.0
-30.0
-33.0
-36.0
-39.0
-43.0
-47.0
-51.0
-55.0
-59.0
-63.0
-67.0
-71.0
-75.0
-79.0
-83.0
-87.0
-91.0
-95.0
-99.0
-103.0
-107.0
-111.0
-115.0
-119.0
-123.0
-127.0
-132.0
-137.0
-143.0
-149.0
-153.0
-69.0
-72.0
-75.0
-78.0
-54.0
-57.0
-60.0
-64.0
-68.0
-72.0
-76.0
-80.0
-84.0
-88.0
-92.0
-96.0
-100.0
-104.0
-108.0
-112.0
-116.0
-120.0
-124.0
-128.0
-132.0
-136.0
-140.0
-144.0
-148.0
-152.0
-156.0
-160.0
-164.0
-168.0
-172.0
-177.0
-182.0
-187.0
-192.0
-197.0
-202.0
-207.0
-212.0
-217.0
-222.0
-227.0
-232.0
-237.0
-242.0
-247.0
-252.0
-257.0
-262.0
-267.0
-273.0
-279.0
-285.0
-292.0
-299.0
-306.0
-313.0
-320.0
-327.0
-332.0
-173.0
-175.0
-178.0
-181.0
-60.0
-63.0
-66.0
-69.0
-42.0
-45.0
-48.0
-51.0
-54.0
-57.0
-60.0
-63.0
-66.0
-69.0
-72.0
-75.0
-78.0
-81.0
-84.0
-87.0
-90.0
-93.0
-96.0
-99.0
-102.0
-105.0
-108.0
-110.0
-83.0
-85.0
-87.0
-89.0
-91.0
-93.0
-95.0
-97.0
-99.0
-101.0
-103.0
-105.0
-107.0
-109.0
-111.0
-113.0
-115.0
-117.0
-119.0
-121.0
-123.0
-125.0
-127.0
-129.0
-131.0
-133.0
-135.0
-137.0
-139.0
-141.0
-143.0
-144.0
-71.0
-71.0
-71.0
-71.0
0.0
0.0
0.0
0.0
0.0
0.0
0.0
0.0
0.0
0.0
0.0
0.0
0.0
0.0
0.0
0.0
0.0
0.0
0.0
0.0
0.0
0.0
0.0
0.0
0.0
0.0
0.0
0.0
0.0
0.0
0.0
0.0
0.0
0.0
0.0
0.0
0.0
0.0
0.0
-1.0
-2.0
-4.0
-6.0
-8.0
-10.0
-12.0
-14.0
-16.0
-18.0
-20.0
-22.0
-24.0
-26.0
-28.0
-30.0
-32.0
-34.0
-36.0
-38.0
-38.0
0.0
0.0
0.0
0.0
0.0
0.0
0.0
0.0
0.0
0.0
0.0
0.0
0.0
0.0
0.0
0.0
0.0
0.0
0.0
0.0
0.0
0.0
0.0
0.0
0.0
0.0
0.0
0.0
0.0
0.0
0.0
0.0
0.0
0.0
0.0
0.0
0.0
0.0
0.0
0.0
0.0
0.0
0.0
0.0
0.0
0.0
0.0
0.0
-1.0
-2.0
-4.0
-6.0
-9.0
-12.0
-15.0
-18.0
-21.0
-24.0
-27.0
-30.0
-33.0
-36.0
-39.0
-42.0
-45.0
-48.0
-51.0
-54.0
-57.0
-61.0
-65.0
-69.0
-73.0
-78.0
-83.0
-88.0
-93.0
-98.0
-103.0
-108.0
-113.0
-118.0
-123.0
-128.0
-133.0
-138.0
-143.0
-148.0
-154.0
-160.0
-166.0
-172.0
-178.0
-184.0
-190.0
-195.0
-154.0
-158.0
-162.0
-166.0
-126.0
-131.0
-136.0
-141.0
-146.0
-151.0
-156.0
-161.0
-166.0
-171.0
-176.0
-181.0
-186.0
-191.0
-196.0
-201.0
-206.0
-211.0
-216.0
-221.0
-226.0
-231.0
-236.0
-241.0
-246.0
-251.0
-256.0
-259.0
-123.0
-124.0
-125.0
-126.0
-32.0
-33.0
-34.0
-35.0
-36.0
-37.0
-38.0
-39.0
-40.0
-41.0
-42.0
-43.0
-44.0
-45.0
-46.0
-47.0
-48.0
-49.0
-50.0
-51.0
-52.0
-53.0
-54.0
-55.0
-56.0
-57.0
-58.0
-58.0
0.0
0.0
0.0
0.0
0.0
0.0
0.0
0.0
0.0
0.0
0.0
0.0
0.0
0.0
0.0
0.0
0.0
0.0
0.0
0.0
0.0
0.0
0.0
0.0
0.0
0.0
0.0
0.0
0.0
0.0
0.0
0.0
0.0
0.0
0.0
0.0
0.0
0.0
0.0
0.0
0.0
0.0
0.0
0.0
0.0
0.0
0.0
0.0
0.0
0.0
0.0
0.0
0.0
0.0
0.0
0.0
0.0
0.0
0.0
0.0
0.0
0.0
0.0
0.0
0.0
0.0
0.0
0.0
0.0
0.0
0.0
0.0
0.0
0.0
0.0
0.0
0.0
0.0
0.0
0.0
0.0
0.0
0.0
0.0
0.0
0.0
0.0
0.0
0.0
0.0
0.0
0.0
0.0
0.0
0.0
0.0
0.0
0.0
0.0
0.0
0.0
0.0
0.0
0.0
0.0
0.0
0.0
0.0
0.0
0.0
0.0
0.0
0.0
0.0
0.0
0.0
0.0
-1.0
-2.0
-4.0
-6.0
-8.0
-10.0
-12.0
-14.0
-16.0
-18.0
-20.0
-22.0
-24.0
-26.0
-28.0
-30.0
-32.0
-34.0
-36.0
-38.0
-40.0
-42.0
-44.0
-46.0
-48.0
-50.0
-52.0
-54.0
-56.0
-58.0
-60.0
-62.0
-64.0
-66.0
-68.0
-70.0
-73.0
-76.0
-79.0
-82.0
-85.0
-88.0
-90.0
-86.0
-88.0
-90.0
-92.0
-94.0
-96.0
-98.0
-100.0
-102.0
-104.0
-106.0
-108.0
-110.0
-112.0
-114.0
-116.0
-118.0
-120.0
-122.0
-124.0
-126.0
-128.0
-130.0
-132.0
-134.0
-136.0
-138.0
-140.0
-142.0
-144.0
-146.0
-147.0
-73.0
-73.0
-73.0
0.0
0.0
0.0
0.0
0.0
0.0
0.0
0.0
0.0
0.0
0.0
0.0
0.0
0.0
0.0
0.0
0.0
0.0
0.0
0.0
0.0
0.0
0.0
0.0
0.0
0.0
0.0
0.0
0.0
0.0
0.0
0.0
0.0
0.0
0.0
0.0
0.0
0.0
0.0
0.0
0.0
0.0
0.0
0.0
0.0
0.0
0.0
0.0
0.0
0.0
0.0
0.0
0.0
0.0
0.0
0.0
0.0
0.0
0.0
0.0
0.0
0.0
0.0
0.0
0.0
0.0
0.0
0.0
0.0
0.0
0.0
0.0
0.0
0.0
0.0
0.0
0.0
0.0
0.0
0.0
0.0
0.0
0.0
0.0
0.0
0.0
0.0
0.0
0.0
0.0
0.0
0.0
0.0
0.0
0.0
0.0
0.0
0.0
0.0
0.0
0.0
0.0
0.0
0.0
0.0
0.0
0.0
0.0
0.0
0.0
0.0
0.0
0.0
0.0
0.0
0.0
0.0
0.0
0.0
0.0
0.0
0.0
0.0
0.0
0.0
0.0
0.0
0.0
0.0
0.0
0.0
0.0
0.0
0.0
0.0
0.0
0.0
0.0
0.0
0.0
0.0
0.0
0.0
0.0
0.0
0.0
0.0
0.0
0.0
0.0
0.0
0.0
0.0
0.0
0.0
0.0
0.0
0.0
0.0
0.0
0.0
0.0
0.0
0.0
0.0
0.0
0.0
0.0
0.0
0.0
0.0
0.0
0.0
0.0
0.0
0.0
0.0
0.0
0.0
0.0
0.0
0.0
0.0
0.0
0.0
0.0
0.0
0.0
0.0
0.0
0.0
0.0
0.0
0.0
0.0
0.0
0.0
0.0
0.0
0.0
0.0
0.0
0.0
0.0
0.0
0.0
0.0
0.0
0.0
0.0
0.0
0.0
0.0
0.0
0.0
0.0
0.0
0.0
0.0
0.0
0.0
0.0
0.0
0.0
0.0
0.0
0.0
0.0
0.0
0.0
0.0
0.0
0.0
0.0
0.0
0.0
0.0
0.0
0.0
0.0
0.0
0.0
0.0
0.0
0.0
0.0
0.0
0.0
0.0
0.0
0.0
0.0
0.0
0.0
0.0
0.0
0.0
0.0
0.0
0.0
0.0
0.0
0.0
0.0
0.0
0.0
0.0
0.0
0.0
0.0
0.0
0.0
0.0
0.0
0.0
0.0
0.0
0.0
0.0
0.0
0.0
0.0
0.0
0.0
0.0
-1.0
-2.0
-3.0
-4.0
-6.0
-8.0
-10.0
-12.0
-14.0
-16.0
-18.0
-20.0
-22.0
-24.0
-26.0
-28.0
-30.0
-32.0
-34.0
-36.0
-38.0
-40.0
-42.0
-44.0
-46.0
-48.0
-50.0
-52.0
-54.0
-56.0
-58.0
-60.0
-62.0
-64.0
-66.0
-68.0
-70.0
-72.0
-74.0
-76.0
-78.0
-80.0
-82.0
-84.0
-86.0
-88.0
-90.0
-92.0
-94.0
-96.0
-98.0
-100.0
-102.0
-104.0
-106.0
-108.0
-110.0
-112.0
-114.0
-116.0
-118.0
-120.0
-122.0
-124.0
-126.0
-128.0
-130.0
-132.0
-134.0
-136.0
-138.0
-140.0
-142.0
-144.0
-146.0
-148.0
-150.0
-152.0
-154.0
-156.0
-158.0
-160.0
-162.0
-164.0
-166.0
-168.0
-170.0
-172.0
-174.0
-176.0
-178.0
-180.0
-182.0
-184.0
-186.0
-92.0
-92.0
-92.0
-92.0
-92.0
0.0
0.0
0.0
0.0
0.0
0.0
0.0
0.0
0.0
0.0
0.0
0.0
0.0
0.0
0.0
0.0
0.0
0.0
0.0
0.0
0.0
0.0
0.0
0.0
0.0
0.0
0.0
0.0
0.0
0.0
0.0
0.0
0.0
0.0
0.0
0.0
0.0
0.0
0.0
0.0
0.0
0.0
0.0
0.0
0.0
0.0
0.0
0.0
0.0
0.0
0.0
0.0
0.0
0.0
0.0
0.0
0.0
0.0
0.0
0.0
0.0
0.0
0.0
0.0
0.0
0.0
0.0
0.0
0.0
0.0
0.0
0.0
0.0
0.0
0.0
0.0
0.0
0.0
0.0
0.0
0.0
0.0
0.0
0.0
0.0
0.0
0.0
0.0
0.0
0.0
0.0
0.0
0.0
0.0
0.0
0.0
0.0
0.0
0.0
0.0
0.0
0.0
0.0
0.0
0.0
0.0
0.0
0.0
0.0
0.0
0.0
0.0
0.0
0.0
0.0
0.0
0.0
0.0
0.0
0.0
0.0
0.0
0.0
0.0
0.0
0.0
0.0
0.0
0.0
0.0
0.0
0.0
0.0
0.0
0.0
0.0
0.0
0.0
0.0
0.0
0.0
0.0
0.0
0.0
0.0
0.0
0.0
0.0
0.0
0.0
0.0
0.0
0.0
0.0
0.0
0.0
0.0
0.0
0.0
0.0
0.0
0.0
0.0
0.0
0.0
0.0
0.0
0.0
0.0
0.0
0.0
0.0
0.0
0.0
0.0
0.0
0.0
0.0
0.0
0.0
0.0
0.0
0.0
0.0
0.0
0.0
0.0
0.0
0.0
0.0
0.0
0.0
0.0
0.0
0.0
0.0
0.0
0.0
0.0
0.0
0.0
0.0
0.0
0.0
0.0
0.0
0.0
0.0
0.0
0.0
0.0
0.0
0.0
0.0
0.0
0.0
0.0
0.0
0.0
0.0
0.0
0.0
0.0
0.0
0.0
0.0
0.0
0.0
0.0
0.0
0.0
0.0
0.0
0.0
0.0
0.0
0.0
0.0
0.0
0.0
0.0
0.0
0.0
0.0
0.0
0.0
0.0
0.0
0.0
0.0
0.0
0.0
0.0
0.0
0.0
0.0
0.0
0.0
0.0
0.0
0.0
0.0
0.0
0.0
0.0
0.0
0.0
0.0
0.0
0.0
0.0
0.0
0.0
0.0
0.0
0.0
0.0
0.0
0.0
0.0
0.0
0.0
0.0
0.0
0.0
0.0
0.0
0.0
0.0
0.0
0.0
0.0
0.0
0.0
0.0
0.0
0.0
0.0
0.0
0.0
0.0
0.0
0.0
0.0
0.0
0.0
0.0
0.0
0.0
0.0
0.0
0.0
0.0
0.0
0.0
0.0
0.0
0.0
0.0
0.0
0.0
0.0
0.0
0.0
0.0
0.0
0.0
0.0
0.0
0.0
0.0
0.0
0.0
0.0
0.0
0.0
0.0
0.0
0.0
0.0
0.0
0.0
0.0
0.0
0.0
0.0
0.0
0.0
0.0
0.0
0.0
0.0
0.0
0.0
0.0
0.0
0.0
0.0
0.0
0.0
0.0
0.0
0.0
0.0
0.0
0.0
0.0
0.0
0.0
0.0
0.0
0.0
0.0
0.0
0.0
0.0
0.0
0.0
0.0
0.0
0.0
0.0
0.0
0.0
0.0
0.0
0.0
0.0
0.0
0.0
0.0
0.0
0.0
0.0
0.0
0.0
0.0
0.0
0.0
0.0
0.0
0.0
0.0
0.0
0.0
0.0
0.0
0.0
0.0
0.0
0.0
0.0
0.0
0.0
0.0
0.0
0.0
0.0
0.0
0.0
0.0
0.0
0.0
0.0
0.0
0.0
0.0
0.0
0.0
0.0
0.0
0.0
0.0
0.0
0.0
0.0
0.0
0.0
0.0
0.0
0.0
0.0
0.0
0.0
0.0
0.0
0.0
0.0
0.0
0.0
0.0
0.0
0.0
0.0
0.0
0.0
0.0
0.0
0.0
0.0
0.0
0.0
0.0
0.0
0.0
0.0
0.0
0.0
0.0
0.0
0.0
0.0
0.0
0.0
0.0
0.0
0.0
0.0
0.0
0.0
0.0
0.0
0.0
0.0
0.0
0.0
0.0
0.0
0.0
0.0
0.0
0.0
0.0
0.0
0.0
0.0
0.0
0.0
0.0
0.0
0.0
0.0
0.0
0.0
0.0
0.0
0.0
0.0
0.0
0.0
0.0
0.0
0.0
0.0
0.0
0.0
0.0
0.0
0.0
0.0
0.0
0.0
0.0
0.0
0.0
0.0
0.0
0.0
0.0
0.0
0.0
