0.0
0.0
0.0
0.0
0.0
0.0
0.0
0.0
0.0
0.0
0.0
0.0
0.0
0.0
0.0
0.0
0.0
0.0
0.0
0.0
0.0
0.0
0.0
0.0
0.0
0.0
0.0
0.0
0.0
0.0
0.0
0.0
0.0
0.0
0.0
0.0
0.0
0.0
0.0
0.0
0.0
0.0
0.0
0.0
0.0
0.0
0.0
0.0
0.0
0.0
0.0
0.0
0.0
0.0
0.0
0.0
0.0
0.0
0.0
0.0
0.0
0.0
0.0
0.0
0.0
0.0
0.0
0.0
0.0
0.0
0.0
0.0
0.0
0.0
0.0
0.0
0.0
0.0
0.0
0.0
0.0
0.0
0.0
0.0
0.0
0.0
0.0
0.0
0.0
0.0
0.0
0.0
0.0
0.0
0.0
0.0
0.0
0.0
0.0
0.0
0.0
0.0
0.0
0.0
0.0
0.0
0.0
0.0
0.0
0.0
0.0
0.0
0.0
0.0
0.0
0.0
0.0
0.0
0.0
0.0
0.0
0.0
0.0
0.0
0.0
0.0
0.0
0.0
0.0
0.0
0.0
0.0
0.0
0.0
0.0
0.0
0.0
0.0
0.0
0.0
0.0
0.0
0.0
0.0
0.0
0.0
0.0
0.0
0.0
0.0
0.0
0.0
0.0
0.0
0.0
0.0
0.0
0.0
0.0
0.0
0.0
0.0
0.0
0.0
0.0
0.0
0.0
0.0
0.0
0.0
0.0
0.0
0.0
0.0
0.0
0.0
0.0
0.0
0.0
0.0
0.0
0.0
0.0
0.0
0.0
0.0
0.0
0.0
0.0
0.0
0.0
0.0
0.0
0.0
0.0
-1.0
0.9
0.0
0.0
0.0
0.0
0.0
-1.0
-1.1
-1.2
-1.2999999999999998
-2.4
-2.5999999999999996
-0.7999999999999998
7.2
0.0
0.0
0.0
0.0
0.0
0.0
0.0
0.0
0.0
0.0
0.0
0.0
0.0
0.0
0.0
0.0
0.0
0.0
0.0
0.0
0.0
0.0
0.0
0.0
0.0
0.0
0.0
0.0
0.0
0.0
0.0
0.0
0.0
0.0
0.0
-1.0
-1.1
1.8
0.0
0.0
0.0
0.0
0.0
0.0
-1.0
-1.1
1.8
0.0
0.0
0.0
0.0
0.0
0.0
0.0
0.0
0.0
0.0
0.0
0.0
0.0
0.0
0.0
0.0
-1.0
-0.09999999999999998
0.9
0.0
0.0
0.0
-1.0
-0.09999999999999998
0.9
0.0
0.0
0.0
0.0
0.0
0.0
0.0
0.0
0.0
0.0
0.0
-1.0
-2.1
-0.2999999999999998
-1.2999999999999998
-1.4
-1.5
-1.5999999999999996
-1.7000000000000002
-0.7999999999999998
7.2
0.0
0.0
0.0
0.0
-1.0
-1.1
-1.2
-1.2999999999999998
-1.4
-1.5
-0.5999999999999996
5.4
0.0
0.0
0.0
0.0
0.0
0.0
0.0
0.0
0.0
0.0
0.0
0.0
0.0
0.0
0.0
0.0
0.0
0.0
0.0
0.0
0.0
0.0
-2.0
-2.2
-2.4
-1.5999999999999996
1.2999999999999998
-2.5
-0.7000000000000002
6.3
0.0
0.0
0.0
0.0
0.0
0.0
0.0
0.0
-1.0
-1.1
-0.19999999999999996
1.8
0.0
-1.0
-1.1
-1.2
-1.2999999999999998
-3.4
-3.7
-3.0
2.8000000000000007
-3.8
-3.0999999999999996
7.700000000000001
-2.4
-0.5999999999999996
3.4000000000000004
-0.19999999999999996
-1.2
-1.2999999999999998
-1.4
-2.5
-2.7
-5.9
-4.4
4.300000000000001
-4.1
-2.4000000000000004
6.5
-0.7000000000000002
-1.7000000000000002
-1.7999999999999998
-1.9000000000000004
-3.0
-3.1999999999999993
-4.4
-3.6999999999999993
6.100000000000001
-3.0999999999999996
-1.299999999999999
11.700000000000001
0.0
0.0
0.0
0.0
0.0
0.0
0.0
0.0
0.0
0.0
0.0
-1.0
-2.1
-1.2999999999999998
0.6000000000000001
-1.2999999999999998
-0.3999999999999999
3.6
0.0
0.0
0.0
0.0
0.0
0.0
0.0
0.0
0.0
0.0
0.0
0.0
-1.0
-1.1
-1.2
-2.3
-1.5
-1.5999999999999996
-2.7
-1.9000000000000004
5.0
-1.4
-1.5
-1.5999999999999996
-2.7
6.1
0.8
-1.1
-1.2
-1.2999999999999998
-1.4
-0.5
3.5
-1.1
-1.2
-1.2999999999999998
-2.4
-0.5999999999999996
5.4
0.0
0.0
0.0
0.0
-2.0
-2.2
-3.4
-3.7
-5.0
-7.4
-8.0
4.400000000000002
-6.899999999999999
-5.399999999999999
-1.6999999999999993
-5.599999999999998
2.1000000000000014
0.6000000000000014
-5.099999999999998
-7.399999999999999
-8.899999999999999
-9.5
-11.100000000000001
7.200000000000003
-7.600000000000001
-7.0
-6.299999999999997
7.5
-5.300000000000001
-5.5
-0.6999999999999957
0.6000000000000014
-6.0
-6.300000000000001
-6.600000000000001
-7.899999999999999
-10.299999999999997
-11.899999999999999
-12.600000000000001
-13.299999999999997
6.0
-12.699999999999996
-12.399999999999999
3.0
-4.0
-13.799999999999997
-0.6000000000000014
4.0
-7.0
-8.199999999999996
-9.5
-1.8999999999999986
-3.5
-11.299999999999997
-10.899999999999999
2.6000000000000014
-14.5
-16.4
-17.39999999999999
-18.39999999999999
-19.39999999999999
-19.39999999999999
17.700000000000003
-14.399999999999991
-15.0
-17.599999999999994
-6.3999999999999915
-5.0
-19.5
-10.5
-8.5
-22.299999999999997
-23.5
-25.700000000000003
-27.0
-6.299999999999983
-16.400000000000006
-24.599999999999994
-24.599999999999994
-18.5
-25.69999999999999
-25.599999999999994
15.599999999999994
-20.0
-17.5
17.30000000000001
-14.399999999999991
-15.599999999999994
-16.89999999999999
-17.299999999999997
-19.700000000000003
-20.299999999999983
24.099999999999994
-18.0
-18.700000000000003
-19.39999999999999
-20.099999999999994
-18.799999999999997
35.70000000000002
-11.299999999999997
-9.5
-9.5
39.5
-5.600000000000001
-6.699999999999996
28.1
-3.5999999999999996
-5.800000000000001
-7.199999999999999
-8.7
-10.3
-10.0
-2.6000000000000014
-9.399999999999999
-7.899999999999999
13.800000000000004
-6.300000000000001
-6.600000000000001
-6.899999999999999
-7.199999999999996
-6.5
24.300000000000004
-3.8000000000000007
-5.0
-6.300000000000001
-7.699999999999999
-10.2
-9.899999999999999
-0.5
-12.100000000000001
-10.899999999999999
12.5
-6.699999999999996
-6.0
-6.199999999999996
-6.399999999999999
-8.600000000000001
-10.0
-3.5
-11.299999999999997
-11.899999999999999
0.5
-12.799999999999997
-11.5
-7.0
-13.0
-11.599999999999994
1.0
10.899999999999999
-6.299999999999997
-7.399999999999999
-8.600000000000001
-7.899999999999999
-9.100000000000001
-12.399999999999999
-13.0
-2.5999999999999943
-14.100000000000001
-13.799999999999997
2.6000000000000085
12.700000000000003
-9.299999999999997
-9.699999999999996
-10.100000000000001
10.5
-1.7999999999999972
-9.5
-4.0
-4.899999999999999
-10.899999999999999
-12.5
-13.199999999999996
-12.899999999999999
12.5
-10.5
-9.0
7.700000000000003
-8.899999999999999
-9.299999999999997
31.300000000000004
-6.0
-6.399999999999999
6.199999999999999
-5.899999999999999
-6.300000000000001
7.300000000000001
-5.699999999999999
-5.099999999999998
0.6000000000000014
-5.099999999999998
-4.399999999999999
8.400000000000002
-4.5
-5.800000000000001
-7.199999999999999
-7.699999999999999
-7.199999999999999
9.399999999999999
-8.3
-8.899999999999999
-1.5
-10.3
-10.0
5.399999999999999
-8.600000000000001
-10.100000000000001
-11.699999999999996
-13.399999999999999
-15.199999999999996
-15.100000000000001
7.1000000000000085
-13.399999999999999
-13.100000000000001
15.299999999999997
-11.399999999999999
-12.0
-4.600000000000001
-13.399999999999999
-14.100000000000001
16.200000000000003
-11.399999999999999
-9.0
13.700000000000003
-6.299999999999997
-5.5
8.399999999999999
-6.300000000000001
-8.600000000000001
-10.100000000000001
-11.699999999999996
-11.399999999999999
9.0
-9.5
-9.0
-9.399999999999999
8.200000000000003
-8.399999999999999
-8.799999999999997
3.8000000000000043
-10.299999999999997
-4.899999999999999
-7.899999999999999
-11.199999999999996
-11.799999999999997
-13.399999999999999
-14.100000000000001
-14.799999999999997
-15.5
-16.200000000000003
-16.89999999999999
-17.599999999999994
-16.299999999999997
25.200000000000003
-13.099999999999994
-12.599999999999994
34.0
-5.699999999999996
-4.799999999999997
-2.799999999999997
-5.600000000000001
-5.699999999999996
-7.799999999999997
-9.100000000000001
-9.5
-5.899999999999999
-10.899999999999999
-9.399999999999999
35.300000000000004
-2.5
-2.5
-2.5
-3.5
-4.599999999999998
-5.800000000000001
-7.099999999999998
-8.5
-7.0
-1.2999999999999972
-7.0
-7.299999999999997
-7.600000000000001
-7.899999999999999
-6.199999999999996
33.7
-2.4000000000000004
-2.5
-3.5999999999999996
-3.8000000000000007
-4.0
-5.199999999999999
-5.5
-4.800000000000001
3.0
-4.399999999999999
-3.599999999999998
14.3
-4.0
-3.299999999999999
-0.5
-4.4
-3.6999999999999993
2.1000000000000014
-2.5
-2.5999999999999996
8.3
-2.7
-2.9000000000000004
-5.1
-6.5
-5.0
2.6999999999999993
-5.800000000000001
-5.199999999999999
12.5
-4.0
-4.299999999999999
-5.6
-7.0
-0.5
-6.300000000000001
-6.699999999999999
-5.099999999999998
7.699999999999999
-3.1999999999999993
-2.3000000000000007
8.7
-2.1999999999999993
-3.299999999999999
-4.5
-4.800000000000001
-3.099999999999998
10.8
-3.9000000000000004
-3.1999999999999993
5.6
-3.7
-2.0
1.9000000000000004
-4.8
4.800000000000001
-1.5999999999999996
-6.7
-7.299999999999999
-6.899999999999999
-12.399999999999999
-11.399999999999999
-0.19999999999999574
-9.799999999999997
-7.399999999999999
-1.6999999999999957
-6.399999999999999
-7.600000000000001
-7.899999999999999
-12.199999999999996
-11.899999999999999
-11.5
-17.0
-17.0
4.1000000000000085
-12.599999999999994
-15.099999999999994
-17.799999999999997
-3.700000000000003
-17.099999999999994
-19.89999999999999
-9.899999999999991
-23.799999999999997
-26.099999999999994
-19.5
-30.099999999999994
-24.69999999999999
-33.599999999999994
-37.29999999999998
-39.19999999999999
-43.099999999999994
-47.19999999999999
-50.5
-54.89999999999998
-58.5
-61.19999999999999
-64.89999999999998
-67.69999999999999
-70.5
-74.30000000000001
-77.19999999999999
-35.099999999999966
-49.5
-73.5
-73.89999999999998
-75.09999999999997
-77.19999999999999
-81.29999999999995
-45.60000000000002
-52.10000000000002
-78.39999999999998
-77.39999999999998
-7.100000000000023
-71.59999999999997
-71.10000000000002
-72.39999999999998
-72.69999999999993
-73.89999999999998
9.899999999999977
-68.80000000000001
-67.10000000000002
-7.100000000000023
-62.0
-63.89999999999998
-67.89999999999998
-47.19999999999999
-39.30000000000001
-70.69999999999999
-56.39999999999998
-46.5
-71.59999999999997
-60.30000000000001
-49.69999999999999
-73.0
-73.69999999999993
-76.29999999999995
-79.0
-80.79999999999995
-82.60000000000002
-84.39999999999998
-86.19999999999993
-89.0
24.100000000000023
-77.29999999999995
-76.79999999999995
-77.10000000000002
24.700000000000045
-69.19999999999993
-70.39999999999998
20.399999999999977
-67.59999999999997
-70.19999999999999
11.100000000000023
-67.30000000000001
-5.199999999999989
-65.69999999999999
-39.69999999999999
-68.89999999999998
-73.09999999999997
-75.5
-79.89999999999998
-82.5
-86.10000000000002
-90.79999999999995
-93.69999999999993
-97.60000000000002
-100.60000000000002
-103.60000000000002
-106.60000000000002
-110.60000000000002
-113.69999999999993
-117.79999999999995
-121.0
-124.19999999999993
-128.39999999999998
-132.69999999999993
-134.10000000000002
-65.29999999999995
-129.29999999999995
-128.10000000000002
41.5
-109.69999999999993
-110.5
-112.19999999999993
46.10000000000002
-99.60000000000002
-100.29999999999995
40.10000000000002
-90.29999999999995
-93.0
-95.79999999999995
-96.69999999999993
-100.5
-102.5
-7.5
-94.79999999999995
-97.60000000000002
-100.5
-102.5
-103.5
-17.399999999999977
-99.5
-100.5
-101.39999999999998
-24.199999999999932
-100.10000000000002
-102.19999999999993
-37.299999999999955
-99.69999999999993
-101.79999999999995
-56.89999999999998
-103.29999999999995
-86.60000000000002
-99.0
-109.60000000000002
-100.10000000000002
-113.39999999999998
-108.89999999999998
-117.69999999999993
-117.19999999999993
-122.39999999999998
-124.89999999999998
-127.39999999999998
-129.89999999999998
-133.39999999999998
-136.0
-138.60000000000002
-139.20000000000005
7.400000000000091
-126.10000000000002
-124.19999999999993
20.100000000000023
-109.0
-108.29999999999995
-108.39999999999998
12.600000000000023
-100.19999999999993
-103.39999999999998
0.20000000000004547
-96.69999999999993
-98.19999999999993
-26.699999999999932
-93.89999999999998
-68.39999999999998
-67.19999999999993
-94.0
-82.60000000000002
-94.89999999999998
-96.39999999999998
-100.89999999999998
-103.69999999999993
-106.60000000000002
-15.600000000000023
-99.29999999999995
-98.10000000000002
-85.60000000000002
-97.69999999999993
-99.0
64.70000000000005
-86.10000000000002
-86.5
-87.79999999999995
61.89999999999998
-76.29999999999995
-77.69999999999993
71.89999999999998
-69.39999999999998
-71.19999999999999
62.0
-65.30000000000001
-63.5
-58.30000000000001
-71.39999999999998
-68.69999999999999
-77.5
-81.0
-85.60000000000002
-88.39999999999998
-62.19999999999993
-55.10000000000002
-88.29999999999995
-89.89999999999998
-93.39999999999998
-96.0
-99.60000000000002
-99.29999999999995
37.30000000000007
-85.19999999999993
-87.10000000000002
-89.0
25.100000000000023
-80.19999999999993
-85.0
-27.100000000000023
-84.19999999999993
-87.39999999999998
-89.69999999999993
-95.0
-99.60000000000002
-103.39999999999998
-20.299999999999955
-99.60000000000002
-100.39999999999998
-60.0
-103.29999999999995
-108.10000000000002
-10.100000000000023
-103.0
-104.89999999999998
-106.69999999999993
-12.399999999999977
-100.39999999999998
-101.89999999999998
-62.299999999999955
-52.5
-95.89999999999998
-20.899999999999977
-91.19999999999993
-59.10000000000002
-56.60000000000002
-91.0
-62.0
-58.89999999999998
-61.60000000000002
-65.69999999999993
-75.29999999999995
-72.89999999999998
-94.19999999999993
-65.60000000000002
-95.89999999999998
-73.29999999999995
-99.19999999999993
-101.69999999999993
-102.19999999999993
-12.5
-94.60000000000002
-95.60000000000002
-96.5
-97.29999999999995
-100.0
-99.79999999999995
41.60000000000002
-88.69999999999993
-88.29999999999995
-93.69999999999993
20.5
-87.69999999999993
-93.69999999999993
-56.10000000000002
-96.5
-101.10000000000002
-70.89999999999998
-107.39999999999998
-112.60000000000002
-117.0
-124.5
-128.39999999999998
-133.29999999999995
-137.29999999999995
-143.29999999999995
-147.5
-150.69999999999993
-91.79999999999995
-149.60000000000002
-149.39999999999986
-79.79999999999995
-143.89999999999986
-143.79999999999995
-3.3999999999998636
-132.69999999999993
-135.10000000000002
-137.5
-2.8999999999998636
-127.60000000000002
-132.89999999999998
-14.5
-127.0
-130.69999999999993
-15.5
-127.5
-36.60000000000002
-124.29999999999995
-87.39999999999998
-71.5
-120.10000000000002
-38.799999999999955
-118.10000000000002
-41.89999999999998
-117.79999999999995
-68.79999999999995
-122.60000000000002
-75.0
-124.29999999999995
-127.69999999999993
-131.10000000000002
-134.5
-93.89999999999998
-133.89999999999998
-138.0
-46.19999999999993
-132.89999999999998
-134.89999999999998
-138.79999999999995
-52.799999999999955
-137.89999999999998
-144.10000000000002
-111.60000000000002
-106.5
-152.89999999999998
-120.0
-132.39999999999986
-131.0
-136.29999999999995
-163.0
-127.20000000000005
-169.39999999999986
-173.79999999999995
-180.20000000000005
-184.79999999999995
-191.39999999999986
-47.200000000000045
-183.0999999999999
-187.5999999999999
-190.0999999999999
-50.399999999999864
-181.29999999999995
-184.29999999999995
-60.200000000000045
-182.29999999999995
-188.5
-80.89999999999986
-188.0999999999999
-90.70000000000005
-187.0999999999999
-102.70000000000005
-188.39999999999986
-193.0999999999999
-111.79999999999995
-195.89999999999986
-147.79999999999995
-204.39999999999986
-200.70000000000005
-215.0999999999999
-220.5
-226.89999999999986
-234.39999999999986
-242.0999999999999
-246.0
-98.70000000000005
-238.0999999999999
-239.39999999999986
-130.29999999999995
-230.79999999999995
-233.0
-238.0
-131.0999999999999
-229.0999999999999
-229.5999999999999
-134.79999999999995
-224.20000000000005
-227.20000000000005
-230.20000000000005
-235.20000000000005
-239.39999999999986
-242.70000000000005
-134.0
-237.0999999999999
-237.29999999999995
-219.20000000000005
-242.0
-246.0
-98.09999999999991
-241.0999999999999
-246.5999999999999
-255.29999999999995
-114.5
-252.20000000000005
-259.70000000000005
-133.5
-260.20000000000005
-199.39999999999986
-201.0
-264.89999999999986
-206.29999999999995
-204.29999999999995
-264.20000000000005
-206.20000000000005
-203.89999999999986
-213.5
-204.20000000000005
-223.0
-205.79999999999995
-225.79999999999995
-212.89999999999986
-232.5999999999999
-219.29999999999995
-235.5
-226.29999999999995
-276.0
-244.5999999999999
-206.5
-283.39999999999986
-222.19999999999982
-288.2999999999997
-267.0999999999999
-264.1999999999998
-278.6999999999998
-271.4000000000001
-289.0
-280.0999999999999
-302.9000000000001
-318.6999999999998
-312.5999999999999
-332.2999999999997
-326.5
-341.5
-337.5
-353.5
-360.5999999999999
-366.7999999999997
-281.0
-280.0
-363.1999999999998
-368.0
-371.6999999999998
-375.1999999999998
-382.5
-383.0
-200.0
-369.1999999999998
-371.6999999999998
-376.0
-198.29999999999973
-362.4000000000001
-365.2999999999997
-198.0999999999999
-354.7999999999997
-357.5
-234.0999999999999
-354.0
-249.79999999999973
-349.7999999999997
-354.5
-253.29999999999973
-354.5999999999999
-314.6999999999998
-363.4000000000001
-369.0
-373.6999999999998
-212.4000000000001
-364.5
-367.0
-371.2999999999997
-227.5999999999999
-365.0999999999999
-371.4000000000001
-233.9000000000001
-370.1999999999998
-375.0999999999999
-243.0
-374.1999999999998
-318.4000000000001
-326.5
-385.5
-277.4000000000001
-386.9000000000001
-392.9000000000001
-397.9000000000001
-404.7999999999997
-410.7999999999997
-310.7999999999997
-407.1999999999998
-407.6999999999998
-222.69999999999982
-394.6999999999998
-397.2999999999997
-400.6999999999998
-315.0
-312.2999999999997
-396.7999999999997
-314.1999999999998
-313.9000000000001
-396.0
-230.69999999999982
-388.4000000000001
-308.0999999999999
-306.2999999999997
-300.6999999999998
-301.9000000000001
-299.5999999999999
-378.4000000000001
-301.4000000000001
-298.1999999999998
-295.0
-290.7999999999997
-290.5
-288.5
-286.5999999999999
-360.7999999999997
-293.6999999999998
-291.4000000000001
-236.0999999999999
-354.5
-243.5
-316.9000000000001
-314.2999999999997
-330.2999999999997
-338.7999999999997
-363.9000000000001
-336.1999999999998
-370.1999999999998
-345.4000000000001
-373.5999999999999
-380.4000000000001
-380.4000000000001
-389.9000000000001
-390.9000000000001
-399.5
-402.5
-410.2999999999997
-414.4000000000001
-419.4000000000001
-336.4000000000001
-333.5999999999999
-413.9000000000001
-417.5999999999999
-419.1999999999998
-422.5
-426.6999999999998
-343.9000000000001
-340.4000000000001
-417.0
-416.6999999999998
-421.0
-421.4000000000001
-425.5
-425.6999999999998
-246.5999999999999
-412.2999999999997
-415.0999999999999
-418.9000000000001
-249.79999999999973
-409.5
-416.5999999999999
-264.0999999999999
-411.0
-350.7999999999997
-345.1999999999998
-410.2999999999997
-301.1999999999998
-408.7999999999997
-306.9000000000001
-408.4000000000001
-412.6999999999998
-364.0
-417.0
-423.4000000000001
-430.0
-399.7999999999997
-437.0999999999999
-443.0
-262.0
-433.4000000000001
-435.2999999999997
-438.9000000000001
-262.4000000000001
-426.7999999999997
-431.0
-259.1999999999998
-418.7999999999997
-422.6999999999998
-254.5999999999999
-410.2999999999997
-244.9000000000001
-396.5999999999999
-397.7999999999997
-236.79999999999973
-383.4000000000001
-223.0
-368.2999999999997
-210.5
-353.6999999999998
-197.5999999999999
-342.6999999999998
-343.6999999999998
-192.5999999999999
-332.1999999999998
-186.0999999999999
-322.1999999999998
-177.19999999999982
-312.5
-171.5999999999999
-304.4000000000001
-162.69999999999982
-294.5999999999999
-170.9000000000001
-252.5999999999999
-255.5
-230.79999999999973
-285.6999999999998
-232.4000000000001
-285.5
-233.19999999999982
-259.4000000000001
-259.5
-239.5999999999999
-283.6999999999998
-283.4000000000001
-287.7999999999997
-290.4000000000001
-291.0
-107.40000000000009
-276.1999999999998
-277.5
-281.6999999999998
-109.09999999999991
-271.0
-272.5999999999999
-187.0999999999999
-184.79999999999973
-262.9000000000001
-99.40000000000009
-251.29999999999995
-168.79999999999973
-166.79999999999995
-240.20000000000005
-81.5
-230.70000000000005
-231.20000000000005
-233.5
-236.79999999999995
-238.20000000000005
-72.5
-227.0
-226.39999999999986
-77.5
-213.5
-212.39999999999986
-165.0
-209.70000000000005
-211.20000000000005
-49.700000000000045
-195.89999999999986
-198.20000000000005
-46.59999999999991
-192.70000000000005
-194.79999999999995
-196.89999999999986
-47.0
-188.89999999999986
-193.29999999999995
-127.89999999999986
-115.70000000000005
-187.70000000000005
-50.399999999999864
-183.0999999999999
-133.20000000000005
-142.0
-188.89999999999986
-124.59999999999991
-192.5
-137.5
-196.5999999999999
-181.79999999999995
-201.0999999999999
-207.0999999999999
-210.29999999999995
-215.39999999999986
-218.5999999999999
-223.70000000000005
-226.89999999999986
-232.0
-236.20000000000005
-239.39999999999986
-243.5
-247.5999999999999
-251.70000000000005
-256.79999999999995
-261.0
-266.20000000000005
-270.5
-274.7999999999997
-280.0999999999999
-285.5
-290.0
-294.5
-301.0
-305.6999999999998
-311.4000000000001
-317.1999999999998
-323.0999999999999
-330.0999999999999
-333.2999999999997
-157.29999999999973
-323.1999999999998
-327.0
-329.6999999999998
-178.19999999999982
-323.0999999999999
-326.5999999999999
-214.0
-323.6999999999998
-277.0999999999999
-325.4000000000001
-327.5999999999999
-333.5999999999999
-337.7999999999997
-168.0
-327.7999999999997
-332.9000000000001
-339.0999999999999
-169.5
-331.5
-336.0
-253.5
-249.29999999999973
-328.0999999999999
-175.19999999999982
-322.5999999999999
-257.9000000000001
-255.29999999999973
-325.6999999999998
-264.4000000000001
-273.5
-275.6999999999998
-279.1999999999998
-280.0999999999999
-284.0999999999999
-323.5
-283.7999999999997
-345.6999999999998
-325.7999999999997
-355.2999999999997
-343.4000000000001
-366.6999999999998
-363.9000000000001
-375.1999999999998
-380.0999999999999
-384.9000000000001
-389.5999999999999
-394.1999999999998
-400.6999999999998
-216.29999999999973
-393.9000000000001
-398.5999999999999
-403.1999999999998
-220.69999999999982
-395.4000000000001
-399.9000000000001
-311.2999999999997
-305.2999999999997
-392.0999999999999
-213.0
-381.5
-203.19999999999982
-368.5999999999999
-372.9000000000001
-199.19999999999982
-359.6999999999998
-274.5999999999999
-270.5999999999999
-348.6999999999998
-180.0999999999999
-339.2999999999997
-173.79999999999973
-330.4000000000001
-250.0
-249.19999999999982
-253.79999999999973
-242.29999999999973
-253.0
-239.19999999999982
-251.29999999999973
-317.0
-321.5
-326.0
-329.5
-196.9000000000001
-324.5999999999999
-325.0
-154.0
-317.5
-317.6999999999998
-281.5
-322.2999999999997
-283.1999999999998
-324.7999999999997
-332.5999999999999
-335.7999999999997
-337.9000000000001
-185.79999999999973
-327.0999999999999
-329.6999999999998
-330.1999999999998
-336.4000000000001
-334.9000000000001
-338.9000000000001
-193.0
-327.1999999999998
-330.0
-338.7999999999997
-342.1999999999998
-260.5999999999999
-347.5
-332.5999999999999
-310.7999999999997
-359.5999999999999
-301.2999999999997
-368.6999999999998
-376.0
-381.5
-388.0
-391.5999999999999
-396.0
-403.2999999999997
-409.7999999999997
-415.4000000000001
-417.0
-237.19999999999982
-408.9000000000001
-412.0999999999999
-415.0999999999999
-242.9000000000001
-405.0
-408.5999999999999
-241.0999999999999
-401.4000000000001
-322.0
-318.1999999999998
-399.4000000000001
-236.0999999999999
-388.0
-391.2999999999997
-233.5
-380.5
-224.4000000000001
-370.2999999999997
-296.0
-293.9000000000001
-293.0
-290.4000000000001
-286.9000000000001
-360.4000000000001
-213.5999999999999
-353.6999999999998
-211.9000000000001
-349.5
-219.9000000000001
-344.9000000000001
-288.2999999999997
-282.5999999999999
-344.5
-245.79999999999973
-342.7999999999997
-266.0999999999999
-344.2999999999997
-272.6999999999998
-345.5
-328.9000000000001
-318.1999999999998
-356.1999999999998
-333.9000000000001
-365.9000000000001
-350.9000000000001
-372.9000000000001
-378.7999999999997
-384.7999999999997
-387.9000000000001
-208.79999999999973
-379.2999999999997
-382.1999999999998
-385.9000000000001
-389.5
-394.0
-396.5
-218.79999999999973
-383.9000000000001
-386.9000000000001
-386.7999999999997
-211.29999999999973
-368.9000000000001
-367.6999999999998
-200.0999999999999
-354.5
-359.7999999999997
-193.4000000000001
-347.0999999999999
-184.5999999999999
-336.5999999999999
-263.1999999999998
-259.1999999999998
-337.2999999999997
-185.69999999999982
-331.5999999999999
-178.29999999999973
-325.2999999999997
-175.19999999999982
-316.6999999999998
-173.5
-308.5999999999999
-178.29999999999973
-303.5999999999999
-236.4000000000001
-293.0999999999999
-303.7999999999997
-244.29999999999973
-311.5
-303.6999999999998
-317.6999999999998
-320.7999999999997
-325.7999999999997
-328.9000000000001
-332.9000000000001
-336.9000000000001
-340.9000000000001
-343.9000000000001
-344.7999999999997
-164.4000000000001
-330.5999999999999
-328.9000000000001
-227.69999999999982
-318.0999999999999
-319.2999999999997
-226.4000000000001
-311.0
-220.79999999999973
-306.4000000000001
-219.29999999999973
-302.2999999999997
-301.2999999999997
-217.0
-213.0999999999999
-291.5
-208.4000000000001
-203.79999999999973
-280.4000000000001
-201.29999999999973
-194.0999999999999
-188.79999999999973
-182.5999999999999
-175.4000000000001
-248.0999999999999
-175.69999999999982
-167.9000000000001
-165.89999999999986
-159.29999999999995
-156.5999999999999
-151.20000000000005
-151.79999999999995
-145.0
-215.0
-74.5
-207.70000000000005
-85.39999999999986
-146.5999999999999
-145.89999999999986
-154.39999999999986
-150.0
-160.29999999999995
-147.79999999999995
-173.0999999999999
-133.0999999999999
-195.0
-150.39999999999986
-198.0
-157.5
-200.5999999999999
-173.0999999999999
-199.5
-207.5
-211.0
-214.5
-217.0
-123.39999999999986
-210.0999999999999
-209.0999999999999
-22.700000000000045
-190.39999999999986
-191.5
-193.5
-107.5
-100.70000000000005
-182.89999999999986
-98.0
-94.39999999999986
-173.0999999999999
-92.29999999999995
-89.20000000000005
-107.39999999999986
-82.0
-105.39999999999986
-154.70000000000005
-58.200000000000045
-151.79999999999995
-55.5
-147.29999999999995
-101.0
-148.79999999999995
-107.59999999999991
-152.0
-155.0
-160.0
-164.20000000000005
-163.5
3.6000000000001364
-151.29999999999995
-152.0999999999999
-154.70000000000005
-2.2999999999999545
-142.39999999999986
-145.79999999999995
-0.2999999999999545
-138.0
-89.69999999999993
-140.29999999999995
-143.20000000000005
-147.0999999999999
-150.0999999999999
-98.09999999999991
-149.5999999999999
-150.5
23.799999999999955
-136.19999999999993
-138.69999999999993
-141.20000000000005
-77.70000000000005
-58.59999999999991
-134.0
-66.5
-72.0
-125.5
-74.69999999999993
-71.60000000000002
-122.5
-37.799999999999955
-118.39999999999998
-58.69999999999993
-116.79999999999995
-119.10000000000002
-83.39999999999998
-120.89999999999998
-95.29999999999995
-120.89999999999998
-109.10000000000002
-119.89999999999998
-119.69999999999993
-129.29999999999995
-131.69999999999993
-52.10000000000002
-86.29999999999995
-127.5
-130.0
-132.5
-135.0
-139.5
-142.20000000000005
30.100000000000136
-130.10000000000002
-128.79999999999995
-12.100000000000023
-114.5
-115.10000000000002
-115.60000000000002
-9.0
-108.60000000000002
-110.10000000000002
-72.60000000000002
-71.19999999999993
-113.89999999999998
-44.10000000000002
-111.10000000000002
-113.29999999999995
-77.5
-114.89999999999998
-91.19999999999993
-116.89999999999998
-120.19999999999993
-122.60000000000002
-127.0
-128.60000000000002
-60.10000000000002
-126.5
-125.0
17.899999999999977
-109.69999999999993
-110.29999999999995
54.200000000000045
-92.69999999999993
-93.79999999999995
-92.89999999999998
46.200000000000045
-89.69999999999993
-92.5
35.60000000000002
-89.29999999999995
-93.79999999999995
-6.5
-94.19999999999993
-44.299999999999955
-97.10000000000002
-100.39999999999998
-104.69999999999993
-109.10000000000002
-113.60000000000002
-118.19999999999993
-121.89999999999998
-125.60000000000002
-128.29999999999995
-131.89999999999998
-136.5
-141.19999999999993
-146.0
-150.89999999999998
-152.89999999999986
-69.70000000000005
-148.79999999999995
-149.29999999999995
-30.5
-137.5
-138.0999999999999
-141.5
-49.0
-139.0
-141.70000000000005
-92.39999999999986
-107.89999999999986
-143.20000000000005
-85.09999999999991
-144.89999999999986
-148.0
-95.09999999999991
-148.5999999999999
-124.70000000000005
-123.09999999999991
-152.29999999999995
-158.39999999999986
-162.79999999999995
-166.29999999999995
2.2000000000000455
-157.0999999999999
-159.70000000000005
-162.20000000000005
-22.59999999999991
-154.70000000000005
-156.0999999999999
-26.299999999999955
-148.20000000000005
-95.29999999999995
-91.79999999999995
-144.20000000000005
-46.09999999999991
-139.89999999999998
-92.79999999999995
-102.69999999999993
-96.79999999999995
-109.39999999999998
-142.39999999999998
-92.69999999999993
-143.69999999999993
-114.0
-148.0
-129.39999999999986
-153.5999999999999
-158.0999999999999
-161.70000000000005
-165.29999999999995
-74.89999999999986
-163.0999999999999
-163.70000000000005
-8.0
-152.39999999999986
-156.5
-157.70000000000005
-26.700000000000045
-153.29999999999995
-157.5999999999999
-32.0
-152.5
-157.0
-38.59999999999991
-152.0
-94.59999999999991
-99.09999999999991
-125.29999999999995
-117.29999999999995
-130.39999999999986
-119.79999999999995
-154.0
-157.5999999999999
-139.20000000000005
-163.5999999999999
-168.29999999999995
-173.0999999999999
-177.0
-180.89999999999986
-184.79999999999995
-186.70000000000005
-31.399999999999864
-175.20000000000005
-176.5999999999999
-177.79999999999995
-178.79999999999995
-180.5999999999999
-182.29999999999995
-95.89999999999986
-175.5999999999999
-173.89999999999986
-45.799999999999955
-160.70000000000005
-163.20000000000005
-163.79999999999995
-167.29999999999995
-56.0
-164.39999999999986
-169.5999999999999
-65.09999999999991
-167.89999999999986
-122.79999999999995
-139.89999999999986
-171.89999999999986
-138.0999999999999
-174.5999999999999
-161.79999999999995
-172.39999999999986
-183.89999999999986
-188.29999999999995
-193.79999999999995
-198.5
-184.29999999999995
-206.29999999999995
-208.29999999999995
-39.09999999999991
-195.5999999999999
-199.0999999999999
-202.5999999999999
-37.09999999999991
-189.70000000000005
-190.89999999999986
-25.899999999999864
-178.0999999999999
-178.89999999999986
-17.5
-169.70000000000005
-103.5
-87.39999999999986
-163.0999999999999
-38.899999999999864
-157.0
-38.899999999999864
-151.70000000000005
-98.70000000000005
-99.09999999999991
-151.79999999999995
-75.0
-152.20000000000005
-90.59999999999991
-152.5
-111.89999999999986
-154.89999999999986
-139.29999999999995
-137.79999999999995
-162.0
-166.5
-171.0999999999999
-174.79999999999995
-178.5
2.7999999999999545
-164.39999999999986
-165.79999999999995
-167.0
-82.0
-74.20000000000005
-157.20000000000005
-72.09999999999991
-64.20000000000005
-142.0999999999999
-7.399999999999864
-135.0
-137.5
-32.0
-131.69999999999993
-44.19999999999993
-128.69999999999993
-131.29999999999995
-134.89999999999998
-139.60000000000002
-141.5
-25.299999999999955
-133.19999999999993
-133.79999999999995
-23.199999999999932
-125.29999999999995
-94.5
-124.39999999999998
-95.39999999999998
-126.29999999999995
-129.39999999999998
-134.60000000000002
-141.10000000000002
-90.0
-99.5
-143.19999999999993
-145.39999999999986
-149.5
-151.70000000000005
-156.79999999999995
-159.0999999999999
-18.299999999999955
-149.0999999999999
-151.0999999999999
-154.0
-30.899999999999864
-149.20000000000005
-153.29999999999995
-82.5
-154.29999999999995
-148.70000000000005
-152.20000000000005
-166.79999999999995
-170.5999999999999
-173.39999999999986
-19.09999999999991
-164.0
-166.5999999999999
-168.0999999999999
-30.399999999999864
-159.5999999999999
-164.79999999999995
-42.200000000000045
-160.0
-38.5
-154.5
-158.0
-102.5
-160.0999999999999
-164.70000000000005
-153.39999999999986
-170.5999999999999
-174.29999999999995
-178.0
-181.70000000000005
-184.39999999999986
-189.0
-192.70000000000005
-197.39999999999986
-200.20000000000005
-204.89999999999986
-208.70000000000005
-212.5
-60.299999999999955
-200.5
-199.89999999999986
-39.899999999999864
-183.5999999999999
-184.0
-184.20000000000005
-113.20000000000005
-107.89999999999986
-176.5999999999999
-44.700000000000045
-166.39999999999986
-167.39999999999986
-61.299999999999955
-164.39999999999986
-167.70000000000005
-62.09999999999991
-162.70000000000005
-59.200000000000045
-158.0999999999999
-159.70000000000005
-164.20000000000005
-167.89999999999986
-168.70000000000005
-49.299999999999955
-159.70000000000005
-159.0999999999999
-137.20000000000005
-158.89999999999986
-161.79999999999995
6.2000000000000455
-150.79999999999995
-153.0
-157.20000000000005
-80.59999999999991
-76.09999999999991
-149.70000000000005
-152.20000000000005
-16.700000000000045
-144.39999999999986
-12.0
-137.10000000000002
-140.79999999999995
-59.59999999999991
-138.0
-81.79999999999995
-137.69999999999993
-88.5
-137.10000000000002
-140.79999999999995
-142.5999999999999
-145.29999999999995
-148.0
-150.70000000000005
-153.39999999999986
-157.0999999999999
-159.89999999999986
-161.70000000000005
-165.39999999999986
-169.20000000000005
-172.0999999999999
-175.0
-178.89999999999986
-181.89999999999986
-184.89999999999986
-185.89999999999986
-189.70000000000005
-190.5999999999999
-192.29999999999995
-194.89999999999986
-197.5
-198.0999999999999
-28.5
-182.70000000000005
-181.79999999999995
-181.5999999999999
-183.20000000000005
-183.79999999999995
-181.29999999999995
4.600000000000136
-161.79999999999995
-162.5999999999999
-162.39999999999986
-1.099999999999909
-149.5999999999999
-151.5
-11.5
-141.39999999999986
-86.59999999999991
-74.20000000000005
-135.0
-60.399999999999864
-130.20000000000005
-103.59999999999991
-130.20000000000005
-131.5999999999999
-133.0
-134.39999999999986
-135.79999999999995
-136.20000000000005
14.5
-119.60000000000002
-119.5
-120.29999999999995
-122.10000000000002
-121.0
34.299999999999955
-109.79999999999995
-108.79999999999995
-108.60000000000002
39.700000000000045
-97.10000000000002
-100.0
-28.100000000000023
-21.899999999999977
-88.69999999999993
53.200000000000045
-77.60000000000002
-10.799999999999955
-3.199999999999932
0.6000000000000227
-62.80000000000001
-65.09999999999997
1.5
-61.099999999999966
-33.5
-62.0
-36.5
-62.30000000000001
-51.80000000000001
-65.09999999999997
-68.69999999999999
-70.5
-70.30000000000001
-27.899999999999977
-66.09999999999997
-65.39999999999998
22.5
36.30000000000001
-46.30000000000001
-48.0
-47.80000000000001
37.5
2.400000000000034
-40.0
3.0
-6.599999999999994
-37.5
-38.69999999999999
-39.900000000000006
-40.099999999999966
33.80000000000001
-31.799999999999983
-33.599999999999994
-4.5
-33.400000000000006
-33.400000000000006
28.700000000000017
-25.900000000000006
-26.5
-27.099999999999994
-27.69999999999999
-29.299999999999983
-29.0
28.400000000000006
-22.400000000000006
-21.799999999999983
49.900000000000006
-17.200000000000003
-18.700000000000003
-22.299999999999997
-24.200000000000003
-25.19999999999999
-27.19999999999999
-22.299999999999983
-28.799999999999983
-27.900000000000006
34.20000000000002
-19.400000000000006
-16.900000000000006
5.900000000000006
-16.0
-15.299999999999997
46.5
-11.5
-12.899999999999991
-13.399999999999991
-13.899999999999991
-12.399999999999991
36.3
-5.100000000000001
-5.100000000000001
-5.100000000000001
32.9
-1.299999999999999
-1.299999999999999
10.700000000000001
-1.1
-2.2
-2.4
-3.5999999999999996
-4.9
-3.299999999999999
0.5
-6.299999999999999
-4.800000000000001
7.900000000000002
-3.0999999999999996
-1.299999999999999
8.700000000000001
-0.2999999999999998
-0.2999999999999998
-2.3
-2.5
-4.7
-5.1
-5.5
-3.8999999999999986
8.900000000000002
-1.0
-1.0
-2.0
-2.0999999999999996
-2.1999999999999993
-2.299999999999999
-5.4
-7.800000000000001
-10.399999999999999
-11.2
-11.0
8.300000000000004
-7.399999999999999
-5.799999999999997
-6.0
-6.199999999999996
-6.399999999999999
3.3999999999999986
-11.799999999999997
-13.600000000000001
-13.5
-7.299999999999997
-12.399999999999999
-14.0
-14.700000000000003
-15.399999999999991
-15.099999999999994
13.299999999999997
-11.399999999999991
-11.799999999999997
-15.200000000000003
-15.899999999999991
-15.599999999999994
-0.20000000000000284
-15.200000000000003
-8.799999999999997
-9.700000000000003
-15.700000000000003
-15.299999999999997
19.200000000000003
-12.799999999999997
-14.299999999999997
-14.899999999999991
-16.5
-19.200000000000003
11.900000000000006
-18.799999999999997
-20.799999999999997
-21.89999999999999
-24.0
-25.200000000000003
-28.400000000000006
-29.799999999999983
4.800000000000011
-27.0
-27.19999999999999
-27.299999999999983
-28.299999999999983
-31.299999999999983
-30.5
-5.5
-27.900000000000006
-28.69999999999999
37.5
-21.599999999999994
-22.19999999999999
-23.799999999999983
-26.5
-28.400000000000006
-6.400000000000006
-28.099999999999994
-27.099999999999994
4.099999999999994
-22.5
-23.0
-24.5
-25.099999999999994
-26.69999999999999
-29.400000000000006
9.700000000000017
-27.19999999999999
-28.099999999999994
-29.0
-29.900000000000006
-31.799999999999983
9.200000000000017
-20.599999999999994
-26.69999999999999
-27.400000000000006
-28.099999999999994
-29.799999999999983
-30.599999999999994
-30.400000000000006
8.900000000000006
-29.799999999999983
-30.69999999999999
-31.599999999999994
1.5
-32.0
-34.099999999999994
-1.299999999999983
-33.099999999999994
-34.29999999999998
-37.5
-38.900000000000006
-40.29999999999998
-39.69999999999999
36.10000000000002
-32.400000000000006
-31.400000000000006
13.800000000000011
-25.400000000000006
-24.900000000000006
-5.299999999999983
-25.69999999999999
-26.299999999999983
-20.900000000000006
-32.900000000000006
-33.099999999999994
22.80000000000001
-26.599999999999994
-25.400000000000006
-25.0
5.5
-22.900000000000006
-23.400000000000006
-4.900000000000006
-22.5
-24.0
-10.599999999999994
-25.799999999999983
-22.599999999999994
-27.0
-27.799999999999983
-29.599999999999994
-30.5
-31.400000000000006
-32.29999999999998
-35.19999999999999
-35.29999999999998
2.700000000000017
-30.400000000000006
-32.099999999999994
-32.900000000000006
-35.69999999999999
-37.69999999999999
47.20000000000002
15.700000000000017
-23.69999999999999
-23.400000000000006
-24.0
-24.599999999999994
-26.19999999999999
-26.900000000000006
0.4000000000000057
-27.5
-27.400000000000006
-26.19999999999999
-29.799999999999983
-30.69999999999999
29.400000000000006
-25.400000000000006
-28.19999999999999
-31.19999999999999
-32.400000000000006
-34.599999999999994
-35.900000000000006
49.80000000000001
-28.799999999999983
-27.0
10.099999999999994
-20.0
-18.400000000000006
-19.599999999999994
-12.900000000000006
-9.5
-21.799999999999983
-16.400000000000006
-14.400000000000006
-24.19999999999999
-25.0
-26.799999999999983
-30.69999999999999
-32.900000000000006
-34.19999999999999
-35.5
-34.79999999999998
18.099999999999994
-28.599999999999994
-27.400000000000006
-20.0
-26.799999999999983
22.700000000000017
-23.799999999999983
-24.400000000000006
-26.0
-26.69999999999999
20.599999999999994
-23.299999999999983
-24.0
8.300000000000011
-22.099999999999994
-22.799999999999983
2.5
-21.599999999999994
-22.299999999999983
-23.0
-23.69999999999999
-24.400000000000006
-25.099999999999994
-23.799999999999983
42.70000000000002
-18.099999999999994
-18.599999999999994
-19.099999999999994
-19.599999999999994
-19.099999999999994
43.5
-14.599999999999994
-15.099999999999994
-16.599999999999994
-17.200000000000003
-18.799999999999997
-18.5
-4.099999999999994
-18.200000000000003
-17.799999999999997
16.700000000000003
-14.299999999999997
11.299999999999997
-10.5
-10.700000000000003
-9.899999999999991
70.0
-2.0999999999999996
-2.1999999999999993
-3.299999999999999
-3.5
-1.6999999999999993
15.3
0.0
0.0
0.0
0.0
-1.0
-2.1
-2.3
-2.5
-2.7
-2.9000000000000004
-1.0999999999999996
9.9
0.0
0.0
0.0
0.0
0.0
0.0
-1.0
-1.1
-1.2
-1.2999999999999998
-0.3999999999999999
3.6
0.0
0.0
0.0
0.0
0.0
0.0
0.0
0.0
0.0
0.0
-1.0
-1.1
-1.2
-1.2999999999999998
1.6
-1.2
-1.2999999999999998
-1.4
-1.5
-0.5999999999999996
5.4
0.0
0.0
0.0
0.0
-1.0
-1.1
-1.2
-1.2999999999999998
-1.4
-2.5
0.2999999999999998
5.4
0.0
0.0
0.0
0.0
-1.0
-1.1
-2.2
-2.4
-2.5999999999999996
-2.8
-2.0
4.9
-0.5
-0.5
-0.5
-0.5
-0.5
-1.5
-1.5999999999999996
-1.7000000000000002
-1.7999999999999998
-1.9000000000000004
-1.0
9.0
0.0
0.0
-1.0
-1.1
-0.19999999999999996
1.8
0.0
0.0
-1.0
-1.1
-0.19999999999999996
1.8
0.0
0.0
0.0
0.0
0.0
0.0
-1.0
-1.1
-1.2
-1.2999999999999998
-1.4
-1.5
-1.5999999999999996
-0.7000000000000002
6.3
0.0
0.0
0.0
0.0
0.0
-1.0
-1.1
-1.2
-1.2999999999999998
-1.4
-0.5
4.5
0.0
0.0
0.0
0.0
-1.0
-2.1
-2.3
-2.5
1.2999999999999998
-3.5
-2.8
0.0
-2.9000000000000004
-1.0999999999999996
7.9
-1.2
-1.2999999999999998
-1.4
-2.5
-0.7000000000000002
6.3
0.0
0.0
0.0
0.0
0.0
0.0
0.0
0.0
0.0
0.0
0.0
0.0
0.0
0.0
0.0
0.0
0.0
-1.0
-1.1
-0.19999999999999996
1.8
-1.0
0.9
0.0
0.0
-1.0
-1.1
-1.2
-1.2999999999999998
-1.4
-1.5
-0.5999999999999996
5.4
0.0
-1.0
-1.1
-1.2
-0.2999999999999998
2.7
-1.0
-1.1
-1.2
-1.2999999999999998
-1.4
-2.5
-2.7
-1.9000000000000004
5.0
-1.4
-0.5
4.5
-1.0
-1.1
-1.2
-1.2999999999999998
-1.4
-1.5
-3.5999999999999996
4.1
-3.4
-3.7
-2.0
6.9
-0.2999999999999998
-0.2999999999999998
-0.2999999999999998
-0.2999999999999998
-1.2999999999999998
-1.4
-2.5
-2.7
-3.9000000000000004
-4.199999999999999
-2.5
7.4
-1.7000000000000002
-1.7999999999999998
-2.9000000000000004
-3.0999999999999996
-5.299999999999999
-6.699999999999999
-8.2
-0.8000000000000007
-7.599999999999998
-8.099999999999998
-6.600000000000001
13.100000000000001
-3.1999999999999993
-3.3000000000000007
4.600000000000001
-3.6999999999999993
-3.8999999999999986
-6.099999999999998
-7.5
-7.0
4.600000000000001
-6.599999999999998
-6.0
16.7
-1.299999999999999
-1.299999999999999
-1.299999999999999
-1.299999999999999
-3.299999999999999
-4.5
-4.800000000000001
-6.099999999999998
-7.5
-8.0
-6.5
17.200000000000003
-3.6999999999999993
-4.899999999999999
-5.199999999999999
-5.5
-5.800000000000001
-5.099999999999998
14.7
-3.5
-3.6999999999999993
-3.8999999999999986
-4.099999999999998
-5.300000000000001
-5.599999999999998
-5.899999999999999
-4.199999999999999
19.7
-2.0
-1.0999999999999996
9.9
0.0
0.0
0.0
-1.0
-1.1
-2.2
-3.4
-2.7
-0.9000000000000004
-2.9000000000000004
-2.0999999999999996
5.800000000000001
-0.5
-0.5
-0.5
-0.5
-0.5
-2.5
-3.7
-4.0
-4.299999999999999
-4.6
-2.8999999999999986
13.0
-0.5
-0.5
-0.5
-1.5
-1.5999999999999996
-2.7
-2.9000000000000004
-2.0999999999999996
1.8000000000000007
-1.9000000000000004
-1.0
9.0
0.0
0.0
0.0
-1.0
-1.1
-0.19999999999999996
-1.2
-0.2999999999999998
2.7
0.0
0.0
0.0
0.0
-1.0
-1.1
-1.2
-0.2999999999999998
2.7
0.0
0.0
0.0
0.0
-1.0
-2.1
-2.3
-2.5
-2.7
-2.9000000000000004
-2.0999999999999996
9.8
-0.09999999999999998
-0.09999999999999998
-1.1
-0.19999999999999996
-0.19999999999999996
-1.2
-2.3
-1.5
-0.5999999999999996
-3.5999999999999996
-1.9000000000000004
6.0
-2.3
-1.5
-2.5999999999999996
1.2000000000000002
-2.5999999999999996
-2.8
-3.0
-3.1999999999999993
-1.4000000000000004
12.6
0.0
0.0
0.0
0.0
-2.0
-2.2
-3.4
-2.7
-1.9000000000000004
-3.0
-1.1999999999999993
10.8
0.0
0.0
0.0
0.0
0.0
0.0
0.0
0.0
0.0
-1.0
-0.09999999999999998
0.9
0.0
0.0
0.0
0.0
-1.0
-1.1
-1.2
-1.2999999999999998
-2.4
-2.5999999999999996
-1.7999999999999998
4.1
-1.4
-0.5
4.5
0.0
0.0
0.0
0.0
-1.0
-1.1
-1.2
-1.2999999999999998
-2.4
-2.5999999999999996
-1.7999999999999998
4.1
-3.4
2.3
-1.4
-2.5
-1.7000000000000002
-0.7999999999999998
-2.8
4.0
-2.5
-2.7
-1.9000000000000004
-2.0
0.9000000000000004
-1.9000000000000004
6.0
-1.2999999999999998
-1.4
-1.5
-2.5999999999999996
-2.8
4.0
-2.5
-2.7
-2.9000000000000004
-3.0999999999999996
-2.299999999999999
5.6
-1.7000000000000002
-2.8
-3.0
-3.1999999999999993
-3.4000000000000004
-4.6
-4.899999999999999
-3.1999999999999993
9.7
-4.1
-3.4000000000000004
8.4
-2.5999999999999996
-2.8
-3.0
-3.1999999999999993
-1.4000000000000004
12.6
0.0
0.0
0.0
0.0
0.0
0.0
0.0
0.0
0.0
0.0
0.0
0.0
0.0
0.0
0.0
0.0
-1.0
-1.1
-1.2
-1.2999999999999998
-1.4
-1.5
-0.5999999999999996
5.4
0.0
0.0
0.0
0.0
-1.0
-1.1
-1.2
-0.2999999999999998
2.7
0.0
0.0
0.0
0.0
0.0
0.0
0.0
0.0
0.0
0.0
0.0
0.0
0.0
0.0
0.0
0.0
0.0
0.0
0.0
0.0
0.0
0.0
0.0
0.0
0.0
0.0
0.0
0.0
0.0
0.0
0.0
0.0
0.0
0.0
0.0
0.0
0.0
0.0
0.0
0.0
0.0
0.0
0.0
0.0
0.0
0.0
0.0
-1.0
-1.1
-2.2
-3.4
-3.7
-3.0
1.8000000000000007
-2.9000000000000004
-1.0999999999999996
9.9
0.0
0.0
0.0
0.0
0.0
0.0
0.0
0.0
0.0
0.0
0.0
0.0
0.0
0.0
0.0
0.0
0.0
0.0
0.0
0.0
0.0
0.0
0.0
0.0
0.0
0.0
0.0
0.0
0.0
0.0
0.0
0.0
0.0
0.0
0.0
0.0
0.0
0.0
0.0
0.0
0.0
0.0
0.0
0.0
0.0
0.0
0.0
0.0
0.0
0.0
0.0
0.0
0.0
0.0
0.0
0.0
0.0
0.0
-1.0
-1.1
-1.2
-0.2999999999999998
2.7
0.0
0.0
0.0
0.0
0.0
0.0
0.0
0.0
0.0
0.0
0.0
0.0
0.0
0.0
0.0
0.0
0.0
0.0
0.0
0.0
0.0
0.0
0.0
0.0
0.0
-1.0
-1.1
-1.2
-1.2999999999999998
1.6
-1.2
-1.2999999999999998
-1.4
-1.5
-0.5999999999999996
5.4
0.0
0.0
0.0
-1.0
-2.1
-3.3
-3.5999999999999996
0.09999999999999964
3.2
-1.4
-0.5
0.5
-0.3999999999999999
-0.3999999999999999
-1.4
-1.5
-1.5999999999999996
-1.7000000000000002
-1.7999999999999998
-0.9000000000000004
8.1
0.0
0.0
0.0
0.0
0.0
0.0
0.0
0.0
0.0
0.0
0.0
0.0
0.0
0.0
0.0
0.0
0.0
0.0
0.0
0.0
0.0
0.0
0.0
0.0
0.0
0.0
0.0
0.0
0.0
0.0
0.0
0.0
0.0
-1.0
-1.1
-1.2
-1.2999999999999998
-0.3999999999999999
3.6
0.0
0.0
0.0
0.0
0.0
0.0
0.0
0.0
0.0
0.0
0.0
0.0
0.0
0.0
0.0
0.0
0.0
0.0
0.0
-1.0
-1.1
-1.2
-0.2999999999999998
2.7
0.0
0.0
0.0
0.0
0.0
0.0
0.0
0.0
0.0
0.0
0.0
0.0
0.0
0.0
0.0
0.0
0.0
0.0
0.0
0.0
0.0
0.0
0.0
0.0
0.0
0.0
0.0
0.0
0.0
0.0
0.0
0.0
0.0
0.0
0.0
0.0
-1.0
-1.1
-1.2
-1.2999999999999998
-1.4
-1.5
-1.5999999999999996
6.3
0.0
0.0
0.0
0.0
0.0
0.0
0.0
0.0
0.0
0.0
0.0
0.0
0.0
0.0
0.0
0.0
0.0
0.0
0.0
0.0
0.0
0.0
0.0
0.0
0.0
0.0
0.0
-1.0
-1.1
-0.19999999999999996
1.8
0.0
0.0
0.0
0.0
0.0
0.0
0.0
0.0
0.0
0.0
0.0
0.0
0.0
0.0
0.0
0.0
0.0
-1.0
-1.1
-1.2
-1.2999999999999998
-1.4
-1.5
-1.5999999999999996
-1.7000000000000002
7.2
0.0
-1.0
-1.1
-1.2
-1.2999999999999998
-1.4
-2.5
-2.7
6.1
1.8
0.0
0.0
0.0
0.0
0.0
0.0
0.0
0.0
0.0
0.0
0.0
0.0
0.0
0.0
0.0
0.0
0.0
0.0
0.0
0.0
0.0
0.0
0.0
0.0
0.0
0.0
0.0
0.0
0.0
0.0
-1.0
-0.09999999999999998
0.9
0.0
0.0
0.0
0.0
0.0
0.0
0.0
0.0
0.0
0.0
0.0
0.0
0.0
0.0
0.0
0.0
0.0
0.0
0.0
0.0
0.0
0.0
0.0
0.0
0.0
0.0
0.0
0.0
0.0
0.0
0.0
0.0
0.0
0.0
0.0
0.0
0.0
0.0
0.0
0.0
0.0
0.0
0.0
0.0
0.0
0.0
0.0
0.0
0.0
0.0
0.0
0.0
0.0
0.0
0.0
-1.0
-1.1
-1.2
-0.2999999999999998
2.7
0.0
0.0
0.0
0.0
0.0
0.0
0.0
0.0
0.0
0.0
0.0
0.0
0.0
0.0
0.0
0.0
0.0
0.0
0.0
0.0
0.0
0.0
0.0
0.0
0.0
0.0
0.0
0.0
0.0
0.0
0.0
0.0
0.0
0.0
0.0
0.0
0.0
0.0
0.0
0.0
0.0
0.0
0.0
0.0
0.0
0.0
0.0
0.0
0.0
0.0
0.0
0.0
0.0
0.0
0.0
0.0
0.0
0.0
0.0
0.0
-2.0
-0.19999999999999996
1.8
0.0
0.0
0.0
0.0
0.0
0.0
0.0
0.0
0.0
0.0
0.0
0.0
0.0
0.0
0.0
0.0
0.0
0.0
0.0
0.0
0.0
0.0
0.0
0.0
-1.0
-0.09999999999999998
0.9
0.0
0.0
0.0
0.0
0.0
0.0
0.0
0.0
0.0
0.0
0.0
0.0
0.0
0.0
0.0
0.0
0.0
0.0
0.0
0.0
0.0
0.0
0.0
0.0
0.0
0.0
0.0
0.0
0.0
0.0
0.0
0.0
0.0
0.0
0.0
-1.0
-1.1
-0.19999999999999996
1.8
0.0
0.0
0.0
-1.0
-1.1
-2.2
-2.4
-2.5999999999999996
-2.8
-3.0
4.800000000000001
-0.5999999999999996
-0.5999999999999996
-0.5999999999999996
-0.5999999999999996
-0.5999999999999996
-1.5999999999999996
-1.7000000000000002
-1.7999999999999998
-1.9000000000000004
-2.0
-2.0999999999999996
-1.1999999999999993
10.8
0.0
0.0
0.0
0.0
0.0
0.0
0.0
0.0
0.0
0.0
0.0
0.0
0.0
0.0
0.0
0.0
0.0
0.0
0.0
0.0
0.0
-1.0
-1.1
-1.2
-1.2999999999999998
-0.3999999999999999
3.6
0.0
0.0
0.0
0.0
0.0
0.0
0.0
0.0
0.0
0.0
0.0
0.0
0.0
0.0
0.0
0.0
0.0
-1.0
-1.1
-1.2
-1.2999999999999998
-1.4
-2.5
-2.7
-2.9000000000000004
5.9
-0.3999999999999999
-0.3999999999999999
-0.3999999999999999
-0.3999999999999999
-0.3999999999999999
-1.4
-1.5
-1.5999999999999996
-1.7000000000000002
-1.7999999999999998
-1.9000000000000004
-1.0
9.0
0.0
0.0
0.0
0.0
0.0
0.0
0.0
0.0
0.0
0.0
0.0
0.0
0.0
0.0
0.0
0.0
0.0
0.0
0.0
0.0
0.0
0.0
0.0
0.0
0.0
0.0
0.0
-2.0
-0.19999999999999996
1.8
0.0
0.0
0.0
0.0
0.0
0.0
0.0
0.0
0.0
0.0
0.0
0.0
-1.0
-0.09999999999999998
0.9
0.0
0.0
0.0
0.0
0.0
0.0
0.0
0.0
0.0
0.0
0.0
0.0
0.0
0.0
0.0
0.0
0.0
0.0
0.0
0.0
0.0
0.0
0.0
0.0
0.0
0.0
-1.0
-1.1
-1.2
-2.3
-2.5
-1.7000000000000002
4.2
-0.2999999999999998
-0.2999999999999998
-0.2999999999999998
-1.2999999999999998
-1.4
-2.5
-2.7
-1.9000000000000004
2.0
-1.7000000000000002
-0.7999999999999998
7.2
0.0
0.0
0.0
0.0
0.0
0.0
0.0
0.0
0.0
0.0
0.0
0.0
0.0
0.0
0.0
0.0
0.0
0.0
0.0
0.0
-1.0
-1.1
-1.2
-1.2999999999999998
-1.4
-0.5
4.5
0.0
0.0
0.0
0.0
0.0
0.0
0.0
0.0
0.0
0.0
0.0
0.0
0.0
0.0
0.0
0.0
0.0
0.0
-1.0
-1.1
-1.2
-1.2999999999999998
-0.3999999999999999
3.6
0.0
0.0
0.0
0.0
0.0
0.0
0.0
0.0
0.0
-1.0
0.9
0.0
0.0
0.0
0.0
0.0
0.0
0.0
0.0
0.0
0.0
0.0
0.0
0.0
0.0
0.0
0.0
0.0
0.0
0.0
0.0
0.0
0.0
0.0
0.0
0.0
0.0
0.0
0.0
0.0
0.0
0.0
0.0
0.0
0.0
0.0
0.0
0.0
0.0
0.0
0.0
0.0
0.0
0.0
0.0
0.0
0.0
0.0
-1.0
-1.1
-1.2
-1.2999999999999998
-1.4
-1.5
-0.5999999999999996
5.4
0.0
0.0
0.0
0.0
0.0
0.0
0.0
0.0
0.0
0.0
0.0
0.0
0.0
0.0
0.0
0.0
0.0
0.0
0.0
0.0
0.0
0.0
0.0
0.0
0.0
0.0
0.0
0.0
0.0
0.0
0.0
0.0
0.0
0.0
0.0
0.0
0.0
0.0
0.0
0.0
0.0
0.0
0.0
0.0
0.0
0.0
0.0
0.0
0.0
0.0
0.0
0.0
0.0
0.0
0.0
0.0
0.0
0.0
0.0
0.0
0.0
0.0
0.0
0.0
0.0
0.0
0.0
0.0
0.0
0.0
0.0
0.0
0.0
0.0
0.0
0.0
0.0
0.0
0.0
0.0
0.0
0.0
0.0
0.0
0.0
0.0
0.0
0.0
0.0
0.0
0.0
0.0
0.0
0.0
0.0
0.0
0.0
0.0
0.0
0.0
0.0
0.0
0.0
0.0
-1.0
-2.1
-2.3
-2.5
-2.7
-2.9000000000000004
-3.0999999999999996
-3.299999999999999
6.5
6.3
0.0
0.0
0.0
0.0
0.0
0.0
0.0
0.0
0.0
0.0
0.0
0.0
0.0
0.0
0.0
0.0
0.0
0.0
0.0
0.0
0.0
0.0
0.0
0.0
0.0
0.0
0.0
0.0
0.0
0.0
0.0
0.0
0.0
0.0
0.0
0.0
0.0
0.0
0.0
0.0
0.0
0.0
0.0
0.0
0.0
0.0
0.0
0.0
0.0
0.0
0.0
0.0
0.0
0.0
0.0
0.0
0.0
0.0
0.0
0.0
0.0
0.0
-1.0
-2.1
-2.3
-2.5
-2.7
3.0999999999999996
-0.5
-0.5
-0.5
-0.5
-0.5
-1.5
-1.5999999999999996
-1.7000000000000002
-1.7999999999999998
-1.9000000000000004
-2.0
-1.0999999999999996
9.9
0.0
0.0
0.0
0.0
0.0
0.0
0.0
0.0
0.0
0.0
0.0
0.0
0.0
0.0
0.0
0.0
0.0
0.0
-1.0
-1.1
-1.2
-1.2999999999999998
-1.4
-1.5
-1.5999999999999996
-0.7000000000000002
6.3
0.0
0.0
0.0
0.0
0.0
0.0
0.0
0.0
0.0
0.0
0.0
0.0
0.0
0.0
0.0
0.0
0.0
0.0
0.0
0.0
0.0
0.0
0.0
0.0
0.0
0.0
0.0
0.0
0.0
0.0
0.0
0.0
0.0
0.0
0.0
0.0
0.0
0.0
0.0
0.0
0.0
0.0
0.0
0.0
0.0
0.0
0.0
0.0
0.0
0.0
0.0
0.0
0.0
0.0
0.0
0.0
0.0
0.0
0.0
0.0
0.0
0.0
0.0
0.0
0.0
0.0
0.0
0.0
0.0
0.0
0.0
0.0
0.0
0.0
0.0
0.0
0.0
0.0
0.0
0.0
0.0
0.0
0.0
0.0
0.0
0.0
0.0
0.0
0.0
0.0
0.0
0.0
0.0
0.0
0.0
0.0
0.0
0.0
0.0
0.0
0.0
0.0
0.0
0.0
0.0
0.0
0.0
0.0
0.0
0.0
0.0
0.0
0.0
0.0
0.0
0.0
0.0
0.0
0.0
0.0
0.0
0.0
0.0
0.0
0.0
0.0
0.0
0.0
0.0
0.0
0.0
0.0
0.0
0.0
0.0
0.0
0.0
0.0
0.0
0.0
0.0
0.0
0.0
0.0
0.0
0.0
0.0
0.0
0.0
0.0
0.0
0.0
0.0
0.0
0.0
0.0
0.0
0.0
0.0
0.0
0.0
0.0
0.0
0.0
0.0
0.0
0.0
0.0
0.0
0.0
0.0
0.0
0.0
0.0
0.0
0.0
0.0
0.0
0.0
0.0
0.0
-1.0
-1.1
-2.2
-2.4
-2.5999999999999996
-2.8
4.0
-0.5
-0.5
-0.5
-0.5
-0.5
-1.5
-1.5999999999999996
-1.7000000000000002
-1.7999999999999998
-1.9000000000000004
-2.0
-1.0999999999999996
9.9
0.0
0.0
0.0
0.0
0.0
0.0
0.0
0.0
0.0
0.0
0.0
0.0
0.0
0.0
0.0
0.0
-1.0
-1.1
-1.2
-0.2999999999999998
2.7
0.0
0.0
0.0
0.0
0.0
0.0
0.0
0.0
0.0
0.0
0.0
0.0
0.0
0.0
0.0
0.0
0.0
0.0
0.0
0.0
0.0
0.0
0.0
0.0
0.0
0.0
0.0
0.0
0.0
0.0
0.0
0.0
0.0
0.0
0.0
0.0
0.0
0.0
0.0
0.0
0.0
0.0
0.0
0.0
0.0
0.0
0.0
0.0
0.0
0.0
0.0
0.0
0.0
0.0
0.0
0.0
0.0
0.0
0.0
0.0
0.0
0.0
0.0
0.0
0.0
0.0
0.0
0.0
0.0
0.0
0.0
0.0
0.0
0.0
0.0
0.0
0.0
0.0
0.0
0.0
0.0
0.0
0.0
0.0
0.0
0.0
0.0
0.0
0.0
0.0
0.0
0.0
0.0
0.0
0.0
0.0
0.0
0.0
0.0
0.0
0.0
0.0
0.0
0.0
0.0
0.0
0.0
0.0
0.0
0.0
0.0
0.0
0.0
0.0
0.0
0.0
0.0
0.0
0.0
0.0
0.0
0.0
0.0
0.0
0.0
0.0
0.0
0.0
0.0
0.0
0.0
0.0
0.0
0.0
0.0
0.0
0.0
0.0
0.0
0.0
0.0
0.0
0.0
0.0
0.0
0.0
0.0
0.0
0.0
0.0
0.0
0.0
0.0
0.0
0.0
0.0
0.0
0.0
0.0
0.0
0.0
0.0
0.0
0.0
0.0
0.0
0.0
0.0
0.0
0.0
0.0
0.0
0.0
0.0
0.0
0.0
0.0
0.0
0.0
0.0
0.0
0.0
0.0
0.0
0.0
0.0
0.0
0.0
0.0
0.0
0.0
0.0
0.0
0.0
0.0
0.0
0.0
0.0
0.0
0.0
0.0
0.0
0.0
0.0
0.0
0.0
0.0
0.0
0.0
0.0
0.0
0.0
0.0
0.0
0.0
0.0
0.0
0.0
0.0
0.0
0.0
0.0
0.0
0.0
0.0
0.0
0.0
0.0
0.0
0.0
0.0
0.0
0.0
0.0
0.0
0.0
0.0
0.0
0.0
0.0
0.0
0.0
0.0
0.0
0.0
0.0
0.0
0.0
0.0
0.0
0.0
0.0
0.0
0.0
0.0
0.0
0.0
0.0
0.0
0.0
0.0
0.0
0.0
0.0
0.0
0.0
0.0
0.0
0.0
0.0
0.0
0.0
0.0
0.0
0.0
0.0
0.0
0.0
0.0
0.0
0.0
0.0
0.0
0.0
0.0
0.0
0.0
0.0
0.0
0.0
0.0
0.0
0.0
0.0
0.0
0.0
0.0
0.0
0.0
0.0
0.0
0.0
0.0
0.0
0.0
0.0
0.0
0.0
0.0
0.0
0.0
0.0
0.0
0.0
0.0
0.0
0.0
0.0
0.0
0.0
0.0
-1.0
-1.1
-1.2
-1.2999999999999998
-0.3999999999999999
3.6
0.0
0.0
0.0
0.0
-1.0
-1.1
-1.2
-1.2999999999999998
-1.4
-1.5
-0.5999999999999996
5.4
0.0
0.0
0.0
0.0
0.0
0.0
0.0
0.0
0.0
0.0
0.0
0.0
0.0
0.0
0.0
0.0
0.0
0.0
0.0
0.0
0.0
0.0
0.0
0.0
0.0
0.0
0.0
0.0
0.0
0.0
0.0
0.0
0.0
0.0
0.0
0.0
0.0
0.0
0.0
0.0
0.0
0.0
0.0
0.0
0.0
0.0
0.0
0.0
0.0
0.0
0.0
0.0
0.0
0.0
0.0
0.0
0.0
0.0
0.0
0.0
0.0
0.0
0.0
0.0
0.0
0.0
0.0
0.0
0.0
0.0
0.0
0.0
0.0
0.0
0.0
0.0
0.0
0.0
0.0
0.0
0.0
0.0
0.0
0.0
0.0
0.0
0.0
0.0
0.0
0.0
0.0
0.0
0.0
0.0
0.0
0.0
0.0
0.0
0.0
0.0
0.0
0.0
0.0
0.0
0.0
0.0
0.0
0.0
0.0
0.0
0.0
0.0
0.0
0.0
0.0
0.0
0.0
0.0
0.0
0.0
0.0
0.0
0.0
0.0
0.0
0.0
0.0
0.0
0.0
0.0
0.0
0.0
0.0
0.0
0.0
0.0
0.0
0.0
0.0
0.0
0.0
0.0
0.0
0.0
0.0
0.0
0.0
0.0
0.0
0.0
0.0
0.0
0.0
0.0
0.0
0.0
0.0
0.0
0.0
0.0
0.0
0.0
0.0
0.0
0.0
0.0
0.0
0.0
0.0
0.0
0.0
0.0
0.0
0.0
0.0
0.0
0.0
0.0
0.0
0.0
0.0
0.0
0.0
0.0
0.0
0.0
0.0
0.0
0.0
0.0
0.0
0.0
0.0
0.0
0.0
0.0
0.0
0.0
0.0
0.0
0.0
0.0
0.0
0.0
0.0
0.0
0.0
0.0
0.0
0.0
0.0
0.0
0.0
0.0
0.0
0.0
0.0
0.0
0.0
0.0
0.0
0.0
0.0
0.0
0.0
0.0
0.0
0.0
0.0
0.0
0.0
0.0
0.0
0.0
0.0
0.0
0.0
0.0
0.0
0.0
0.0
0.0
0.0
0.0
0.0
0.0
0.0
0.0
0.0
0.0
0.0
0.0
0.0
0.0
0.0
0.0
0.0
0.0
0.0
0.0
0.0
0.0
0.0
0.0
0.0
0.0
0.0
0.0
0.0
0.0
0.0
0.0
0.0
0.0
0.0
0.0
0.0
0.0
0.0
0.0
0.0
0.0
0.0
0.0
0.0
0.0
0.0
0.0
0.0
0.0
0.0
0.0
0.0
0.0
0.0
0.0
0.0
0.0
0.0
0.0
0.0
0.0
0.0
0.0
0.0
0.0
0.0
0.0
0.0
0.0
0.0
0.0
0.0
0.0
0.0
0.0
0.0
0.0
0.0
0.0
0.0
0.0
0.0
0.0
0.0
0.0
0.0
0.0
0.0
0.0
0.0
0.0
0.0
0.0
0.0
0.0
0.0
0.0
0.0
0.0
0.0
0.0
0.0
0.0
0.0
0.0
0.0
0.0
0.0
0.0
0.0
0.0
0.0
0.0
0.0
0.0
0.0
0.0
0.0
0.0
0.0
0.0
0.0
0.0
0.0
0.0
0.0
0.0
0.0
0.0
0.0
0.0
0.0
0.0
0.0
0.0
0.0
0.0
0.0
0.0
0.0
0.0
0.0
0.0
0.0
0.0
0.0
0.0
0.0
0.0
0.0
0.0
0.0
0.0
0.0
0.0
0.0
0.0
0.0
0.0
0.0
0.0
0.0
0.0
0.0
0.0
0.0
0.0
0.0
0.0
0.0
0.0
0.0
0.0
0.0
0.0
0.0
0.0
0.0
0.0
0.0
0.0
0.0
0.0
0.0
0.0
0.0
0.0
0.0
0.0
0.0
0.0
0.0
0.0
0.0
0.0
0.0
0.0
0.0
0.0
0.0
0.0
0.0
0.0
0.0
0.0
0.0
0.0
0.0
0.0
0.0
0.0
0.0
0.0
0.0
0.0
0.0
0.0
0.0
0.0
0.0
0.0
0.0
0.0
0.0
0.0
0.0
0.0
0.0
0.0
0.0
0.0
0.0
0.0
0.0
0.0
0.0
0.0
0.0
0.0
0.0
0.0
0.0
0.0
0.0
0.0
0.0
0.0
0.0
0.0
0.0
0.0
0.0
0.0
0.0
0.0
0.0
0.0
0.0
0.0
0.0
0.0
0.0
0.0
0.0
0.0
0.0
0.0
0.0
0.0
0.0
0.0
0.0
0.0
0.0
0.0
0.0
0.0
0.0
0.0
0.0
0.0
0.0
0.0
0.0
0.0
0.0
0.0
0.0
0.0
0.0
0.0
0.0
0.0
0.0
0.0
0.0
0.0
0.0
0.0
0.0
0.0
0.0
0.0
0.0
0.0
0.0
0.0
0.0
0.0
0.0
0.0
0.0
0.0
0.0
0.0
0.0
0.0
0.0
0.0
0.0
0.0
0.0
0.0
0.0
0.0
0.0
0.0
0.0
0.0
0.0
0.0
0.0
0.0
0.0
0.0
0.0
0.0
0.0
0.0
0.0
0.0
0.0
0.0
0.0
0.0
0.0
0.0
0.0
0.0
0.0
0.0
0.0
0.0
0.0
0.0
0.0
0.0
0.0
0.0
0.0
0.0
0.0
0.0
0.0
0.0
0.0
0.0
0.0
0.0
0.0
0.0
0.0
0.0
