361509
358323
352729
362715
365907
366627
357081
336097
361026
334006
355625
340388
360273
341109
341046
342002
344335
341636
336168
321944
333209
321683
336362
330645
309674
320871
298216
326151
315780
295042
311723
310238
307357
314226
303684
288858
305203
280582
285946
294015
250243
276316
252014
267428
272473
261662
250180
271917
243691
252985
247846
230385
261785
251953
232337
245615
249506
246048
256954
225943
229601
232674
212072
229745
208620
215905
210792
219743
226339
211235
208082
249820
212427
197109
195878
289846
196329
216703
189607
191695
201242
181483
181874
179608
189644
173028
233578
187176
177535
187366
159662
239327
187626
166790
167841
162767
167721
184345
193974
168774
