66.94611111111111
66.3561111111111
65.32018518518518
67.16944444444445
67.76055555555556
67.8938888888889
66.12611111111111
62.24018518518518
66.85666666666667
61.85296296296296
65.85648148148148
63.034814814814816
66.71722222222222
63.16833333333334
63.156666666666666
63.333703703703705
63.76574074074074
63.26592592592593
62.25333333333333
59.61925925925926
61.70537037037037
59.57092592592593
62.28925925925926
61.230555555555554
57.34703703703704
59.42055555555555
55.22518518518518
60.39833333333333
58.477777777777774
54.63740740740741
57.72648148148148
57.45148148148148
56.91796296296296
58.19
56.23777777777778
53.492222222222225
56.51907407407408
51.95962962962963
52.952962962962964
54.44722222222222
46.3412962962963
51.16962962962963
46.669259259259256
49.5237037037037
50.45796296296297
48.455925925925925
46.32962962962963
50.355
45.12796296296296
46.849074074074075
45.89740740740741
42.66388888888889
48.4787037037037
46.65796296296296
43.02537037037037
45.48425925925926
46.20481481481482
45.56444444444445
47.584074074074074
41.8412962962963
42.51870370370371
43.08777777777778
39.272592592592595
42.54537037037037
38.63333333333333
39.98240740740741
39.035555555555554
40.69314814814815
41.91462962962963
39.117592592592594
38.5337037037037
46.262962962962966
39.33833333333333
36.501666666666665
36.2737037037037
53.675185185185185
36.35722222222222
40.130185185185184
35.11240740740741
35.49907407407407
37.267037037037035
33.607962962962965
33.68037037037037
33.260740740740744
35.11925925925926
32.04222222222222
43.255185185185184
34.66222222222222
32.87685185185185
34.697407407407404
29.567037037037036
44.31981481481481
34.745555555555555
30.887037037037036
31.081666666666667
30.14203703703704
31.059444444444445
34.137962962962966
35.92111111111111
31.254444444444445
