-1583304.6999999988
-1510834.0999999994
-1542283.0000000005
-1576290.6999999974
-1578336.1000000006
-1568875.000000003
-1514485.9
-1406226.9999999998
-1489951.5000000007
-1366365.4000000008
-1597396.0000000002
-1480799.9000000006
-1527967.6000000022
-1388922.3000000007
-1382751.1999999986
-1431552.8000000005
-1430665.9999999974
-1416350.0000000005
-1309981.299999998
-1281440.5999999996
-1341983.7000000007
-1265628.9000000006
-1375099.8
-1341950.9999999998
-1262181.1999999997
-1263221.2999999998
-1177522.6999999993
-1403585.1000000008
-1269057.4999999988
-1166988.4000000018
-1253219.9000000004
-1228931.900000001
-1146629.600000001
-1169860.9000000006
-1123712.9999999981
-1115200.2999999998
-1229840.5000000014
-1092322.4
-1067280.6000000006
-1096679.5999999999
-947558.8000000005
-1037055.3000000004
-853136.4999999993
-975988.5000000006
-983303.5
-931864.8000000002
-902775.2000000005
-992072.7000000008
-917168.6999999996
-939842.1000000007
-985774.9999999991
-1160049.6999999988
-1037331.3000000006
-897596.000000001
-832173.2
-926938.5000000013
-895983.9999999998
-859882.9999999993
-933159.9000000008
-888800.5000000022
-846659.7000000009
-820740.3000000004
-718620.8000000006
-747699.6000000007
-742849.8000000003
-747494.9000000013
-699121.9999999992
-868957.4999999966
-794350.8000000009
-875755.7999999983
-728256.4999999991
-1687833.1000000013
-776158.9999999993
-1029354.8
-802391.9000000027
-2122291.4999999995
-796005.7999999982
-943382.1000000001
-762639.3000000025
-655500.9
-887410.0000000006
-584665.5999999985
-760082.7000000003
-794090.5999999987
-903977.5000000003
-909557.800000001
-1419829.3000000075
-645125.3999999992
-529477.4000000007
-638056.4000000005
-569092.0000000019
-2529744.699999992
-708962.3000000035
-908577.1000000042
-588403.200000001
-555932.6000000031
-625001.7999999977
-900766.2999999959
-1147927.6999999937
-506633.40000000276
