363211
2410
190314
201041
350482
349550
187387
194112
348294
360917
188974
188107
329240
341050
187239
186900
338765
325811
186654
187499
318447
323508
189696
179325
314327
319068
176815
177701
326059
285290
181240
184441
285805
291952
152562
187735
287301
289834
163190
179751
260082
277390
163761
177055
235893
261537
167976
146411
252868
219402
179002
156091
241044
243533
173518
137334
242406
221369
124585
141848
227582
213278
144737
146744
193926
226305
123920
101757
208272
228240
109525
95565
203523
212567
111303
110978
205384
198339
116103
108228
212576
196237
94954
103956
203683
218565
163820
104174
218919
218019
90675
147316
202057
170003
84492
83401
185731
172784
105638
86496
