67.2612962962963
0.4462962962962963
35.24333333333333
37.229814814814816
64.90407407407407
64.73148148148148
34.7012962962963
35.946666666666665
64.49888888888889
66.83648148148148
34.995185185185186
34.83462962962963
60.97037037037037
63.157407407407405
34.67388888888889
34.611111111111114
62.73425925925926
60.33537037037037
34.565555555555555
34.72203703703704
58.971666666666664
59.90888888888889
35.12888888888889
33.208333333333336
58.208703703703705
59.086666666666666
32.74351851851852
32.90759259259259
60.3812962962963
52.83148148148148
33.56296296296296
34.15574074074074
52.92685185185185
54.065185185185186
28.252222222222223
34.76574074074074
53.20388888888889
53.67296296296296
30.22037037037037
33.28722222222222
48.163333333333334
51.36851851851852
30.32611111111111
32.787962962962965
43.68388888888889
48.43277777777778
31.106666666666666
27.11314814814815
46.82740740740741
40.63
33.14851851851852
28.90574074074074
44.63777777777778
45.098703703703706
32.132962962962964
25.432222222222222
44.89
40.99425925925926
23.071296296296296
26.26814814814815
42.144814814814815
39.495925925925924
26.803148148148146
27.174814814814816
35.91222222222222
41.90833333333333
22.94814814814815
18.843888888888888
38.568888888888885
42.266666666666666
20.28240740740741
17.697222222222223
37.68944444444445
39.364259259259256
20.611666666666668
20.55148148148148
38.03407407407408
36.72944444444445
21.500555555555554
20.04222222222222
39.36592592592593
36.340185185185184
17.584074074074074
19.25111111111111
37.71907407407407
40.475
30.33703703703704
19.291481481481483
40.54055555555556
40.37388888888889
16.791666666666668
27.28074074074074
37.41796296296296
31.48203703703704
15.646666666666667
15.44462962962963
34.39462962962963
31.997037037037035
19.562592592592594
16.017777777777777
