66.69407407407408
38.376666666666665
37.056481481481484
67.26814814814814
36.678518518518516
35.132777777777775
63.20074074074074
36.202962962962964
35.635185185185186
65.69055555555556
34.965555555555554
36.0787037037037
65.13537037037037
34.70388888888889
34.840185185185184
65.4262962962963
34.782407407407405
35.83722222222222
61.98648148148148
33.64740740740741
35.02537037037037
59.77648148148148
35.03407407407408
34.15574074074074
59.76925925925926
33.34796296296296
32.96722222222222
58.15240740740741
33.49037037037037
33.59740740740741
53.733518518518515
34.2437037037037
31.650925925925925
54.35351851851852
33.511296296296294
33.971666666666664
54.12185185185185
31.480925925925927
33.3112962962963
53.21740740740741
31.674814814814816
33.5087037037037
50.25685185185185
30.211111111111112
31.17888888888889
49.25222222222222
26.754444444444445
23.909444444444443
43.47018518518519
28.15685185185185
31.51537037037037
45.20666666666666
26.081481481481482
26.118333333333332
46.20351851851852
22.826666666666668
23.532037037037036
40.33611111111111
26.112222222222222
28.902037037037037
38.46944444444444
24.26462962962963
25.17648148148148
42.611666666666665
21.820555555555554
20.385925925925925
39.26833333333333
22.963148148148147
19.432777777777776
36.1712962962963
22.754444444444445
22.50351851851852
34.20388888888889
16.437037037037037
17.51185185185185
39.057037037037034
20.82962962962963
18.879074074074072
33.48648148148148
16.581481481481482
19.90851851851852
33.31092592592593
25.136111111111113
18.310555555555556
35.744814814814816
19.23037037037037
16.617037037037036
29.76388888888889
17.267407407407408
25.619814814814816
32.098703703703706
23.551666666666666
18.08388888888889
35.80740740740741
15.442222222222222
17.929074074074073
36.111111111111114
16.28462962962963
19.464444444444446
37.319074074074074
