0.0
0.0
0.0
0.0
0.0
0.0
0.0
0.0
0.0
0.0
0.0
0.0
0.0
0.0
0.0
0.0
0.0
0.0
0.0
0.0
0.0
0.0
0.0
0.0
0.0
0.0
0.0
0.0
0.0
0.0
0.0
0.0
0.0
0.0
0.0
0.0
0.0
0.0
0.0
0.0
0.0
0.0
0.0
0.0
0.0
0.0
0.0
0.0
0.0
0.0
0.0
0.0
0.0
0.0
0.0
0.0
0.0
0.0
0.0
0.0
0.0
0.0
0.0
0.0
0.0
0.0
0.0
0.0
0.0
0.0
0.0
0.0
0.0
0.0
0.0
0.0
0.0
0.0
0.0
0.0
0.0
0.0
0.0
0.0
0.0
0.0
-1.0
-1.1
-1.2
-1.2999999999999998
-1.4
-1.5
-1.5999999999999996
-1.7000000000000002
-1.7999999999999998
-1.9000000000000004
-1.0
9.0
0.0
0.0
0.0
0.0
-1.0
-1.1
-1.2
-1.2999999999999998
-1.4
-1.5
-1.5999999999999996
-1.7000000000000002
-1.7999999999999998
-1.9000000000000004
-2.0
-2.0999999999999996
-2.1999999999999993
-2.299999999999999
-1.4000000000000004
12.6
0.0
0.0
0.0
0.0
0.0
0.0
0.0
0.0
0.0
0.0
0.0
0.0
0.0
0.0
0.0
0.0
0.0
0.0
0.0
0.0
0.0
0.0
0.0
0.0
0.0
0.0
-1.0
-2.1
-1.2999999999999998
1.6
-0.19999999999999996
-0.19999999999999996
-0.19999999999999996
-0.19999999999999996
-1.2
-1.2999999999999998
-2.4
-2.5999999999999996
-2.8
-3.0
-3.1999999999999993
-3.4000000000000004
-3.5999999999999996
-3.8000000000000007
-4.0
-4.199999999999999
-4.399999999999999
-4.599999999999998
-5.800000000000001
10.900000000000002
-3.6999999999999993
-2.8999999999999986
-3.0
-3.099999999999998
-3.1999999999999993
-4.300000000000001
-4.5
-4.699999999999999
-4.899999999999999
3.900000000000002
-5.399999999999999
-5.699999999999999
-6.0
-6.300000000000001
-6.600000000000001
-6.899999999999999
-7.199999999999996
-7.5
-6.799999999999997
20.0
-2.5
-2.5
-2.5
-2.5
-2.5
-3.5
-4.599999999999998
-4.800000000000001
-5.0
-5.199999999999999
-5.399999999999999
-5.600000000000001
-5.799999999999997
-6.0
-6.199999999999996
-6.399999999999999
-6.600000000000001
-6.799999999999997
-7.0
19.800000000000004
-3.6999999999999993
-3.8000000000000007
-3.8999999999999986
-4.0
-5.099999999999998
-6.300000000000001
-6.600000000000001
-7.899999999999999
-7.299999999999997
-0.6000000000000014
-7.199999999999996
-8.5
-8.899999999999999
-10.299999999999997
-11.799999999999997
-12.399999999999999
-13.0
-13.599999999999994
-13.200000000000003
25.299999999999997
-8.299999999999997
-7.600000000000001
-6.799999999999997
-6.899999999999999
-8.0
-8.199999999999996
-10.399999999999999
-10.799999999999997
-11.200000000000003
7.400000000000006
-10.100000000000001
-11.5
-12.0
-12.5
-13.0
-14.5
-15.099999999999994
-15.700000000000003
-16.299999999999997
12.100000000000009
-12.599999999999994
-12.0
-11.299999999999997
-10.5
-5.599999999999994
-11.200000000000003
-11.399999999999991
-12.599999999999994
-13.899999999999991
-15.299999999999997
-14.799999999999997
2.799999999999997
-13.799999999999997
-14.200000000000003
-15.599999999999994
-16.099999999999994
-17.599999999999994
-18.200000000000003
-18.799999999999997
-20.39999999999999
-21.099999999999994
19.200000000000017
-16.39999999999999
-15.899999999999991
-15.299999999999997
-13.599999999999994
-7.700000000000003
-14.200000000000003
-15.399999999999991
-16.700000000000003
-16.099999999999994
-3.3999999999999915
-16.39999999999999
-16.799999999999997
-18.200000000000003
-18.700000000000003
-19.200000000000003
-20.69999999999999
-21.299999999999983
-21.900000000000006
-21.5
28.0
-15.5
-14.799999999999997
-14.0
-13.099999999999994
-15.099999999999994
-15.299999999999997
-15.5
-16.700000000000003
-18.0
-13.400000000000006
-18.299999999999983
-19.69999999999999
-20.19999999999999
-20.69999999999999
-21.19999999999999
-22.69999999999999
-23.299999999999983
-23.900000000000006
-23.5
39.0
-16.200000000000003
-15.5
-14.700000000000003
-15.799999999999997
-18.0
-18.400000000000006
-20.799999999999983
-21.400000000000006
-22.0
-8.599999999999994
-20.799999999999983
-21.299999999999983
-20.799999999999983
-21.19999999999999
-22.599999999999994
-23.099999999999994
-24.599999999999994
-26.19999999999999
-25.900000000000006
37.5
-20.69999999999999
-21.299999999999983
-21.900000000000006
-23.5
-24.19999999999999
-25.900000000000006
-27.69999999999999
-29.599999999999994
-29.599999999999994
-10.5
-28.400000000000006
-28.19999999999999
-28.900000000000006
-27.599999999999994
-15.099999999999994
-26.299999999999983
-26.69999999999999
-27.099999999999994
-27.5
34.099999999999994
-22.099999999999994
-22.5
-23.900000000000006
25.599999999999994
-21.900000000000006
-22.599999999999994
20.700000000000017
-20.599999999999994
-21.39999999999999
-23.200000000000003
-25.099999999999994
-26.099999999999994
-27.099999999999994
-28.099999999999994
-29.099999999999994
-30.099999999999994
-32.099999999999994
-33.19999999999999
-34.29999999999998
-35.400000000000006
-36.5
-37.599999999999994
-38.69999999999999
-39.80000000000001
-40.89999999999998
-42.0
-43.099999999999966
-44.19999999999999
-46.30000000000001
-47.5
-49.69999999999999
-52.0
-53.39999999999998
-53.80000000000001
3.900000000000034
-48.5
-48.599999999999966
-48.599999999999966
-49.5
-50.39999999999998
-50.30000000000001
-51.099999999999966
-51.89999999999998
-51.69999999999999
-36.39999999999998
-48.5
-48.89999999999998
-50.30000000000001
-51.80000000000001
-53.39999999999998
-56.099999999999966
-58.0
-59.0
-60.0
6.0
-55.30000000000001
-57.30000000000001
-57.39999999999998
-58.39999999999998
-59.39999999999998
-60.39999999999998
-61.39999999999998
-61.39999999999998
-62.30000000000001
-43.19999999999999
-61.099999999999966
-61.89999999999998
-61.69999999999999
-62.39999999999998
-64.09999999999997
-65.89999999999998
-65.79999999999995
-69.60000000000002
-70.69999999999993
-0.7999999999999545
-66.80000000000001
-67.0
-68.10000000000002
-71.19999999999993
-73.5
-75.89999999999998
-76.39999999999998
-78.79999999999995
-80.29999999999995
-52.799999999999955
-79.39999999999998
-77.79999999999995
-78.89999999999998
-80.0
-79.10000000000002
-81.0
-82.0
-83.0
-84.0
-11.0
-80.60000000000002
-82.79999999999995
-82.10000000000002
-85.19999999999993
-87.5
-90.89999999999998
-92.5
-94.10000000000002
-95.69999999999993
-97.29999999999995
-59.89999999999998
-95.60000000000002
-95.10000000000002
-95.39999999999998
-94.60000000000002
-94.60000000000002
-96.5
-99.5
-100.69999999999993
-101.89999999999998
-31.100000000000023
-96.10000000000002
-97.19999999999993
-96.29999999999995
-98.19999999999993
-100.19999999999993
-103.29999999999995
-103.60000000000002
-105.79999999999995
-108.10000000000002
-111.5
-67.10000000000002
-109.10000000000002
-109.60000000000002
-112.0
-112.5
-113.89999999999998
-116.29999999999995
-116.79999999999995
-119.19999999999993
-119.69999999999993
-54.10000000000002
-114.79999999999995
-116.10000000000002
-117.39999999999998
-120.69999999999993
-122.19999999999993
-123.69999999999993
-128.19999999999993
-131.0
-134.89999999999986
-138.0
-87.20000000000005
-138.0999999999999
-137.39999999999986
-137.39999999999986
-141.20000000000005
-140.20000000000005
-131.89999999999986
-143.5999999999999
-144.39999999999986
-146.0999999999999
-147.79999999999995
-82.5
-142.5
-147.0
-147.79999999999995
-89.5
-149.20000000000005
-152.29999999999995
-155.5
-157.79999999999995
-160.0999999999999
-162.39999999999986
-163.70000000000005
-166.89999999999986
-170.20000000000005
-171.5999999999999
-171.89999999999986
-103.0
-170.0
-171.20000000000005
-172.29999999999995
-173.29999999999995
-175.20000000000005
-178.0999999999999
-182.0999999999999
-183.29999999999995
-187.39999999999986
-189.70000000000005
-191.0
-128.20000000000005
-190.89999999999986
-194.29999999999995
-198.79999999999995
-200.5
-205.0999999999999
-209.89999999999986
-211.89999999999986
-200.79999999999995
-217.29999999999995
-218.29999999999995
-223.0999999999999
-208.0999999999999
-225.29999999999995
-227.0999999999999
-228.79999999999995
-230.39999999999986
-232.89999999999986
-235.39999999999986
-235.89999999999986
-238.20000000000005
-240.5
-244.79999999999995
-172.29999999999995
-242.29999999999995
-242.79999999999995
-243.0999999999999
-174.20000000000005
-244.20000000000005
-246.70000000000005
-179.20000000000005
-244.70000000000005
-249.20000000000005
-184.89999999999986
-249.89999999999986
-182.79999999999995
-250.70000000000005
-252.79999999999995
-192.79999999999995
-251.5
-193.39999999999986
-250.20000000000005
-195.0
-249.0
-191.70000000000005
-247.39999999999986
-191.0
-246.70000000000005
-247.29999999999995
-192.70000000000005
-245.39999999999986
-245.70000000000005
-246.79999999999995
-225.79999999999973
-248.5
-251.5
-256.5999999999999
-259.0
-176.4000000000001
-255.29999999999973
-256.6999999999998
-258.0
-179.19999999999982
-255.29999999999973
-257.5999999999999
-257.9000000000001
-259.0
-262.0
-262.0999999999999
-266.0
-267.0999999999999
-268.0999999999999
-271.0
-273.0
-211.0
-269.5999999999999
-270.5
-271.2999999999997
-274.0
-275.7999999999997
-277.5999999999999
-276.4000000000001
-282.9000000000001
-287.9000000000001
-290.1999999999998
-291.5
-209.69999999999982
-287.5
-285.6999999999998
-285.5
-208.0999999999999
-278.7999999999997
-281.1999999999998
-281.6999999999998
-285.0999999999999
-285.6999999999998
-289.1999999999998
-287.9000000000001
-287.2999999999997
-291.5
-290.0
-225.19999999999982
-284.7999999999997
-285.9000000000001
-285.0
-222.9000000000001
-279.5
-279.2999999999997
-280.0
-281.6999999999998
-285.5
-278.5999999999999
-289.9000000000001
-288.2999999999997
-290.4000000000001
-292.5999999999999
-293.9000000000001
-296.1999999999998
-295.5999999999999
-300.7999999999997
-303.4000000000001
-226.0999999999999
-297.9000000000001
-300.5
-301.1999999999998
-302.7999999999997
-303.4000000000001
-303.9000000000001
-302.2999999999997
-296.4000000000001
-302.7999999999997
-303.7999999999997
-303.7999999999997
-301.6999999999998
-234.29999999999973
-296.0999999999999
-293.6999999999998
-294.0
-233.29999999999973
-285.5
-285.5
-287.5
-286.6999999999998
-287.7999999999997
-289.0
-288.2999999999997
-290.5
-290.9000000000001
-218.29999999999973
-286.4000000000001
-289.0
-287.7999999999997
-218.4000000000001
-281.0
-280.5
-283.9000000000001
-285.5999999999999
-285.4000000000001
-286.0999999999999
-287.7999999999997
-287.5999999999999
-287.2999999999997
-287.9000000000001
-211.5
-279.4000000000001
-278.7999999999997
-281.0999999999999
-212.5999999999999
-278.1999999999998
-277.0
-277.5999999999999
-279.1999999999998
-280.9000000000001
-282.6999999999998
-283.5999999999999
-283.5
-282.2999999999997
-282.9000000000001
-209.5
-275.6999999999998
-274.1999999999998
-273.5
-205.69999999999982
-268.0999999999999
-270.4000000000001
-269.9000000000001
-270.2999999999997
-273.6999999999998
-273.4000000000001
-274.0
-276.5999999999999
-278.4000000000001
-276.2999999999997
-204.9000000000001
-268.2999999999997
-268.6999999999998
-271.0999999999999
-205.69999999999982
-266.6999999999998
-268.4000000000001
-267.1999999999998
-267.7999999999997
-268.4000000000001
-271.0
-273.7999999999997
-273.7999999999997
-272.6999999999998
-202.4000000000001
-269.0
-269.9000000000001
-270.7999999999997
-202.69999999999982
-266.6999999999998
-267.6999999999998
-268.6999999999998
-270.6999999999998
-270.7999999999997
-266.7999999999997
-272.2999999999997
-273.2999999999997
-273.2999999999997
-272.1999999999998
-271.9000000000001
-272.5
-273.0999999999999
-202.69999999999982
-266.1999999999998
-266.6999999999998
-265.1999999999998
-202.5
-262.5
-262.0999999999999
-263.5999999999999
-265.1999999999998
-265.9000000000001
-265.5999999999999
-266.1999999999998
-266.7999999999997
-268.4000000000001
-267.0999999999999
-196.5999999999999
-261.0
-262.5
-263.0999999999999
-201.69999999999982
-260.0999999999999
-260.9000000000001
-262.6999999999998
-262.5999999999999
-263.4000000000001
-263.1999999999998
-265.9000000000001
-268.7999999999997
-269.9000000000001
-196.0
-262.5999999999999
-261.5
-264.1999999999998
-196.0999999999999
-258.0999999999999
-260.9000000000001
-259.9000000000001
-261.6999999999998
-263.5999999999999
-264.5999999999999
-264.5999999999999
-267.5
-265.5999999999999
-263.4000000000001
-193.9000000000001
-257.4000000000001
-257.9000000000001
-257.4000000000001
-190.79999999999973
-252.5
-255.0
-258.6999999999998
-260.6999999999998
-262.7999999999997
-263.0
-265.0999999999999
-267.2999999999997
-268.5999999999999
-266.9000000000001
-193.9000000000001
-262.5
-261.5999999999999
-262.5
-197.4000000000001
-261.6999999999998
-264.0
-265.4000000000001
-264.7999999999997
-265.0
-268.0999999999999
-272.4000000000001
-271.0
-269.2999999999997
-202.29999999999973
-265.5
-267.5999999999999
-266.7999999999997
-199.79999999999973
-261.0
-263.9000000000001
-265.0
-266.0999999999999
-265.1999999999998
-242.0999999999999
-264.5999999999999
-264.5
-268.2999999999997
-257.4000000000001
-266.2999999999997
-268.0999999999999
-269.0
-273.9000000000001
-273.1999999999998
-276.2999999999997
-280.5999999999999
-284.1999999999998
-287.0
-289.9000000000001
-293.9000000000001
-293.0999999999999
-297.0
-298.0999999999999
-226.0999999999999
-294.6999999999998
-293.6999999999998
-292.4000000000001
-228.79999999999973
-288.6999999999998
-291.0999999999999
-228.5999999999999
-289.6999999999998
-292.4000000000001
-230.19999999999982
-290.5999999999999
-227.5
-286.9000000000001
-287.6999999999998
-288.4000000000001
-289.0
-290.5
-294.0
-296.6999999999998
-297.5
-299.1999999999998
-225.9000000000001
-295.0999999999999
-296.7999999999997
-297.5
-222.0999999999999
-293.0
-290.5999999999999
-292.7999999999997
-292.0999999999999
-293.1999999999998
-293.2999999999997
-293.2999999999997
-296.1999999999998
-294.2999999999997
-231.0999999999999
-290.5
-292.4000000000001
-291.4000000000001
-230.19999999999982
-286.7999999999997
-288.5999999999999
-291.5
-292.5999999999999
-293.6999999999998
-295.7999999999997
-297.0
-296.1999999999998
-298.1999999999998
-299.2999999999997
-224.4000000000001
-293.9000000000001
-295.0
-295.0999999999999
-223.0999999999999
-292.7999999999997
-295.0999999999999
-292.5
-297.5
-297.9000000000001
-283.1999999999998
-298.9000000000001
-297.1999999999998
-299.1999999999998
-301.2999999999997
-300.5
-302.5
-302.5999999999999
-305.5999999999999
-306.7999999999997
-308.0
-239.19999999999982
-305.4000000000001
-306.7999999999997
-309.1999999999998
-240.69999999999982
-304.1999999999998
-303.5999999999999
-239.79999999999973
-304.5
-306.1999999999998
-241.9000000000001
-304.0
-240.79999999999973
-304.0999999999999
-305.1999999999998
-245.19999999999982
-304.0
-244.0999999999999
-300.0
-243.9000000000001
-294.0
-237.5
-292.1999999999998
-292.7999999999997
-236.29999999999973
-290.0
-289.5
-293.7999999999997
-296.4000000000001
-295.0999999999999
-249.5
-292.1999999999998
-290.5
-291.5
-291.5
-208.4000000000001
-282.9000000000001
-280.5999999999999
-281.0
-201.4000000000001
-271.7999999999997
-271.0
-270.0999999999999
-197.0999999999999
-264.7999999999997
-192.0
-255.9000000000001
-183.9000000000001
-249.69999999999982
-249.79999999999973
-247.9000000000001
-250.79999999999973
-252.0
-253.29999999999973
-254.69999999999982
-257.1999999999998
-259.9000000000001
-263.7999999999997
-199.0
-259.5999999999999
-262.7999999999997
-266.1999999999998
-267.7999999999997
-270.4000000000001
-273.0999999999999
-271.9000000000001
-217.4000000000001
-274.2999999999997
-275.2999999999997
-278.1999999999998
-201.19999999999982
-273.2999999999997
-274.1999999999998
-276.0
-275.7999999999997
-204.4000000000001
-272.6999999999998
-273.4000000000001
-207.0
-269.7999999999997
-273.4000000000001
-207.19999999999982
-270.1999999999998
-206.0
-269.1999999999998
-269.1999999999998
-209.0
-264.5999999999999
-204.19999999999982
-263.5999999999999
-262.4000000000001
-201.9000000000001
-259.1999999999998
-260.6999999999998
-260.1999999999998
-232.5
-263.9000000000001
-265.5999999999999
-269.2999999999997
-269.1999999999998
-192.9000000000001
-262.7999999999997
-263.2999999999997
-263.6999999999998
-193.0
-260.0999999999999
-264.5
-192.19999999999982
-258.5
-193.0
-254.79999999999973
-255.29999999999973
-194.69999999999982
-250.9000000000001
-193.19999999999982
-246.5999999999999
-244.79999999999973
-188.69999999999982
-242.9000000000001
-184.0
-238.0999999999999
-182.0999999999999
-233.39999999999986
-177.29999999999995
-231.5
-173.5999999999999
-226.79999999999995
-225.79999999999995
-227.5999999999999
-228.5
-173.39999999999986
-227.70000000000005
-228.89999999999986
-232.0999999999999
-233.5
-237.89999999999986
-239.5999999999999
-243.29999999999995
-245.20000000000005
-248.0999999999999
-251.0999999999999
-253.19999999999982
-255.29999999999973
-258.4000000000001
-262.5999999999999
-266.0
-266.5
-269.7999999999997
-274.1999999999998
-276.7999999999997
-280.4000000000001
-283.0999999999999
-286.7999999999997
-290.5999999999999
-218.5
-287.9000000000001
-289.6999999999998
-292.4000000000001
-295.0999999999999
-298.7999999999997
-301.5999999999999
-304.4000000000001
-309.1999999999998
-312.1999999999998
-240.19999999999982
-308.6999999999998
-309.5
-310.0999999999999
-314.5
-315.0999999999999
-318.5
-317.0
-320.0999999999999
-322.2999999999997
-326.5
-326.9000000000001
-252.0999999999999
-322.5999999999999
-322.6999999999998
-324.5999999999999
-252.5
-318.0
-319.5999999999999
-321.1999999999998
-320.7999999999997
-323.1999999999998
-323.6999999999998
-325.0999999999999
-325.5
-327.7999999999997
-331.1999999999998
-256.7999999999997
-323.7999999999997
-322.0999999999999
-328.0999999999999
-254.5999999999999
-321.5999999999999
-321.9000000000001
-322.0999999999999
-325.1999999999998
-326.5
-328.7999999999997
-332.1999999999998
-333.7999999999997
-335.4000000000001
-333.0
-251.19999999999982
-327.0999999999999
-326.2999999999997
-326.2999999999997
-323.1999999999998
-246.69999999999982
-319.5
-317.2999999999997
-316.7999999999997
-317.1999999999998
-320.5999999999999
-319.2999999999997
-320.7999999999997
-321.4000000000001
-322.0
-250.5999999999999
-315.0
-316.5
-314.0999999999999
-244.4000000000001
-309.6999999999998
-309.1999999999998
-241.5999999999999
-306.1999999999998
-305.9000000000001
-305.5
-309.0
-309.7999999999997
-309.5999999999999
-309.2999999999997
-309.9000000000001
-309.5
-310.0
-234.5
-302.4000000000001
-302.7999999999997
-304.1999999999998
-235.69999999999982
-296.2999999999997
-294.5999999999999
-295.6999999999998
-293.9000000000001
-290.9000000000001
-291.5999999999999
-294.4000000000001
-292.5
-291.4000000000001
-289.1999999999998
-216.79999999999973
-280.1999999999998
-281.6999999999998
-278.4000000000001
-209.79999999999973
-271.4000000000001
-271.9000000000001
-269.5
-267.9000000000001
-269.1999999999998
-270.6999999999998
-270.4000000000001
-271.0999999999999
-270.9000000000001
-196.69999999999982
-262.0999999999999
-258.7999999999997
-259.1999999999998
-193.69999999999982
-252.69999999999982
-252.29999999999973
-250.9000000000001
-253.4000000000001
-254.19999999999982
-259.0999999999999
-256.5
-258.5999999999999
-259.9000000000001
-258.2999999999997
-190.5
-251.9000000000001
-253.0999999999999
-255.4000000000001
-193.9000000000001
-255.19999999999982
-254.19999999999982
-254.0
-255.69999999999982
-258.5
-261.5
-257.6999999999998
-260.4000000000001
-260.2999999999997
-263.0999999999999
-263.0999999999999
-192.0
-254.69999999999982
-256.2999999999997
-255.0
-186.5
-253.0999999999999
-258.0
-190.29999999999973
-252.69999999999982
-252.9000000000001
-255.0
-259.1999999999998
-258.6999999999998
-256.0
-258.9000000000001
-259.0
-263.0
-194.29999999999973
-258.5999999999999
-258.9000000000001
-262.0999999999999
-198.5
-259.4000000000001
-261.9000000000001
-262.5
-266.0
-265.6999999999998
-241.19999999999982
-263.0999999999999
-262.2999999999997
-259.2999999999997
-240.9000000000001
-261.5999999999999
-263.5
-264.5
-256.5
-268.5999999999999
-272.9000000000001
-276.5
-279.2999999999997
-282.1999999999998
-283.1999999999998
-284.0999999999999
-282.9000000000001
-285.4000000000001
-287.0
-289.5999999999999
-291.2999999999997
-296.0
-299.0
-301.0999999999999
-304.1999999999998
-309.4000000000001
-314.9000000000001
-317.6999999999998
-322.5
-325.5
-244.5
-321.0999999999999
-320.9000000000001
-322.4000000000001
-250.79999999999973
-321.7999999999997
-325.4000000000001
-257.0999999999999
-323.6999999999998
-327.4000000000001
-259.1999999999998
-325.9000000000001
-261.6999999999998
-322.7999999999997
-325.4000000000001
-261.0
-322.9000000000001
-261.4000000000001
-317.5
-259.5999999999999
-313.6999999999998
-315.5999999999999
-255.5
-311.1999999999998
-255.9000000000001
-306.9000000000001
-306.4000000000001
-305.6999999999998
-308.7999999999997
-310.0999999999999
-311.4000000000001
-314.6999999999998
-317.1999999999998
-316.7999999999997
-233.19999999999982
-312.0999999999999
-313.5999999999999
-316.0999999999999
-236.69999999999982
-314.1999999999998
-316.0999999999999
-318.0
-318.9000000000001
-320.6999999999998
-322.5
-323.2999999999997
-326.0
-326.7999999999997
-326.5
-259.0
-319.5999999999999
-319.7999999999997
-320.9000000000001
-320.0
-319.9000000000001
-319.6999999999998
-304.4000000000001
-319.5
-322.1999999999998
-322.0999999999999
-322.9000000000001
-241.69999999999982
-313.2999999999997
-313.7999999999997
-317.2999999999997
-240.0999999999999
-310.0999999999999
-311.7999999999997
-233.5999999999999
-306.5
-308.4000000000001
-234.4000000000001
-306.9000000000001
-309.2999999999997
-234.79999999999973
-303.6999999999998
-228.0999999999999
-296.7999999999997
-298.0
-225.19999999999982
-291.0
-217.0
-283.5
-211.29999999999973
-279.7999999999997
-281.7999999999997
-211.9000000000001
-278.9000000000001
-278.1999999999998
-277.2999999999997
-280.1999999999998
-280.2999999999997
-282.2999999999997
-284.4000000000001
-282.5999999999999
-281.5
-207.19999999999982
-276.4000000000001
-274.1999999999998
-273.6999999999998
-204.0999999999999
-266.5
-266.7999999999997
-267.0999999999999
-265.4000000000001
-267.5
-265.7999999999997
-266.9000000000001
-266.0999999999999
-263.1999999999998
-195.0
-254.0
-254.5999999999999
-254.29999999999973
-255.0
-253.79999999999973
-254.5
-258.2999999999997
-258.5
-260.6999999999998
-260.0999999999999
-262.4000000000001
-188.9000000000001
-257.0
-255.5999999999999
-257.0
-185.5
-251.79999999999973
-253.4000000000001
-254.0999999999999
-258.7999999999997
-261.9000000000001
-263.1999999999998
-265.5
-266.9000000000001
-268.2999999999997
-268.6999999999998
-207.0
-263.0
-262.0999999999999
-204.0
-258.0
-257.9000000000001
-257.6999999999998
-257.4000000000001
-259.0
-260.6999999999998
-261.5
-261.2999999999997
-264.0
-263.9000000000001
-189.69999999999982
-256.0
-258.5999999999999
-256.4000000000001
-186.9000000000001
-253.4000000000001
-255.19999999999982
-256.0999999999999
-260.0
-261.1999999999998
-266.4000000000001
-268.0
-268.5999999999999
-267.0999999999999
-202.29999999999973
-263.9000000000001
-263.1999999999998
-264.2999999999997
-204.4000000000001
-261.4000000000001
-262.5999999999999
-261.7999999999997
-260.7999999999997
-261.5999999999999
-257.4000000000001
-265.6999999999998
-265.7999999999997
-267.7999999999997
-266.9000000000001
-197.79999999999973
-262.6999999999998
-263.6999999999998
-262.6999999999998
-264.5
-266.4000000000001
-269.4000000000001
-266.5999999999999
-271.4000000000001
-272.5999999999999
-273.7999999999997
-275.0
-277.1999999999998
-273.5
-205.29999999999973
-271.1999999999998
-270.2999999999997
-269.1999999999998
-200.9000000000001
-264.6999999999998
-267.5
-267.5
-267.4000000000001
-269.1999999999998
-269.0999999999999
-271.9000000000001
-274.9000000000001
-203.0999999999999
-267.0
-268.9000000000001
-268.9000000000001
-268.7999999999997
-203.5999999999999
-264.7999999999997
-265.6999999999998
-264.5999999999999
-268.2999999999997
-268.2999999999997
-270.1999999999998
-273.1999999999998
-277.4000000000001
-277.9000000000001
-277.2999999999997
-203.5
-271.1999999999998
-271.2999999999997
-271.2999999999997
-203.19999999999982
-266.1999999999998
-267.0999999999999
-267.0
-266.7999999999997
-269.5
-270.4000000000001
-271.2999999999997
-272.1999999999998
-272.0999999999999
-201.9000000000001
-268.5999999999999
-271.5999999999999
-271.7999999999997
-200.9000000000001
-263.7999999999997
-264.5999999999999
-266.4000000000001
-268.2999999999997
-269.2999999999997
-270.2999999999997
-271.2999999999997
-270.2999999999997
-272.0999999999999
-271.0
-204.69999999999982
-267.6999999999998
-269.5999999999999
-269.5999999999999
-198.5
-262.1999999999998
-264.9000000000001
-262.7999999999997
-263.4000000000001
-241.0
-264.2999999999997
-266.0999999999999
-268.0
-263.0
-271.4000000000001
-271.5999999999999
-271.6999999999998
-273.6999999999998
-275.7999999999997
-276.0
-204.0999999999999
-273.9000000000001
-276.2999999999997
-278.7999999999997
-208.4000000000001
-274.7999999999997
-277.4000000000001
-212.0999999999999
-273.0999999999999
-275.6999999999998
-215.4000000000001
-273.9000000000001
-271.6999999999998
-215.0999999999999
-266.6999999999998
-269.9000000000001
-212.29999999999973
-266.7999999999997
-267.1999999999998
-267.5
-270.6999999999998
-274.0999999999999
-251.69999999999982
-272.9000000000001
-274.2999999999997
-277.6999999999998
-269.2999999999997
-280.9000000000001
-280.5999999999999
-283.0999999999999
-284.6999999999998
-211.29999999999973
-281.4000000000001
-281.0999999999999
-283.5999999999999
-211.19999999999982
-279.4000000000001
-280.0
-281.5
-285.0
-243.69999999999982
-280.0999999999999
-282.4000000000001
-283.7999999999997
-284.1999999999998
-283.5
-287.5999999999999
-289.0
-289.4000000000001
-224.69999999999982
-287.4000000000001
-287.9000000000001
-289.2999999999997
-292.6999999999998
-295.2999999999997
-297.0
-301.6999999999998
-303.6999999999998
-304.6999999999998
-232.5999999999999
-301.0999999999999
-302.0
-302.7999999999997
-227.5
-296.5
-299.0
-299.5999999999999
-299.0999999999999
-301.4000000000001
-295.7999999999997
-301.5
-302.6999999999998
-304.9000000000001
-303.1999999999998
-305.1999999999998
-305.2999999999997
-308.2999999999997
-312.5
-315.0
-316.5999999999999
-239.19999999999982
-308.9000000000001
-311.1999999999998
-313.5999999999999
-241.0999999999999
-310.1999999999998
-311.7999999999997
-243.4000000000001
-308.0
-308.5999999999999
-311.0999999999999
-311.6999999999998
-314.1999999999998
-303.7999999999997
-319.1999999999998
-323.0999999999999
-327.1999999999998
-332.5
-331.0999999999999
-330.2999999999997
-331.1999999999998
-334.0
-332.9000000000001
-334.5
-336.0999999999999
-339.6999999999998
-339.5
-343.0999999999999
-346.9000000000001
-344.9000000000001
-264.5
-339.9000000000001
-342.5
-343.1999999999998
-264.7999999999997
-337.4000000000001
-339.9000000000001
-339.5
-338.9000000000001
-306.0999999999999
-339.9000000000001
-341.2999999999997
-344.6999999999998
-333.2999999999997
-347.5999999999999
-349.2999999999997
-353.0
-353.9000000000001
-353.6999999999998
-275.2999999999997
-347.9000000000001
-348.4000000000001
-347.7999999999997
-274.0
-341.6999999999998
-343.7999999999997
-269.0
-337.5999999999999
-337.6999999999998
-265.6999999999998
-331.4000000000001
-260.2999999999997
-327.0
-327.0
-261.9000000000001
-324.1999999999998
-324.2999999999997
-324.2999999999997
-325.1999999999998
-319.0999999999999
-325.2999999999997
-325.0999999999999
-326.7999999999997
-325.5999999999999
-243.19999999999982
-314.5
-315.6999999999998
-316.0
-236.29999999999973
-308.5999999999999
-308.9000000000001
-307.1999999999998
-309.2999999999997
-310.5999999999999
-313.0
-313.5999999999999
-316.1999999999998
-321.0
-322.1999999999998
-251.4000000000001
-318.4000000000001
-318.6999999999998
-318.9000000000001
-255.0
-313.5999999999999
-317.5999999999999
-316.9000000000001
-319.0
-319.1999999999998
-320.2999999999997
-322.4000000000001
-323.5999999999999
-321.7999999999997
-240.69999999999982
-315.4000000000001
-316.2999999999997
-315.1999999999998
-233.9000000000001
-308.4000000000001
-309.0999999999999
-307.7999999999997
-313.2999999999997
-311.2999999999997
-309.0
-309.4000000000001
-310.7999999999997
-310.2999999999997
-309.6999999999998
-241.0
-302.4000000000001
-303.5999999999999
-304.9000000000001
-235.29999999999973
-294.6999999999998
-295.6999999999998
-295.7999999999997
-298.9000000000001
-299.2999999999997
-297.6999999999998
-299.9000000000001
-299.2999999999997
-298.5999999999999
-225.79999999999973
-291.6999999999998
-291.9000000000001
-289.0999999999999
-219.0
-280.9000000000001
-280.6999999999998
-281.5
-281.4000000000001
-272.2999999999997
-286.2999999999997
-283.7999999999997
-285.0
-287.2999999999997
-285.7999999999997
-285.0999999999999
-286.2999999999997
-282.5999999999999
-216.5
-278.7999999999997
-280.0
-277.2999999999997
-217.29999999999973
-271.2999999999997
-271.2999999999997
-271.2999999999997
-272.2999999999997
-274.4000000000001
-271.6999999999998
-275.6999999999998
-276.0999999999999
-278.5
-279.0999999999999
-280.6999999999998
-207.4000000000001
-272.6999999999998
-273.1999999999998
-273.6999999999998
-209.19999999999982
-272.1999999999998
-272.0999999999999
-273.9000000000001
-274.7999999999997
-278.6999999999998
-276.9000000000001
-278.7999999999997
-277.7999999999997
-276.5999999999999
-205.19999999999982
-274.5999999999999
-273.5999999999999
-276.4000000000001
-209.4000000000001
-271.5999999999999
-273.5999999999999
-273.6999999999998
-276.6999999999998
-277.9000000000001
-257.0999999999999
-273.0999999999999
-274.7999999999997
-273.5999999999999
-259.1999999999998
-273.2999999999997
-275.9000000000001
-267.6999999999998
-278.5999999999999
-280.5999999999999
-282.6999999999998
-287.9000000000001
-291.5
-292.2999999999997
-296.0
-296.9000000000001
-299.6999999999998
-301.5999999999999
-303.5
-304.4000000000001
-309.1999999999998
-309.2999999999997
-313.1999999999998
-317.2999999999997
-318.5999999999999
-322.7999999999997
-328.1999999999998
-329.9000000000001
-332.5
-339.0999999999999
-258.0999999999999
-332.6999999999998
-337.2999999999997
-340.0999999999999
-265.9000000000001
-339.0
-340.9000000000001
-271.6999999999998
-341.2999999999997
-343.2999999999997
-278.1999999999998
-346.2999999999997
-348.5999999999999
-282.7999999999997
-345.0999999999999
-282.0
-345.2999999999997
-279.2999999999997
-341.4000000000001
-340.0999999999999
-280.4000000000001
-336.5
-271.5999999999999
-332.0
-273.9000000000001
-325.7999999999997
-327.2999999999997
-328.7999999999997
-280.2999999999997
-325.7999999999997
-326.1999999999998
-326.5
-326.6999999999998
-327.7999999999997
-330.9000000000001
-334.1999999999998
-250.69999999999982
-330.6999999999998
-331.4000000000001
-333.0
-250.5999999999999
-328.7999999999997
-331.5
-334.2999999999997
-335.1999999999998
-337.0
-337.7999999999997
-340.5
-341.2999999999997
-341.0
-342.5
-275.0
-336.5999999999999
-335.9000000000001
-338.0
-337.1999999999998
-339.1999999999998
-337.2999999999997
-267.0999999999999
-332.7999999999997
-333.6999999999998
-333.5999999999999
-334.4000000000001
-251.19999999999982
-330.5999999999999
-330.6999999999998
-334.6999999999998
-334.0
-338.0999999999999
-339.5
-344.9000000000001
-347.6999999999998
-347.5999999999999
-273.2999999999997
-342.4000000000001
-345.0
-343.6999999999998
-273.0999999999999
-339.2999999999997
-337.6999999999998
-340.7999999999997
-337.0999999999999
-275.9000000000001
-332.5
-332.2999999999997
-336.0
-335.0
-336.7999999999997
-334.6999999999998
-338.2999999999997
-337.1999999999998
-337.9000000000001
-340.5999999999999
-340.5
-342.2999999999997
-340.1999999999998
-340.7999999999997
-339.4000000000001
-253.79999999999973
-331.5999999999999
-329.0
-329.0999999999999
-247.19999999999982
-319.0999999999999
-319.0
-238.9000000000001
-306.7999999999997
-308.2999999999997
-234.0
-301.2999999999997
-229.0999999999999
-294.6999999999998
-295.5999999999999
-225.5999999999999
-289.5999999999999
-221.69999999999982
-287.0
-219.5
-282.1999999999998
-216.79999999999973
-279.7999999999997
-217.69999999999982
-278.2999999999997
-215.5
-275.2999999999997
-276.5999999999999
-277.9000000000001
-278.1999999999998
-234.4000000000001
-278.0999999999999
-280.5
-284.0
-285.6999999999998
-289.4000000000001
-290.2999999999997
-208.0999999999999
-283.5
-285.0999999999999
-284.6999999999998
-208.0999999999999
-280.6999999999998
-279.1999999999998
-204.4000000000001
-275.0
-275.2999999999997
-200.5
-270.0999999999999
-197.29999999999973
-264.0999999999999
-266.1999999999998
-196.4000000000001
-260.5
-193.5999999999999
-258.9000000000001
-261.2999999999997
-194.79999999999973
-256.5
-195.9000000000001
-254.0999999999999
-193.5999999999999
-252.9000000000001
-254.5999999999999
-258.2999999999997
-258.1999999999998
-259.9000000000001
-214.5999999999999
-257.5999999999999
-262.1999999999998
-262.0999999999999
-264.7999999999997
-197.5999999999999
-262.5
-264.4000000000001
-266.2999999999997
-204.19999999999982
-261.6999999999998
-263.4000000000001
-206.0999999999999
-260.9000000000001
-265.5999999999999
-203.5999999999999
-262.1999999999998
-201.0999999999999
-257.6999999999998
-260.4000000000001
-261.1999999999998
-263.9000000000001
-228.69999999999982
-265.7999999999997
-266.7999999999997
-271.6999999999998
-196.9000000000001
-266.4000000000001
-269.4000000000001
-272.5
-275.6999999999998
-276.0
-216.0999999999999
-274.0
-273.0999999999999
-276.9000000000001
-276.9000000000001
-213.69999999999982
-273.0
-274.6999999999998
-278.4000000000001
-275.2999999999997
-228.69999999999982
-271.2999999999997
-271.5
-269.5999999999999
-270.4000000000001
-271.1999999999998
-274.0
-273.0
-192.79999999999973
-263.5
-265.0
-265.5999999999999
-193.19999999999982
-260.5
-260.1999999999998
-260.7999999999997
-191.4000000000001
-254.0
-189.5
-250.5
-251.19999999999982
-189.9000000000001
-251.4000000000001
-191.5999999999999
-249.69999999999982
-191.0999999999999
-247.5
-248.0
-250.4000000000001
-252.9000000000001
-257.5
-261.4000000000001
-260.5
-261.2999999999997
-265.0
-265.9000000000001
-190.69999999999982
-260.7999999999997
-260.5
-260.0
-190.29999999999973
-256.5
-256.9000000000001
-258.1999999999998
-260.5
-221.9000000000001
-257.2999999999997
-258.5
-261.6999999999998
-260.0999999999999
-204.19999999999982
-258.5999999999999
-258.9000000000001
-257.0999999999999
-201.0
-254.19999999999982
-255.19999999999982
-200.19999999999982
-251.5999999999999
-251.5999999999999
-194.5
-246.5999999999999
-191.4000000000001
-240.5999999999999
-240.19999999999982
-242.69999999999982
-243.4000000000001
-242.0999999999999
-218.5999999999999
-242.69999999999982
-243.4000000000001
-247.0999999999999
-250.0999999999999
-183.29999999999973
-247.69999999999982
-249.0999999999999
-249.5
-180.79999999999973
-245.0999999999999
-177.4000000000001
-242.79999999999973
-240.29999999999973
-177.4000000000001
-237.0999999999999
-239.29999999999995
-175.5999999999999
-237.39999999999986
-172.89999999999986
-234.79999999999995
-172.39999999999986
-229.5999999999999
-232.0
-172.5
-228.89999999999986
-167.39999999999986
-224.5999999999999
-164.0
-220.20000000000005
-219.5
-164.5999999999999
-219.0999999999999
-221.5
-223.0
-170.5
-221.5999999999999
-223.20000000000005
-226.79999999999995
-230.5999999999999
-234.5999999999999
-237.79999999999995
-239.0999999999999
-243.29999999999995
-247.70000000000005
-249.29999999999995
-182.79999999999995
-248.39999999999986
-252.0
-255.69999999999982
-259.5
-216.4000000000001
-256.6999999999998
-260.1999999999998
-261.7999999999997
-264.2999999999997
-199.79999999999973
-264.5999999999999
-266.2999999999997
-269.9000000000001
-206.5999999999999
-265.6999999999998
-265.0999999999999
-206.19999999999982
-264.1999999999998
-266.4000000000001
-210.5999999999999
-266.0
-210.29999999999973
-265.7999999999997
-265.1999999999998
-214.29999999999973
-262.0999999999999
-267.0
-267.1999999999998
-270.1999999999998
-252.29999999999973
-269.4000000000001
-270.1999999999998
-268.9000000000001
-270.2999999999997
-189.69999999999982
-264.9000000000001
-264.2999999999997
-265.5
-189.69999999999982
-260.1999999999998
-258.4000000000001
-184.29999999999973
-252.69999999999982
-255.5999999999999
-185.69999999999982
-254.69999999999982
-258.1999999999998
-260.9000000000001
-208.69999999999982
-261.0999999999999
-263.0999999999999
-267.0999999999999
-222.29999999999973
-270.7999999999997
-274.4000000000001
-278.0999999999999
-279.9000000000001
-281.5999999999999
-282.1999999999998
-284.5999999999999
-289.0
-291.5999999999999
-296.1999999999998
-297.0
-298.5999999999999
-300.0999999999999
-305.5
-306.1999999999998
-309.6999999999998
-312.2999999999997
-314.9000000000001
-316.5
-319.0
-320.5
-324.9000000000001
-328.5
-331.1999999999998
-332.9000000000001
-269.5
-332.5
-333.1999999999998
-336.6999999999998
-339.2999999999997
-298.9000000000001
-339.1999999999998
-343.6999999999998
-347.4000000000001
-349.1999999999998
-270.9000000000001
-347.5
-350.2999999999997
-351.0999999999999
-350.6999999999998
-352.0
-355.1999999999998
-356.5
-357.6999999999998
-358.7999999999997
-278.7999999999997
-351.5999999999999
-352.2999999999997
-349.9000000000001
-276.0999999999999
-340.7999999999997
-341.5999999999999
-340.4000000000001
-341.0
-341.5999999999999
-342.1999999999998
-341.7999999999997
-342.2999999999997
-343.7999999999997
-343.4000000000001
-260.9000000000001
-334.0999999999999
-332.4000000000001
-329.5
-250.29999999999973
-324.1999999999998
-323.2999999999997
-322.2999999999997
-324.1999999999998
-323.2999999999997
-327.2999999999997
-326.6999999999998
-330.0
-331.5999999999999
-331.2999999999997
-249.9000000000001
-322.2999999999997
-321.6999999999998
-325.0
-249.5999999999999
-320.5999999999999
-321.4000000000001
-321.1999999999998
-322.9000000000001
-324.6999999999998
-323.5999999999999
-324.2999999999997
-325.0
-327.6999999999998
-329.5999999999999
-251.5999999999999
-318.6999999999998
-319.1999999999998
-318.6999999999998
-247.0999999999999
-313.2999999999997
-313.7999999999997
-314.2999999999997
-316.7999999999997
-314.5
-314.9000000000001
-316.2999999999997
-316.7999999999997
-317.2999999999997
-316.7999999999997
-242.19999999999982
-312.0999999999999
-312.6999999999998
-310.2999999999997
-237.5999999999999
-302.5999999999999
-302.7999999999997
-302.0
-302.0999999999999
-304.1999999999998
-296.5
-301.0
-300.0
-297.9000000000001
-296.5999999999999
-222.19999999999982
-287.4000000000001
-284.9000000000001
-281.1999999999998
-213.19999999999982
-274.5
-273.6999999999998
-272.9000000000001
-270.0999999999999
-268.0999999999999
-268.0
-271.0
-268.4000000000001
-266.5999999999999
-267.6999999999998
-198.0
-259.4000000000001
-256.6999999999998
-188.79999999999973
-249.19999999999982
-250.4000000000001
-250.79999999999973
-249.29999999999973
-250.69999999999982
-252.29999999999973
-253.0999999999999
-253.0
-253.9000000000001
-255.9000000000001
-185.0999999999999
-250.19999999999982
-252.5
-254.0
-184.5999999999999
-248.19999999999982
-250.79999999999973
-255.5999999999999
-256.7999999999997
-259.0
-260.2999999999997
-261.5999999999999
-263.9000000000001
-266.2999999999997
-265.7999999999997
-196.0999999999999
-259.2999999999997
-260.4000000000001
-259.5
-191.4000000000001
-255.4000000000001
-258.4000000000001
-260.5999999999999
-261.9000000000001
-264.1999999999998
-265.5999999999999
-266.0
-270.2999999999997
-270.9000000000001
-194.4000000000001
-262.0999999999999
-262.1999999999998
-263.1999999999998
-193.19999999999982
-257.0999999999999
-257.0
-257.7999999999997
-262.5999999999999
-264.7999999999997
-265.0999999999999
-265.2999999999997
-266.4000000000001
-270.5
-199.9000000000001
-264.0999999999999
-264.2999999999997
-262.4000000000001
-193.19999999999982
-254.0
-254.5
-258.0
-261.7999999999997
-262.9000000000001
-266.0
-268.2999999999997
-268.6999999999998
-269.0
-196.19999999999982
-260.0
-262.7999999999997
-261.7999999999997
-188.5999999999999
-257.0
-256.9000000000001
-258.6999999999998
-259.5999999999999
-239.5
-260.2999999999997
-261.2999999999997
-264.2999999999997
-266.5
-265.7999999999997
-266.9000000000001
-197.0
-262.0
-264.0999999999999
-263.2999999999997
-195.29999999999973
-258.4000000000001
-259.4000000000001
-198.4000000000001
-257.1999999999998
-254.4000000000001
-195.19999999999982
-253.0
-190.0999999999999
-247.79999999999973
-190.79999999999973
-246.0
-190.19999999999982
-242.69999999999982
-186.9000000000001
-238.39999999999986
-240.5
-241.69999999999982
-242.9000000000001
-243.0999999999999
-245.19999999999982
-246.4000000000001
-245.5999999999999
-246.5999999999999
-175.5999999999999
-242.4000000000001
-240.5
-243.29999999999973
-175.29999999999973
-237.4000000000001
-238.29999999999973
-241.19999999999982
-241.29999999999973
-207.29999999999973
-245.79999999999973
-246.4000000000001
-247.9000000000001
-251.4000000000001
-253.0999999999999
-192.79999999999973
-251.29999999999973
-253.0999999999999
-253.9000000000001
-254.5999999999999
-251.19999999999982
-253.29999999999973
-254.5
-254.69999999999982
-254.79999999999973
-180.79999999999973
-244.29999999999973
-246.79999999999973
-247.5
-178.19999999999982
-240.9000000000001
-243.5
-242.29999999999973
-244.9000000000001
-244.69999999999982
-228.4000000000001
-245.4000000000001
-249.19999999999982
-252.29999999999973
-255.5999999999999
-259.0999999999999
-258.7999999999997
-258.2999999999997
-262.5999999999999
-262.1999999999998
-199.5999999999999
-260.5999999999999
-261.1999999999998
-259.6999999999998
-198.9000000000001
-254.9000000000001
-258.0
-200.29999999999973
-253.69999999999982
-199.9000000000001
-248.5999999999999
-248.5999999999999
-198.5
-246.29999999999973
-249.29999999999973
-202.5
-246.9000000000001
-203.0999999999999
-247.79999999999973
-199.29999999999973
-244.79999999999973
-200.19999999999982
-245.0
-199.5999999999999
-246.5
-206.4000000000001
-247.0999999999999
-249.0999999999999
-252.0999999999999
-251.19999999999982
-255.0
-256.0
-256.9000000000001
-259.6999999999998
-259.5999999999999
-180.29999999999973
-255.9000000000001
-257.6999999999998
-258.5
-182.19999999999982
-255.0999999999999
-254.9000000000001
-255.5
-257.0
-256.5
-257.7999999999997
-257.0999999999999
-257.1999999999998
-257.1999999999998
-207.0999999999999
-253.9000000000001
-254.79999999999973
-256.6999999999998
-256.6999999999998
-257.5999999999999
-258.5
-241.4000000000001
-260.5
-263.5999999999999
-262.9000000000001
-265.0
-192.19999999999982
-259.0
-261.0999999999999
-263.2999999999997
-190.5999999999999
-259.5
-258.9000000000001
-192.0999999999999
-254.5
-256.6999999999998
-190.0
-253.5
-253.9000000000001
-186.19999999999982
-249.5999999999999
-183.9000000000001
-248.5
-248.0999999999999
-180.5
-245.0
-181.5
-240.5
-177.9000000000001
-238.89999999999986
-180.5
-237.0999999999999
-239.79999999999995
-241.5999999999999
-245.39999999999986
-246.39999999999986
-216.29999999999973
-245.0
-245.69999999999982
-248.29999999999973
-222.0
-250.9000000000001
-256.7999999999997
-257.0999999999999
-262.1999999999998
-266.5999999999999
-270.1999999999998
-272.9000000000001
-277.5999999999999
-279.5
-281.2999999999997
-282.0
-285.5
-288.0999999999999
-291.6999999999998
-294.4000000000001
-297.0999999999999
-300.7999999999997
-305.5999999999999
-306.5999999999999
-310.4000000000001
-313.2999999999997
-235.19999999999982
-308.0
-311.5999999999999
-313.2999999999997
-237.9000000000001
-310.6999999999998
-312.2999999999997
-315.7999999999997
-318.4000000000001
-321.0
-282.5999999999999
-323.0999999999999
-327.7999999999997
-331.6999999999998
-332.6999999999998
-265.5
-331.2999999999997
-334.0999999999999
-336.9000000000001
-337.6999999999998
-339.2999999999997
-341.7999999999997
-341.2999999999997
-342.5
-341.5999999999999
-256.4000000000001
-333.5
-333.0
-332.2999999999997
-252.4000000000001
-324.4000000000001
-323.2999999999997
-324.0
-324.6999999999998
-323.4000000000001
-324.9000000000001
-328.5
-329.4000000000001
-329.2999999999997
-330.0999999999999
-260.9000000000001
-327.6999999999998
-330.7999999999997
-330.0999999999999
-262.1999999999998
-328.4000000000001
-329.7999999999997
-328.1999999999998
-332.2999999999997
-330.6999999999998
-333.7999999999997
-333.0999999999999
-334.1999999999998
-335.2999999999997
-331.4000000000001
-250.0
-325.4000000000001
-327.0999999999999
-324.9000000000001
-248.4000000000001
-319.1999999999998
-319.7999999999997
-322.4000000000001
-324.1999999999998
-318.0999999999999
-325.2999999999997
-327.1999999999998
-328.1999999999998
-330.1999999999998
-328.2999999999997
-251.0999999999999
-322.0999999999999
-320.9000000000001
-322.5
-248.19999999999982
-317.4000000000001
-318.1999999999998
-321.0
-320.0
-320.7999999999997
-320.5999999999999
-321.2999999999997
-322.0
-321.6999999999998
-321.2999999999997
-247.79999999999973
-312.9000000000001
-313.1999999999998
-312.5
-245.69999999999982
-306.1999999999998
-305.4000000000001
-303.5
-304.4000000000001
-303.4000000000001
-304.2999999999997
-301.2999999999997
-302.0
-300.7999999999997
-225.5
-287.6999999999998
-287.9000000000001
-287.1999999999998
-217.5
-277.9000000000001
-277.0999999999999
-210.29999999999973
-267.9000000000001
-270.0
-267.4000000000001
-267.5999999999999
-265.9000000000001
-264.0999999999999
-263.1999999999998
-263.2999999999997
-265.5
-195.0
-256.5
-256.9000000000001
-254.4000000000001
-187.69999999999982
-247.4000000000001
-248.79999999999973
-249.4000000000001
-250.0999999999999
-250.9000000000001
-251.79999999999973
-253.79999999999973
-255.0
-255.29999999999973
-191.5999999999999
-251.5
-252.0
-252.5
-257.0
-259.9000000000001
-261.0
-263.0999999999999
-266.2999999999997
-267.6999999999998
-270.0999999999999
-269.5999999999999
-273.9000000000001
-274.5
-202.0
-267.0999999999999
-265.2999999999997
-266.1999999999998
-199.0999999999999
-262.1999999999998
-263.1999999999998
-264.1999999999998
-266.1999999999998
-268.2999999999997
-271.5
-271.9000000000001
-272.1999999999998
-198.4000000000001
-268.0999999999999
-267.4000000000001
-266.5
-266.4000000000001
-199.19999999999982
-260.1999999999998
-262.9000000000001
-264.7999999999997
-266.7999999999997
-267.9000000000001
-266.0
-270.7999999999997
-274.0
-274.4000000000001
-274.6999999999998
-202.9000000000001
-266.7999999999997
-264.6999999999998
-266.2999999999997
-196.0
-260.5999999999999
-260.2999999999997
-262.9000000000001
-264.6999999999998
-264.5999999999999
-266.4000000000001
-266.2999999999997
-270.0999999999999
-268.1999999999998
-195.0
-261.4000000000001
-260.0999999999999
-190.5999999999999
-251.0999999999999
-252.29999999999973
-251.5999999999999
-255.79999999999973
-254.4000000000001
-259.7999999999997
-259.6999999999998
-260.5
-263.2999999999997
-267.2999999999997
-265.5999999999999
-195.5999999999999
-259.5
-257.4000000000001
-257.0
-189.5
-253.19999999999982
-251.9000000000001
-256.4000000000001
-256.2999999999997
-260.0999999999999
-262.1999999999998
-266.4000000000001
-265.9000000000001
-266.1999999999998
-191.4000000000001
-260.0
-258.0999999999999
-259.9000000000001
-186.79999999999973
-252.29999999999973
-253.0
-253.69999999999982
-256.4000000000001
-259.2999999999997
-260.4000000000001
-262.5
-264.6999999999998
-266.0
-196.29999999999973
-258.5
-261.5
-260.6999999999998
-190.69999999999982
-250.5999999999999
-252.0999999999999
-253.69999999999982
-254.4000000000001
-255.0999999999999
-256.7999999999997
-259.5999999999999
-259.5999999999999
-261.5
-188.5
-255.0999999999999
-253.0
-252.5999999999999
-185.0999999999999
-246.79999999999973
-245.29999999999973
-246.5999999999999
-250.0
-251.69999999999982
-250.5
-254.0999999999999
-254.0
-254.79999999999973
-188.5999999999999
-249.69999999999982
-249.5
-249.19999999999982
-187.79999999999973
-245.19999999999982
-245.9000000000001
-243.5999999999999
-246.0
-246.5999999999999
-249.19999999999982
-251.0
-251.9000000000001
-251.79999999999973
-185.5999999999999
-246.69999999999982
-250.5
-253.5999999999999
-184.9000000000001
-247.19999999999982
-246.29999999999973
-246.19999999999982
-246.0
-247.69999999999982
-248.5
-253.29999999999973
-256.5
-254.9000000000001
-192.0
-251.69999999999982
-251.9000000000001
-252.0
-190.0
-247.69999999999982
-246.69999999999982
-249.5
-247.5
-251.19999999999982
-252.19999999999982
-254.19999999999982
-256.2999999999997
-256.5
-190.5999999999999
-251.0
-252.0
-253.0
-190.0
-248.5999999999999
-251.5999999999999
-250.79999999999973
-247.79999999999973
-233.4000000000001
-250.5
-249.4000000000001
-251.0999999999999
-238.9000000000001
-252.4000000000001
-251.29999999999973
-256.0
-257.0999999999999
-188.19999999999982
-253.29999999999973
-253.5
-254.5999999999999
-186.69999999999982
-248.9000000000001
-249.9000000000001
-249.9000000000001
-186.79999999999973
-245.29999999999973
-184.19999999999982
-241.9000000000001
-242.9000000000001
-190.9000000000001
-240.5999999999999
-243.69999999999982
-248.0
-249.5999999999999
-250.19999999999982
-250.69999999999982
-251.0999999999999
-252.4000000000001
-178.69999999999982
-246.5
-247.69999999999982
-246.9000000000001
-181.9000000000001
-246.29999999999973
-248.69999999999982
-249.19999999999982
-250.5999999999999
-253.0
-255.5
-255.0999999999999
-257.5
-257.0
-195.29999999999973
-254.29999999999973
-255.69999999999982
-257.0999999999999
-196.5
-255.69999999999982
-254.29999999999973
-256.5999999999999
-256.0
-258.1999999999998
-259.5
-259.7999999999997
-259.0
-259.0
-186.9000000000001
-250.5
-251.0999999999999
-253.69999999999982
-185.5
-248.4000000000001
-247.19999999999982
-248.79999999999973
-252.5
-250.5
-252.19999999999982
-250.0
-255.5
-256.5
-262.5
-261.0
-262.1999999999998
-264.4000000000001
-263.6999999999998
-265.7999999999997
-272.0
-274.6999999999998
-212.5
-272.9000000000001
-275.7999999999997
-275.7999999999997
-215.5999999999999
-273.1999999999998
-273.0
-275.5999999999999
-277.2999999999997
-279.0
-280.6999999999998
-284.4000000000001
-287.2999999999997
-289.2999999999997
-294.2999999999997
-296.5999999999999
-221.9000000000001
-291.5
-293.5999999999999
-294.6999999999998
-224.69999999999982
-292.5
-293.5999999999999
-296.5999999999999
-298.6999999999998
-302.7999999999997
-305.0999999999999
-305.4000000000001
-306.5
-307.5
-241.4000000000001
-301.5
-300.0999999999999
-298.4000000000001
-233.4000000000001
-290.7999999999997
-294.5
-294.5
-295.4000000000001
-294.2999999999997
-296.0
-296.7999999999997
-296.5999999999999
-297.2999999999997
-297.0
-226.5999999999999
-290.0999999999999
-291.5999999999999
-290.1999999999998
-224.5999999999999
-287.4000000000001
-288.0999999999999
-288.7999999999997
-290.5
-287.2999999999997
-287.6999999999998
-288.0999999999999
-289.5
-290.0
-289.5
-218.9000000000001
-284.1999999999998
-283.6999999999998
-285.0999999999999
-219.5999999999999
-282.5
-283.2999999999997
-284.0999999999999
-284.9000000000001
-283.6999999999998
-284.2999999999997
-286.9000000000001
-287.6999999999998
-286.5
-287.0999999999999
-216.69999999999982
-283.1999999999998
-283.0
-283.6999999999998
-215.4000000000001
-279.1999999999998
-281.0
-281.9000000000001
-281.7999999999997
-283.5999999999999
-284.5
-287.4000000000001
-289.5
-288.6999999999998
-288.6999999999998
-290.5999999999999
-221.5999999999999
-285.5999999999999
-287.5999999999999
-289.6999999999998
-223.9000000000001
-286.4000000000001
-287.6999999999998
-286.0
-286.0
-283.9000000000001
-284.5
-283.0999999999999
-280.5
-282.5999999999999
-281.9000000000001
-211.0999999999999
-272.1999999999998
-273.0999999999999
-275.0999999999999
-211.29999999999973
-272.0999999999999
-271.5999999999999
-272.0
-271.4000000000001
-273.6999999999998
-275.1999999999998
-275.7999999999997
-275.4000000000001
-278.9000000000001
-274.6999999999998
-203.0
-268.0999999999999
-265.4000000000001
-268.4000000000001
-199.69999999999982
-261.0999999999999
-262.2999999999997
-264.5999999999999
-264.0999999999999
-265.5
-268.0
-271.6999999999998
-273.6999999999998
-273.7999999999997
-275.7999999999997
-201.9000000000001
-264.5
-264.0
-268.4000000000001
-203.19999999999982
-264.4000000000001
-268.2999999999997
-268.5
-270.5999999999999
-269.7999999999997
-258.7999999999997
-269.5999999999999
-271.5
-268.5
-257.0999999999999
-267.5
-270.0
-270.6999999999998
-273.4000000000001
-276.2999999999997
-279.4000000000001
-283.6999999999998
-286.2999999999997
-288.0
-218.69999999999982
-286.2999999999997
-288.1999999999998
-289.0999999999999
-220.9000000000001
-280.6999999999998
-283.0
-282.4000000000001
-286.5999999999999
-288.0999999999999
-288.5999999999999
-293.0
-295.6999999999998
-300.5
-303.5999999999999
-303.7999999999997
-232.79999999999973
-301.5
-301.5999999999999
-302.5
-234.29999999999973
-298.0999999999999
-296.7999999999997
-300.1999999999998
-300.7999999999997
-301.2999999999997
-303.6999999999998
-305.1999999999998
-307.6999999999998
-310.2999999999997
-311.0
-236.5999999999999
-303.5999999999999
-302.9000000000001
-301.0
-236.79999999999973
-296.0999999999999
-293.9000000000001
-294.4000000000001
-294.9000000000001
-297.4000000000001
-298.0999999999999
-298.7999999999997
-302.5
-302.5
-303.4000000000001
-231.29999999999973
-297.9000000000001
-299.7999999999997
-299.7999999999997
-230.69999999999982
-290.5999999999999
-291.0999999999999
-290.5999999999999
-290.0
-291.2999999999997
-292.6999999999998
-293.1999999999998
-297.6999999999998
-293.5999999999999
-297.0
-228.69999999999982
-293.5
-293.4000000000001
-291.1999999999998
-226.69999999999982
-286.6999999999998
-288.2999999999997
-288.0
-285.5999999999999
-289.9000000000001
-290.5999999999999
-291.2999999999997
-293.0
-294.7999999999997
-295.6999999999998
-225.5999999999999
-290.4000000000001
-291.2999999999997
-290.1999999999998
-222.9000000000001
-284.7999999999997
-284.5
-285.0999999999999
-286.6999999999998
-287.4000000000001
-289.0999999999999
-288.9000000000001
-290.5999999999999
-293.4000000000001
-223.4000000000001
-288.2999999999997
-287.2999999999997
-287.0999999999999
-221.79999999999973
-281.9000000000001
-281.5999999999999
-280.1999999999998
-280.5999999999999
-281.0
-281.4000000000001
-281.7999999999997
-280.1999999999998
-281.4000000000001
-211.69999999999982
-274.0
-271.1999999999998
-273.0999999999999
-202.19999999999982
-264.1999999999998
-266.0999999999999
-262.1999999999998
-263.9000000000001
-264.7999999999997
-264.7999999999997
-267.7999999999997
-268.0999999999999
-267.4000000000001
-195.5999999999999
-263.5999999999999
-261.0999999999999
-259.2999999999997
-260.2999999999997
-256.4000000000001
-260.0999999999999
-263.1999999999998
-260.5999999999999
-249.69999999999982
-261.6999999999998
-265.0
-266.5999999999999
-269.2999999999997
-269.1999999999998
-272.0
-202.0
-262.9000000000001
-262.5
-264.0
-199.5999999999999
-260.6999999999998
-261.5
-202.29999999999973
-261.0999999999999
-262.2999999999997
-263.5
-267.6999999999998
-268.1999999999998
-270.5999999999999
-269.0999999999999
-272.2999999999997
-272.6999999999998
-197.0
-267.5999999999999
-265.9000000000001
-264.9000000000001
-266.6999999999998
-199.5999999999999
-264.6999999999998
-265.9000000000001
-269.0999999999999
-267.5
-267.5999999999999
-268.5999999999999
-270.5999999999999
-274.6999999999998
-274.0999999999999
-275.2999999999997
-204.5
-268.5
-271.5
-271.6999999999998
-207.79999999999973
-267.4000000000001
-267.5
-266.5
-270.2999999999997
-271.4000000000001
-272.5
-276.5999999999999
-275.0
-275.0999999999999
-200.0999999999999
-265.5
-264.0999999999999
-265.5
-197.0
-258.5999999999999
-262.0
-264.6999999999998
-265.5999999999999
-268.5
-268.5999999999999
-271.5999999999999
-273.7999999999997
-275.0999999999999
-273.4000000000001
-204.4000000000001
-266.4000000000001
-267.1999999999998
-269.0
-201.9000000000001
-262.0
-266.6999999999998
-264.7999999999997
-266.5999999999999
-268.5
-269.5
-269.5
-273.4000000000001
-271.5999999999999
-196.5
-263.7999999999997
-263.5
-264.0999999999999
-195.69999999999982
-258.4000000000001
-261.0
-261.7999999999997
-267.5999999999999
-262.9000000000001
-267.5999999999999
-267.6999999999998
-269.6999999999998
-270.7999999999997
-199.9000000000001
-261.7999999999997
-262.5
-262.1999999999998
-196.79999999999973
-257.7999999999997
-256.5
-260.0
-260.7999999999997
-262.5999999999999
-262.5
-267.2999999999997
-267.5
-267.5999999999999
-193.5999999999999
-259.0999999999999
-257.7999999999997
-254.29999999999973
-189.4000000000001
-247.0
-250.0
-248.29999999999973
-249.4000000000001
-252.5999999999999
-251.0999999999999
-251.4000000000001
-252.69999999999982
-253.0999999999999
-184.5
-247.0
-247.4000000000001
-246.79999999999973
-182.0999999999999
-240.9000000000001
-239.19999999999982
-239.29999999999973
-240.4000000000001
-242.5999999999999
-245.0
-245.5999999999999
-247.19999999999982
-246.9000000000001
-178.5
-243.19999999999982
-242.0
-242.5999999999999
-173.19999999999982
-234.79999999999973
-237.19999999999982
-236.79999999999973
-241.29999999999973
-240.19999999999982
-241.9000000000001
-243.69999999999982
-244.5999999999999
-245.5
-179.4000000000001
-241.5999999999999
-240.5999999999999
-242.4000000000001
-177.29999999999973
-236.5999999999999
-238.4000000000001
-240.29999999999973
-239.29999999999973
-241.0999999999999
-242.0
-242.9000000000001
-243.79999999999973
-243.69999999999982
-178.5
-240.69999999999982
-241.69999999999982
-176.69999999999982
-236.0999999999999
-236.0
-238.79999999999973
-237.79999999999973
-236.5999999999999
-240.19999999999982
-239.0999999999999
-242.79999999999973
-246.79999999999973
-243.0999999999999
-179.9000000000001
-240.29999999999973
-239.29999999999973
-240.0999999999999
-178.9000000000001
-235.5
-237.29999999999973
-235.19999999999982
-237.79999999999973
-238.5999999999999
-236.4000000000001
-239.9000000000001
-237.69999999999982
-239.19999999999982
-175.79999999999973
-236.0
-234.79999999999973
-235.4000000000001
-172.0
-230.20000000000005
-231.79999999999995
-230.5
-234.0
-233.79999999999995
-237.5
-238.5
-239.5
-240.5
-176.5
-235.0
-235.89999999999986
-233.79999999999973
-173.4000000000001
-232.89999999999986
-232.89999999999986
-235.79999999999995
-234.89999999999986
-235.79999999999995
-239.69999999999982
-236.9000000000001
-241.69999999999982
-242.9000000000001
-178.0999999999999
-239.70000000000005
-238.0
-238.0
-237.9000000000001
-239.69999999999982
-243.5999999999999
-243.79999999999973
-244.9000000000001
-244.0
-244.9000000000001
-247.79999999999973
-249.9000000000001
-250.0999999999999
-182.19999999999982
-242.4000000000001
-245.19999999999982
-244.19999999999982
-187.0
-241.0
-242.9000000000001
-244.9000000000001
-245.0
-249.0
-249.29999999999973
-252.5
-251.9000000000001
-184.0999999999999
-246.4000000000001
-248.5
-247.69999999999982
-248.69999999999982
-182.69999999999982
-244.0
-247.0
-250.19999999999982
-249.5999999999999
-248.79999999999973
-249.79999999999973
-248.79999999999973
-251.5999999999999
-255.5999999999999
-253.9000000000001
-191.9000000000001
-249.5999999999999
-249.5999999999999
-250.5
-192.4000000000001
-246.4000000000001
-248.29999999999973
-248.29999999999973
-250.19999999999982
-253.19999999999982
-253.4000000000001
-258.5
-259.0
-258.4000000000001
-189.5999999999999
-252.79999999999973
-249.9000000000001
-256.5999999999999
-256.9000000000001
-186.0999999999999
-248.0999999999999
-249.9000000000001
-253.79999999999973
-253.0
-256.0
-258.1999999999998
-258.5
-260.6999999999998
-262.0
-192.29999999999973
-252.5
-256.2999999999997
-254.4000000000001
-192.19999999999982
-253.69999999999982
-252.9000000000001
-254.9000000000001
-258.0
-259.2999999999997
-259.5999999999999
-260.7999999999997
-263.0
-262.2999999999997
-194.4000000000001
-256.5999999999999
-258.5999999999999
-261.6999999999998
-188.0
-254.79999999999973
-252.9000000000001
-254.69999999999982
-258.5999999999999
-257.7999999999997
-257.7999999999997
-262.6999999999998
-264.0
-261.2999999999997
-196.19999999999982
-256.5
-256.4000000000001
-259.1999999999998
-193.19999999999982
-251.5
-251.19999999999982
-254.79999999999973
-255.69999999999982
-258.5999999999999
-259.6999999999998
-259.7999999999997
-259.7999999999997
-262.6999999999998
-264.7999999999997
-194.0
-260.0
-259.1999999999998
-256.1999999999998
-192.79999999999973
-254.0
-254.9000000000001
-254.79999999999973
-255.5999999999999
-254.4000000000001
-255.0
-255.5999999999999
-260.1999999999998
-261.1999999999998
-192.19999999999982
-254.19999999999982
-254.0
-255.69999999999982
-187.5
-248.4000000000001
-249.0
-252.5999999999999
-254.5
-255.5
-257.5
-257.5999999999999
-257.5999999999999
-258.5
-191.4000000000001
-253.5
-254.4000000000001
-256.2999999999997
-191.29999999999973
-249.69999999999982
-249.5
-252.19999999999982
-251.0999999999999
-252.79999999999973
-254.5999999999999
-253.5
-257.1999999999998
-257.1999999999998
-188.0999999999999
-254.0
-254.0999999999999
-251.0999999999999
-187.69999999999982
-246.9000000000001
-248.5999999999999
-248.4000000000001
-249.0999999999999
-249.79999999999973
-250.5
-252.19999999999982
-253.0
-253.79999999999973
-185.5999999999999
-249.5
-247.4000000000001
-248.0
-184.5999999999999
-245.79999999999973
-245.69999999999982
-246.5
-247.29999999999973
-249.0999999999999
-250.0
-249.9000000000001
-251.69999999999982
-253.5999999999999
-185.5999999999999
-248.69999999999982
-249.69999999999982
-249.69999999999982
-180.5999999999999
-245.5
-243.5
-245.19999999999982
-244.0
-243.5999999999999
-243.0999999999999
-247.5
-247.29999999999973
-250.0
-185.9000000000001
-248.29999999999973
-247.5
-248.5
-180.5
-240.5999999999999
-245.29999999999973
-245.4000000000001
-244.4000000000001
-245.19999999999982
-243.0
-247.5
-248.4000000000001
-250.29999999999973
-182.29999999999973
-242.4000000000001
-244.0999999999999
-244.9000000000001
-176.69999999999982
-239.5999999999999
-241.4000000000001
-240.29999999999973
-237.0
-239.29999999999973
-239.79999999999973
-244.29999999999973
-246.19999999999982
-248.19999999999982
-179.29999999999973
-238.4000000000001
-240.0
-240.69999999999982
-180.4000000000001
-237.0
-239.79999999999973
-236.79999999999973
-239.4000000000001
-236.19999999999982
-238.5999999999999
-240.19999999999982
-242.9000000000001
-241.79999999999973
-177.5
-238.69999999999982
-237.5999999999999
-236.29999999999973
-174.79999999999973
-231.0999999999999
-230.5999999999999
-234.0
-234.69999999999982
-236.4000000000001
-238.19999999999982
-238.0999999999999
-237.9000000000001
-239.5999999999999
-174.4000000000001
-230.5999999999999
-233.0
-231.5999999999999
-172.0
-231.39999999999986
-230.29999999999995
-232.0
-232.79999999999995
-236.5999999999999
-236.70000000000005
-238.69999999999982
-238.79999999999973
-239.79999999999973
-174.79999999999973
-235.20000000000005
-234.20000000000005
-236.0
-238.9000000000001
-239.0
-241.0
-242.0999999999999
-241.19999999999982
-243.0999999999999
-244.0999999999999
-246.0999999999999
-249.19999999999982
-252.5
-184.0
-245.5
-245.69999999999982
-244.79999999999973
-181.69999999999982
-238.19999999999982
-243.9000000000001
-241.0999999999999
-245.9000000000001
-250.0999999999999
-251.5999999999999
-252.0999999999999
-254.5
-183.0
-250.19999999999982
-248.69999999999982
-248.9000000000001
-247.0
-180.79999999999973
-244.9000000000001
-247.0
-249.19999999999982
-247.5
-248.5
-251.5
-252.69999999999982
-256.9000000000001
-257.4000000000001
-257.7999999999997
-190.0999999999999
-251.5
-253.5999999999999
-256.7999999999997
-188.19999999999982
-249.5999999999999
-249.69999999999982
-249.69999999999982
-249.5999999999999
-252.4000000000001
-253.4000000000001
-254.4000000000001
-253.4000000000001
-253.19999999999982
-183.9000000000001
-249.5999999999999
-250.5
-247.4000000000001
-180.9000000000001
-243.69999999999982
-245.4000000000001
-246.19999999999982
-249.0
-250.0
-253.0
-252.19999999999982
-252.19999999999982
-253.0999999999999
-254.0
-186.9000000000001
-249.0
-248.9000000000001
-251.69999999999982
-188.69999999999982
-249.29999999999973
-250.5
-251.69999999999982
-251.9000000000001
-252.0
-254.0
-258.0999999999999
-260.5
-261.0
-188.4000000000001
-255.4000000000001
-254.69999999999982
-255.79999999999973
-185.9000000000001
-249.9000000000001
-251.9000000000001
-254.0
-253.19999999999982
-252.19999999999982
-253.0
-253.79999999999973
-256.5999999999999
-259.5999999999999
-261.7999999999997
-192.0999999999999
-257.2999999999997
-257.5999999999999
-258.7999999999997
-191.0
-253.29999999999973
-253.4000000000001
-255.4000000000001
-254.5
-256.4000000000001
-255.4000000000001
-257.1999999999998
-257.0999999999999
-260.9000000000001
-186.0
-251.5
-253.19999999999982
-255.0
-189.9000000000001
-247.19999999999982
-248.79999999999973
-248.5
-247.0999999999999
-247.5
-249.9000000000001
-253.5
-255.4000000000001
-254.4000000000001
-186.19999999999982
-249.0999999999999
-248.9000000000001
-248.5999999999999
-182.19999999999982
-242.0999999999999
-243.5999999999999
-244.19999999999982
-244.79999999999973
-248.4000000000001
-246.29999999999973
-248.9000000000001
-248.69999999999982
-249.4000000000001
-180.0999999999999
-244.79999999999973
-244.5999999999999
-243.29999999999973
-247.79999999999973
-248.69999999999982
-248.5999999999999
-251.4000000000001
-255.4000000000001
-255.69999999999982
-258.9000000000001
-260.2999999999997
-260.6999999999998
-264.0
-198.5
-257.2999999999997
-260.5
-262.9000000000001
-195.4000000000001
-253.0
-254.9000000000001
-255.9000000000001
-254.9000000000001
-240.69999999999982
-256.0
-258.9000000000001
-261.0
-190.19999999999982
-256.1999999999998
-258.4000000000001
-260.6999999999998
-262.0999999999999
-191.5
-253.69999999999982
-256.6999999999998
-190.9000000000001
-249.4000000000001
-251.29999999999973
-189.29999999999973
-248.0
-189.0999999999999
-244.19999999999982
-246.29999999999973
-192.5
-245.19999999999982
-193.5999999999999
-247.69999999999982
-193.5999999999999
-240.89999999999986
-240.29999999999973
-187.5
-235.29999999999995
-185.29999999999995
-233.20000000000005
-186.29999999999995
-231.5999999999999
-229.79999999999995
-228.70000000000005
-231.39999999999986
-230.29999999999995
-231.0
-231.70000000000005
-234.39999999999986
-163.29999999999995
-231.0
-232.0999999999999
-234.20000000000005
-164.39999999999986
-231.5
-232.89999999999986
-234.29999999999995
-237.70000000000005
-241.29999999999995
-246.0999999999999
-248.20000000000005
-248.29999999999973
-250.19999999999982
-195.0999999999999
-246.29999999999973
-248.0
-247.69999999999982
-247.19999999999982
-247.5
-246.69999999999982
-247.69999999999982
-250.69999999999982
-252.9000000000001
-253.19999999999982
-257.4000000000001
-186.9000000000001
-249.19999999999982
-253.29999999999973
-252.69999999999982
-185.9000000000001
-249.29999999999973
-248.5999999999999
-251.69999999999982
-256.0
-259.5999999999999
-263.4000000000001
-267.4000000000001
-269.5999999999999
-270.7999999999997
-270.9000000000001
-209.79999999999973
-265.4000000000001
-267.0
-265.5999999999999
-207.9000000000001
-261.2999999999997
-260.5
-261.5
-262.5
-260.5
-262.1999999999998
-264.0
-264.9000000000001
-263.7999999999997
-193.5
-262.0999999999999
-263.1999999999998
-263.2999999999997
-194.29999999999973
-260.2999999999997
-260.5
-263.5999999999999
-267.9000000000001
-267.5
-268.9000000000001
-270.2999999999997
-273.6999999999998
-275.2999999999997
-211.9000000000001
-272.0
-269.5999999999999
-269.7999999999997
-209.9000000000001
-262.9000000000001
-263.6999999999998
-264.5
-264.2999999999997
-266.0
-266.7999999999997
-266.5999999999999
-267.2999999999997
-265.0
-264.4000000000001
-190.69999999999982
-259.5999999999999
-260.0999999999999
-261.5999999999999
-193.19999999999982
-255.9000000000001
-256.5
-259.0999999999999
-258.9000000000001
-261.5999999999999
-264.5
-267.5999999999999
-268.9000000000001
-266.1999999999998
-196.0999999999999
-260.9000000000001
-260.7999999999997
-259.5999999999999
-192.19999999999982
-254.0
-255.5999999999999
-254.29999999999973
-257.7999999999997
-257.5999999999999
-258.2999999999997
-260.0
-260.7999999999997
-261.5999999999999
-191.4000000000001
-255.0999999999999
-254.79999999999973
-257.4000000000001
-190.19999999999982
-248.19999999999982
-250.5999999999999
-251.19999999999982
-254.79999999999973
-255.69999999999982
-254.5999999999999
-256.2999999999997
-257.0999999999999
-258.9000000000001
-186.79999999999973
-255.4000000000001
-253.5
-251.29999999999973
-251.79999999999973
-252.29999999999973
-253.79999999999973
-253.4000000000001
-255.9000000000001
-255.5999999999999
-256.1999999999998
-256.7999999999997
-257.4000000000001
-259.0
-191.69999999999982
-250.5999999999999
-252.0
-252.5
-185.0
-244.69999999999982
-247.0
-249.5
-252.19999999999982
-254.0999999999999
-257.0999999999999
-259.2999999999997
-259.5999999999999
-189.79999999999973
-254.9000000000001
-254.0999999999999
-253.0999999999999
-252.9000000000001
-182.5999999999999
-246.19999999999982
-246.79999999999973
-249.4000000000001
-248.19999999999982
-249.79999999999973
-251.5
-254.29999999999973
-256.2999999999997
-258.4000000000001
-257.5999999999999
-188.5999999999999
-253.5999999999999
-255.69999999999982
-256.9000000000001
-193.0999999999999
-253.79999999999973
-254.0999999999999
-255.29999999999973
-255.5
-256.5999999999999
-258.6999999999998
-260.9000000000001
-263.1999999999998
-265.5999999999999
-193.0999999999999
-258.1999999999998
-258.4000000000001
-259.5
-191.5999999999999
-256.7999999999997
-259.0999999999999
-258.5
-258.6999999999998
-260.7999999999997
-262.0
-262.1999999999998
-261.2999999999997
-265.1999999999998
-267.4000000000001
-200.69999999999982
-260.1999999999998
-260.1999999999998
-260.0999999999999
-194.9000000000001
-255.0999999999999
-258.9000000000001
-260.0
-259.0999999999999
-261.0
-261.0
-262.9000000000001
-264.9000000000001
-264.0
-195.9000000000001
-256.9000000000001
-259.5999999999999
-260.5
-189.4000000000001
-255.0999999999999
-254.0
-256.6999999999998
-258.5999999999999
-259.5999999999999
-261.5999999999999
-261.6999999999998
-265.6999999999998
-265.0
-195.0999999999999
-258.0999999999999
-259.0
-257.9000000000001
-193.5999999999999
-253.79999999999973
-255.5999999999999
-259.5
-256.6999999999998
-260.5
-262.5999999999999
-260.7999999999997
-262.6999999999998
-264.6999999999998
-194.79999999999973
-258.7999999999997
-259.7999999999997
-259.7999999999997
-190.69999999999982
-255.5999999999999
-255.5999999999999
-254.5
-257.1999999999998
-256.0999999999999
-259.7999999999997
-259.7999999999997
-260.6999999999998
-260.5999999999999
-194.4000000000001
-256.5
-257.4000000000001
-259.2999999999997
-190.29999999999973
-254.29999999999973
-253.29999999999973
-253.0999999999999
-253.79999999999973
-255.5
-259.2999999999997
-257.4000000000001
-258.1999999999998
-258.0
-189.69999999999982
-251.5
-251.0999999999999
-249.5999999999999
-179.9000000000001
-243.19999999999982
-244.5
-243.9000000000001
-244.19999999999982
-246.5
-249.0
-248.69999999999982
-251.29999999999973
-249.0999999999999
-182.5999999999999
-244.4000000000001
-247.0
-248.79999999999973
-183.69999999999982
-243.0
-241.79999999999973
-242.4000000000001
-243.0
-242.5999999999999
-244.0999999999999
-243.69999999999982
-245.19999999999982
-246.79999999999973
-179.5
-239.4000000000001
-238.9000000000001
-243.29999999999973
-179.0999999999999
-239.4000000000001
-240.29999999999973
-240.19999999999982
-238.0
-233.5
-240.5
-242.19999999999982
-241.0
-243.5999999999999
-178.4000000000001
-239.5999999999999
-239.5
-240.29999999999973
-179.0999999999999
-234.69999999999982
-234.4000000000001
-177.0
-229.79999999999995
-230.39999999999986
-230.0
-231.5
-233.0999999999999
-234.79999999999995
-236.5999999999999
-238.5
-242.5
-240.79999999999973
-169.79999999999973
-239.5999999999999
-241.0
-242.4000000000001
-172.79999999999973
-232.0999999999999
-236.89999999999986
-237.0999999999999
-237.20000000000005
-241.19999999999982
-243.5
-242.9000000000001
-245.0999999999999
-247.4000000000001
-184.79999999999973
-242.79999999999973
-243.0999999999999
-245.29999999999973
-183.5999999999999
-239.5999999999999
-239.69999999999982
-242.69999999999982
-240.9000000000001
-242.79999999999973
-244.79999999999973
-245.9000000000001
-247.0
-248.0999999999999
-180.19999999999982
-244.4000000000001
-243.5999999999999
-243.5999999999999
-173.5
-236.29999999999973
-239.0
-240.9000000000001
-239.9000000000001
-244.69999999999982
-244.9000000000001
-247.0
-248.19999999999982
-252.4000000000001
-253.9000000000001
-188.4000000000001
-248.19999999999982
-249.5
-248.79999999999973
-184.9000000000001
-243.5
-246.5
-246.69999999999982
-249.79999999999973
-252.0999999999999
-252.5
-256.7999999999997
-258.4000000000001
-258.0
-185.4000000000001
-251.4000000000001
-252.5999999999999
-251.79999999999973
-182.79999999999973
-244.79999999999973
-248.5999999999999
-247.69999999999982
-250.5999999999999
-251.69999999999982
-253.79999999999973
-257.0
-259.4000000000001
-260.9000000000001
-196.4000000000001
-257.2999999999997
-256.7999999999997
-256.0999999999999
-197.19999999999982
-251.29999999999973
-253.29999999999973
-256.4000000000001
-258.6999999999998
-261.0999999999999
-260.5999999999999
-262.9000000000001
-263.2999999999997
-265.5999999999999
-194.0
-258.0999999999999
-258.1999999999998
-261.1999999999998
-189.4000000000001
-253.29999999999973
-253.19999999999982
-254.0
-256.7999999999997
-256.7999999999997
-258.6999999999998
-260.6999999999998
-261.7999999999997
-259.9000000000001
-193.69999999999982
-256.7999999999997
-254.79999999999973
-254.5
-190.0999999999999
-248.19999999999982
-248.69999999999982
-249.19999999999982
-247.69999999999982
-250.0
-250.5
-251.0
-253.5
-255.19999999999982
-183.0
-249.5
-246.29999999999973
-246.69999999999982
-180.0999999999999
-241.79999999999973
-241.29999999999973
-243.69999999999982
-243.29999999999973
-245.79999999999973
-246.5
-248.19999999999982
-251.0
-250.0
-186.79999999999973
-243.19999999999982
-243.79999999999973
-244.4000000000001
-183.0
-240.4000000000001
-240.0999999999999
-240.69999999999982
-239.29999999999973
-240.69999999999982
-242.19999999999982
-242.79999999999973
-246.4000000000001
-246.29999999999973
-177.0999999999999
-239.9000000000001
-239.5999999999999
-241.19999999999982
-175.9000000000001
-237.0
-237.79999999999973
-238.5999999999999
-237.4000000000001
-240.0
-238.79999999999973
-238.4000000000001
-241.9000000000001
-240.69999999999982
-179.29999999999973
-236.69999999999982
-236.4000000000001
-237.0
-171.5999999999999
-231.5999999999999
-234.20000000000005
-234.0
-233.69999999999982
-237.29999999999973
-239.19999999999982
-243.19999999999982
-240.5
-242.4000000000001
-178.4000000000001
-237.9000000000001
-237.9000000000001
-236.79999999999973
-177.5
-233.20000000000005
-234.0
-238.79999999999995
-239.0
-235.0999999999999
-235.69999999999982
-237.29999999999973
-238.0
-239.69999999999982
-173.5
-233.5999999999999
-234.29999999999995
-237.0
-173.9000000000001
-228.39999999999986
-229.89999999999986
-234.5
-232.5
-235.20000000000005
-235.0999999999999
-237.9000000000001
-238.9000000000001
-238.9000000000001
-176.79999999999973
-235.39999999999986
-235.39999999999986
-236.29999999999995
-175.19999999999982
-230.89999999999986
-232.70000000000005
-233.5999999999999
-233.5
-234.29999999999995
-235.0999999999999
-238.9000000000001
-239.0
-239.0
-177.9000000000001
-234.5999999999999
-237.5
-236.5999999999999
-176.5
-232.29999999999995
-234.20000000000005
-235.20000000000005
-236.20000000000005
-238.20000000000005
-237.29999999999973
-239.19999999999982
-240.19999999999982
-243.19999999999982
-177.4000000000001
-235.89999999999986
-235.79999999999973
-238.5999999999999
-175.5999999999999
-234.20000000000005
-236.20000000000005
-238.29999999999995
-239.5
-240.69999999999982
-241.9000000000001
-247.0999999999999
-247.69999999999982
-248.19999999999982
-180.5999999999999
-240.0999999999999
-245.0999999999999
-244.5
-180.69999999999982
-240.4000000000001
-240.5999999999999
-240.69999999999982
-240.69999999999982
-241.5999999999999
-242.5
-245.4000000000001
-246.5
-248.5999999999999
-184.79999999999973
-245.5
-241.79999999999973
-242.5999999999999
-183.4000000000001
-239.19999999999982
-242.0999999999999
-245.19999999999982
-243.5
-244.5
-243.5
-245.29999999999973
-248.19999999999982
-246.29999999999973
-184.0999999999999
-242.5999999999999
-242.5
-242.29999999999973
-180.0
-237.4000000000001
-238.0999999999999
-241.79999999999973
-241.79999999999973
-239.69999999999982
-240.29999999999973
-243.9000000000001
-245.79999999999973
-247.79999999999973
-182.9000000000001
-239.4000000000001
-244.0999999999999
-244.19999999999982
-180.19999999999982
-237.69999999999982
-243.5
-243.79999999999973
-245.0
-243.19999999999982
-245.0999999999999
-245.0999999999999
-249.0
-250.19999999999982
-184.4000000000001
-243.9000000000001
-242.9000000000001
-247.69999999999982
-178.9000000000001
-241.0999999999999
-242.0999999999999
-244.0999999999999
-246.19999999999982
-248.4000000000001
-248.69999999999982
-252.9000000000001
-254.4000000000001
-253.9000000000001
-190.19999999999982
-250.0
-247.29999999999973
-251.19999999999982
-188.4000000000001
-246.19999999999982
-248.29999999999973
-248.5
-249.5999999999999
-249.69999999999982
-249.69999999999982
-249.5999999999999
-253.4000000000001
-253.5
-188.5
-245.9000000000001
-249.5999999999999
-249.5999999999999
-185.5
-244.9000000000001
-246.79999999999973
-248.79999999999973
-247.9000000000001
-252.79999999999973
-253.0999999999999
-254.29999999999973
-254.5
-254.5999999999999
-191.5999999999999
-251.19999999999982
-252.29999999999973
-251.4000000000001
-188.29999999999973
-245.79999999999973
-243.5999999999999
-247.0999999999999
-248.9000000000001
-250.79999999999973
-250.79999999999973
-251.69999999999982
-252.5999999999999
-253.5
-187.4000000000001
-246.5999999999999
-247.29999999999973
-246.0
-184.5
-243.79999999999973
-242.5999999999999
-246.19999999999982
-247.0999999999999
-246.0
-247.69999999999982
-248.5
-253.29999999999973
-253.5
-187.5999999999999
-247.0
-246.9000000000001
-247.69999999999982
-182.5
-238.69999999999982
-239.0999999999999
-244.5
-247.4000000000001
-244.5
-246.19999999999982
-250.0
-252.0999999999999
-252.29999999999973
-185.4000000000001
-247.69999999999982
-247.79999999999973
-250.79999999999973
-184.0
-244.4000000000001
-246.4000000000001
-246.5
-244.5
-246.19999999999982
-250.0
-250.0999999999999
-252.0999999999999
-253.19999999999982
-186.29999999999973
-245.5999999999999
-249.4000000000001
-249.5
-249.5
-250.4000000000001
-251.29999999999973
-253.19999999999982
-255.19999999999982
-255.29999999999973
-255.29999999999973
-256.1999999999998
-258.0999999999999
-257.0999999999999
-192.9000000000001
-252.19999999999982
-253.0
-253.79999999999973
-191.5999999999999
-247.0999999999999
-248.69999999999982
-250.4000000000001
-251.19999999999982
-254.0
-256.0
-257.0999999999999
-259.1999999999998
-189.4000000000001
-254.5
-254.69999999999982
-255.79999999999973
-257.9000000000001
-190.0999999999999
-251.4000000000001
-251.4000000000001
-255.29999999999973
-254.5
-253.5
-256.2999999999997
-256.2999999999997
-260.1999999999998
-259.4000000000001
-261.4000000000001
-192.5
-252.5999999999999
-251.29999999999973
-189.79999999999973
-249.0999999999999
-251.9000000000001
-252.9000000000001
-254.9000000000001
-255.0
-256.0
-257.0
-260.0
-262.1999999999998
-265.5
-191.0
-255.9000000000001
-259.9000000000001
-258.1999999999998
-191.19999999999982
-255.4000000000001
-254.5999999999999
-257.5999999999999
-257.7999999999997
-256.9000000000001
-257.7999999999997
-260.6999999999998
-262.7999999999997
-261.0
-259.9000000000001
-193.5999999999999
-255.5999999999999
-256.4000000000001
-257.1999999999998
-197.0
-255.69999999999982
-258.7999999999997
-255.0999999999999
-257.9000000000001
-260.9000000000001
-259.0999999999999
-259.0
-259.7999999999997
-262.5999999999999
-192.5999999999999
-256.5
-256.4000000000001
-258.1999999999998
-189.0999999999999
-251.0
-249.69999999999982
-255.19999999999982
-255.19999999999982
-255.0999999999999
-254.9000000000001
-254.5999999999999
-258.1999999999998
-256.0999999999999
-189.69999999999982
-253.5999999999999
-248.5
-250.79999999999973
-187.29999999999973
-248.4000000000001
-251.19999999999982
-252.19999999999982
-252.19999999999982
-252.0999999999999
-252.9000000000001
-255.69999999999982
-257.6999999999998
-258.7999999999997
-189.9000000000001
-252.0
-252.9000000000001
-251.79999999999973
-183.5
-247.29999999999973
-248.0999999999999
-247.9000000000001
-246.5999999999999
-250.0999999999999
-250.9000000000001
-251.69999999999982
-255.5
-255.5999999999999
-186.5999999999999
-246.5999999999999
-246.19999999999982
-244.69999999999982
-183.0
-240.0999999999999
-242.5
-239.0999999999999
-244.29999999999973
-246.0
-245.79999999999973
-247.5
-246.29999999999973
-248.9000000000001
-181.69999999999982
-244.69999999999982
-243.5999999999999
-244.29999999999973
-178.0
-240.0
-239.79999999999973
-235.5
-239.69999999999982
-242.29999999999973
-242.0999999999999
-244.79999999999973
-243.69999999999982
-245.4000000000001
-179.19999999999982
-240.29999999999973
-240.0999999999999
-238.79999999999973
-179.29999999999973
-236.79999999999973
-237.5999999999999
-238.4000000000001
-237.19999999999982
-238.79999999999973
-242.5
-243.5
-244.5
-244.5
-178.4000000000001
-241.5999999999999
-241.69999999999982
-242.69999999999982
-178.69999999999982
-237.19999999999982
-237.0999999999999
-237.9000000000001
-235.69999999999982
-239.19999999999982
-239.0
-240.69999999999982
-245.5
-245.69999999999982
-180.79999999999973
-240.29999999999973
-242.29999999999973
-241.4000000000001
-179.29999999999973
-236.9000000000001
-238.79999999999973
-237.79999999999973
-239.5999999999999
-238.5
-241.19999999999982
-243.0999999999999
-242.0999999999999
-244.9000000000001
-179.9000000000001
-241.29999999999973
-238.4000000000001
-240.0999999999999
-177.9000000000001
-234.39999999999986
-235.0999999999999
-234.79999999999973
-235.4000000000001
-235.0
-237.5
-242.19999999999982
-243.29999999999973
-242.4000000000001
-176.29999999999973
-237.5
-236.4000000000001
-240.0999999999999
-175.0999999999999
-236.5
-238.5999999999999
-241.79999999999973
-242.19999999999982
-241.5
-244.5999999999999
-243.9000000000001
-242.0
-242.79999999999973
-178.5999999999999
-236.9000000000001
-240.5999999999999
-240.5999999999999
-178.5
-239.0999999999999
-239.29999999999973
-241.4000000000001
-242.5999999999999
-243.79999999999973
-244.0
-243.0999999999999
-247.0
-245.19999999999982
-177.0999999999999
-237.0999999999999
-237.69999999999982
-241.29999999999973
-176.19999999999982
-236.5
-238.4000000000001
-238.4000000000001
-240.29999999999973
-243.29999999999973
-244.5
-243.69999999999982
-243.69999999999982
-245.5999999999999
-180.5999999999999
-241.0
-242.0
-241.0
-179.79999999999973
-239.4000000000001
-237.5
-239.29999999999973
-242.19999999999982
-243.29999999999973
-244.4000000000001
-246.5
-247.69999999999982
-246.9000000000001
-180.9000000000001
-243.19999999999982
-241.29999999999973
-244.0999999999999
-177.0999999999999
-238.29999999999973
-239.19999999999982
-242.0999999999999
-243.19999999999982
-243.29999999999973
-247.29999999999973
-247.5999999999999
-248.79999999999973
-249.0
-179.0999999999999
-242.0999999999999
-241.0
-244.69999999999982
-178.69999999999982
-239.0
-240.9000000000001
-239.9000000000001
-240.69999999999982
-243.5
-244.5
-245.5
-246.5
-248.5
-184.5999999999999
-244.19999999999982
-244.29999999999973
-244.29999999999973
-178.19999999999982
-239.4000000000001
-242.29999999999973
-244.4000000000001
-245.5999999999999
-249.79999999999973
-249.29999999999973
-248.5999999999999
-249.69999999999982
-249.79999999999973
-182.79999999999973
-246.0
-246.0999999999999
-246.0999999999999
-178.0
-241.0
-242.9000000000001
-241.9000000000001
-242.69999999999982
-241.5
-245.0999999999999
-246.0
-247.9000000000001
-248.9000000000001
-183.9000000000001
-242.29999999999973
-243.0999999999999
-248.9000000000001
-245.19999999999982
-246.0
-247.79999999999973
-248.69999999999982
-248.5999999999999
-249.4000000000001
-254.19999999999982
-254.4000000000001
-255.5
-259.5999999999999
-193.0
-254.5999999999999
-256.9000000000001
-256.2999999999997
-189.5
-249.9000000000001
-252.9000000000001
-254.0999999999999
-253.29999999999973
-256.2999999999997
-256.5
-256.5999999999999
-258.5999999999999
-189.69999999999982
-255.79999999999973
-257.0999999999999
-256.4000000000001
-257.5
-190.5999999999999
-252.9000000000001
-250.0
-254.69999999999982
-255.79999999999973
-255.9000000000001
-256.9000000000001
-259.9000000000001
-262.0999999999999
-262.4000000000001
-263.5999999999999
-197.79999999999973
-258.2999999999997
-259.4000000000001
-262.5
-195.79999999999973
-260.2999999999997
-258.7999999999997
-259.0
-258.0999999999999
-260.0
-263.0
-264.1999999999998
-265.4000000000001
-265.5999999999999
-195.69999999999982
-260.6999999999998
-259.7999999999997
-260.6999999999998
-190.5999999999999
-255.4000000000001
-255.29999999999973
-257.0999999999999
-258.0
-257.9000000000001
-257.6999999999998
-261.4000000000001
-261.4000000000001
-263.2999999999997
-262.2999999999997
-194.0999999999999
-257.0
-256.7999999999997
-257.5
-194.19999999999982
-253.5
-252.29999999999973
-254.9000000000001
-256.6999999999998
-253.5999999999999
-258.0999999999999
-262.0
-261.1999999999998
-264.1999999999998
-193.4000000000001
-257.4000000000001
-258.4000000000001
-260.4000000000001
-190.5
-253.5
-253.4000000000001
-255.19999999999982
-255.0999999999999
-258.9000000000001
-257.0
-258.7999999999997
-260.6999999999998
-262.6999999999998
-262.7999999999997
-198.79999999999973
-259.2999999999997
-256.4000000000001
-261.0999999999999
-196.19999999999982
-257.6999999999998
-258.9000000000001
-261.0999999999999
-261.4000000000001
-262.5999999999999
-264.7999999999997
-265.0999999999999
-265.2999999999997
-265.4000000000001
-197.4000000000001
-258.5
-259.2999999999997
-260.0999999999999
-191.9000000000001
-249.79999999999973
-253.0999999999999
-252.69999999999982
-254.19999999999982
-255.79999999999973
-256.5
-257.1999999999998
-258.9000000000001
-259.6999999999998
-190.5
-255.29999999999973
-254.19999999999982
-253.9000000000001
-185.5
-250.19999999999982
-248.0
-247.5
-250.9000000000001
-248.5999999999999
-250.0
-252.5
-254.19999999999982
-253.0
-183.5999999999999
-246.19999999999982
-246.69999999999982
-246.19999999999982
-247.5999999999999
-246.0999999999999
-247.4000000000001
-247.79999999999973
-249.19999999999982
-249.69999999999982
-252.19999999999982
-252.9000000000001
-252.5999999999999
-254.19999999999982
-186.9000000000001
-248.79999999999973
-252.5
-251.5
-184.29999999999973
-245.29999999999973
-246.0
-245.69999999999982
-248.29999999999973
-252.0999999999999
-253.19999999999982
-251.29999999999973
-253.0999999999999
-182.0
-246.69999999999982
-248.5
-249.4000000000001
-251.29999999999973
-251.29999999999973
-182.19999999999982
-246.0999999999999
-246.0
-247.79999999999973
-246.69999999999982
-249.4000000000001
-250.29999999999973
-253.19999999999982
-255.29999999999973
-254.5
-185.5
-250.5
-249.5999999999999
-251.5
-185.5
-246.79999999999973
-248.79999999999973
-248.9000000000001
-248.9000000000001
-248.79999999999973
-250.5999999999999
-253.5
-256.5999999999999
-255.9000000000001
-183.0
-250.69999999999982
-250.79999999999973
-250.79999999999973
-185.69999999999982
-247.0
-247.0
-245.9000000000001
-245.5999999999999
-248.19999999999982
-249.0
-249.79999999999973
-251.5999999999999
-254.5
-253.5999999999999
-185.5
-250.5
-252.5999999999999
-253.79999999999973
-187.0
-249.4000000000001
-248.5999999999999
-249.5999999999999
-248.5999999999999
-253.4000000000001
-254.5999999999999
-255.79999999999973
-258.0
-258.2999999999997
-187.5
-253.5
-254.69999999999982
-255.9000000000001
-190.0999999999999
-250.5999999999999
-247.69999999999982
-250.4000000000001
-250.29999999999973
-252.0999999999999
-254.0
-255.0
-256.0
-256.0
-190.9000000000001
-250.19999999999982
-251.0
-256.7999999999997
-189.0999999999999
-249.5
-249.5
-250.4000000000001
-253.29999999999973
-253.4000000000001
-256.4000000000001
-257.5999999999999
-260.7999999999997
-262.1999999999998
-191.5999999999999
-253.79999999999973
-254.79999999999973
-257.7999999999997
-187.0
-251.0
-251.0
-252.9000000000001
-253.9000000000001
-255.9000000000001
-258.0
-260.1999999999998
-264.5
-264.0999999999999
-197.5
-259.0999999999999
-261.4000000000001
-261.7999999999997
-193.0999999999999
-254.4000000000001
-254.4000000000001
-254.29999999999973
-254.0999999999999
-255.79999999999973
-255.5999999999999
-259.2999999999997
-258.2999999999997
-261.0999999999999
-194.0999999999999
-253.29999999999973
-255.0
-257.7999999999997
-188.79999999999973
-249.79999999999973
-250.5
-251.19999999999982
-250.9000000000001
-254.5
-255.4000000000001
-258.2999999999997
-257.4000000000001
-257.2999999999997
-194.0999999999999
-255.5
-254.5999999999999
-254.5
-189.29999999999973
-248.5
-249.19999999999982
-251.9000000000001
-252.79999999999973
-253.69999999999982
-254.5999999999999
-256.5
-258.5
-258.5999999999999
-188.5999999999999
-252.5
-253.4000000000001
-255.29999999999973
-186.29999999999973
-248.29999999999973
-252.0999999999999
-250.19999999999982
-252.0
-252.9000000000001
-252.79999999999973
-254.5999999999999
-255.5
-257.4000000000001
-193.4000000000001
-251.9000000000001
-253.79999999999973
