367092
365206
366283
356251
365307
351130
364024
357863
351732
356265
351767
352630
320795
348014
313262
331237
340928
338963
323976
345226
316656
334931
340091
330558
303626
308808
319797
320349
310840
321509
322287
309317
282226
305960
307129
303438
281589
294606
262070
271192
255936
278088
257779
265924
266465
280428
256961
260247
245717
265102
248563
247996
240114
260597
265002
229967
251920
243266
227304
232489
232799
232874
214995
217168
235186
235820
226242
189461
211793
215872
202287
188106
194685
195019
202703
232987
187506
194018
173541
176169
182781
173884
180744
192301
210669
194728
185719
172838
172426
170362
170400
159975
171025
166943
157370
148159
157484
163399
163198
171726
