0.0
0.0
0.0
0.0
0.0
0.0
0.0
0.0
0.0
0.0
0.0
0.0
0.0
0.0
0.0
0.0
0.0
0.0
0.0
0.0
0.0
0.0
0.0
0.0
0.0
0.0
0.0
0.0
0.0
0.0
0.0
0.0
0.0
0.0
0.0
0.0
0.0
0.0
0.0
0.0
0.0
0.0
0.0
0.0
0.0
0.0
0.0
0.0
0.0
0.0
0.0
0.0
0.0
0.0
0.0
0.0
0.0
0.0
0.0
0.0
0.0
0.0
0.0
0.0
-1.0
-1.1
-0.19999999999999996
1.8
0.0
0.0
0.0
0.0
0.0
0.0
0.0
0.0
0.0
0.0
0.0
0.0
0.0
0.0
0.0
0.0
0.0
0.0
0.0
0.0
0.0
0.0
0.0
0.0
0.0
0.0
0.0
0.0
0.0
0.0
0.0
0.0
0.0
0.0
0.0
0.0
0.0
0.0
0.0
0.0
0.0
0.0
0.0
0.0
0.0
0.0
0.0
0.0
0.0
0.0
0.0
0.0
0.0
0.0
0.0
0.0
0.0
0.0
0.0
0.0
0.0
0.0
0.0
0.0
0.0
0.0
0.0
0.0
0.0
0.0
0.0
0.0
0.0
0.0
0.0
0.0
0.0
0.0
0.0
0.0
0.0
0.0
0.0
0.0
0.0
0.0
0.0
0.0
0.0
0.0
0.0
0.0
0.0
0.0
0.0
0.0
0.0
0.0
0.0
0.0
0.0
0.0
0.0
-1.0
-1.1
-2.2
-2.4
-2.5999999999999996
-2.8
-3.0
-4.199999999999999
-4.5
-4.800000000000001
-6.099999999999998
-6.5
-6.899999999999999
-7.300000000000001
5.300000000000004
-7.800000000000001
-8.3
-8.799999999999997
1.7000000000000028
-10.699999999999996
-11.399999999999999
-13.100000000000001
-13.899999999999999
-15.699999999999996
-16.599999999999994
-17.5
-18.39999999999999
-18.299999999999997
0.9000000000000057
-17.89999999999999
-18.700000000000003
-19.5
-20.299999999999997
-23.099999999999994
-23.099999999999994
0.0
-22.5
-23.400000000000006
-24.299999999999983
-3.1999999999999886
-26.900000000000006
-26.099999999999994
-5.099999999999994
-26.900000000000006
-29.0
-8.199999999999989
-29.19999999999999
-10.400000000000006
-29.599999999999994
-30.799999999999983
-26.0
-32.599999999999994
-33.79999999999998
-29.0
-35.599999999999994
-36.79999999999998
-34.0
-39.79999999999998
-42.099999999999994
-44.5
-47.0
-48.599999999999966
-50.19999999999999
-51.80000000000001
-53.39999999999998
-10.0
-51.099999999999966
-52.599999999999966
-54.099999999999966
-11.599999999999966
-51.69999999999999
-53.099999999999966
-10.5
-50.5
-50.80000000000001
-41.0
-52.099999999999966
-43.30000000000001
-53.5
-54.69999999999999
-45.89999999999998
-56.099999999999966
-47.30000000000001
-57.5
-58.69999999999999
-58.89999999999998
-8.0
-55.89999999999998
-56.0
-56.0
-57.89999999999998
-8.899999999999977
-54.89999999999998
-54.89999999999998
-6.800000000000011
-50.80000000000001
-1.599999999999966
-45.39999999999998
-46.0
3.400000000000034
-41.19999999999999
7.300000000000011
-37.30000000000001
-38.80000000000001
8.600000000000023
-38.19999999999999
-13.099999999999966
-40.400000000000006
-14.599999999999966
-40.099999999999994
-41.30000000000001
-16.5
-41.099999999999966
-42.30000000000001
-43.5
-44.69999999999999
30.100000000000023
-39.5
-40.69999999999999
29.100000000000023
-37.0
-38.29999999999998
-39.599999999999994
-40.900000000000006
-42.19999999999999
-43.5
-44.80000000000001
-47.099999999999966
-48.5
-48.89999999999998
-24.19999999999999
-47.89999999999998
-49.099999999999966
-49.30000000000001
-49.39999999999998
4.600000000000023
-43.89999999999998
-44.69999999999999
-45.5
5.699999999999989
-40.89999999999998
-43.599999999999966
4.5
-40.5
-41.39999999999998
-10.300000000000011
-42.0
-11.099999999999966
-43.0
-12.300000000000011
-45.39999999999998
-49.0
-46.80000000000001
-52.19999999999999
-52.0
-57.599999999999966
-60.599999999999966
-63.69999999999999
-65.89999999999998
-69.09999999999997
-73.39999999999998
-76.89999999999998
-79.5
-28.099999999999966
-78.30000000000001
-79.80000000000001
-81.19999999999993
-33.5
-81.79999999999995
-86.19999999999993
-37.799999999999955
-88.29999999999995
-92.10000000000002
-78.0
-98.19999999999993
-86.29999999999995
-105.89999999999998
-110.29999999999995
-96.79999999999995
-115.60000000000002
-119.10000000000002
-123.60000000000002
-128.19999999999993
-131.89999999999998
-123.60000000000002
-137.10000000000002
-141.69999999999993
-146.39999999999998
-149.19999999999993
-74.89999999999986
-148.79999999999995
-151.5
-154.0999999999999
-79.59999999999991
-152.29999999999995
-154.70000000000005
-80.0
-151.5
-154.5999999999999
-100.70000000000005
-154.0999999999999
-104.09999999999991
-153.79999999999995
-155.70000000000005
-104.5
-153.89999999999986
-104.5
-152.89999999999986
-103.39999999999986
-151.70000000000005
-154.0999999999999
-106.5
-151.89999999999986
-105.09999999999991
-149.39999999999986
-101.39999999999986
-146.39999999999986
-147.20000000000005
-88.89999999999986
-142.5999999999999
-142.0999999999999
-143.39999999999986
-145.70000000000005
-103.09999999999991
-143.0999999999999
-145.39999999999986
-108.79999999999995
-144.39999999999986
-147.79999999999995
-149.39999999999986
-115.0
-152.0
-130.89999999999986
-155.5
-134.5999999999999
-158.39999999999986
-161.5999999999999
-165.89999999999986
-168.39999999999986
-173.89999999999986
-120.70000000000005
-172.89999999999986
-175.5999999999999
-179.29999999999995
-127.09999999999991
-178.39999999999986
-184.0999999999999
-136.0999999999999
-189.0
-194.39999999999986
-145.0
-199.29999999999995
-204.20000000000005
-194.20000000000005
-211.79999999999995
-215.89999999999986
-207.0
-224.79999999999995
-219.0999999999999
-235.39999999999986
-240.0
-244.5999999999999
-249.20000000000005
-255.79999999999995
-259.5999999999999
-265.29999999999995
-271.0999999999999
-274.0
-189.69999999999982
-271.5
-276.9000000000001
-279.4000000000001
-193.69999999999982
-277.0
-280.0999999999999
-237.0999999999999
-282.4000000000001
-285.2999999999997
-289.0999999999999
-293.9000000000001
-299.7999999999997
-303.9000000000001
-227.0
-303.0
-305.0
-310.7999999999997
-237.79999999999973
-312.0999999999999
-315.1999999999998
-243.19999999999982
-313.5999999999999
-317.4000000000001
-248.19999999999982
-317.6999999999998
-322.5
-256.4000000000001
-324.2999999999997
-262.2999999999997
-327.6999999999998
-330.9000000000001
-269.0
-268.5
-331.1999999999998
-272.4000000000001
-335.2999999999997
-338.6999999999998
-279.0
-340.9000000000001
-283.1999999999998
-343.2999999999997
-346.5999999999999
-350.7999999999997
-273.0
-353.0
-359.4000000000001
-365.0
-290.6999999999998
-371.5
-378.6999999999998
-313.0999999999999
-384.4000000000001
-391.0
-326.6999999999998
-395.4000000000001
-330.0999999999999
-398.6999999999998
-404.2999999999997
-340.9000000000001
-407.5999999999999
-412.0999999999999
-347.5
-415.9000000000001
-350.2999999999997
-420.5999999999999
-357.0999999999999
-423.6999999999998
-427.0999999999999
-361.2999999999997
-427.4000000000001
-429.2999999999997
-433.9000000000001
-440.5
-369.2999999999997
-441.5
-445.1999999999998
-450.7999999999997
-389.5
-452.5999999999999
-458.1999999999998
-400.9000000000001
-462.4000000000001
-467.1999999999998
-422.0
-471.7999999999997
-475.5999999999999
-427.2999999999997
-475.6999999999998
-429.0
-477.1999999999998
-481.2999999999997
-486.4000000000001
-491.5999999999999
-495.9000000000001
-410.1999999999998
-495.5
-498.8000000000002
-503.0
-420.1999999999998
-501.6999999999998
-504.8000000000002
-427.8000000000002
-503.6999999999998
-506.59999999999945
-431.39999999999964
-507.3000000000002
-509.1999999999998
-434.89999999999964
-509.8000000000002
-434.59999999999945
-508.5
-511.1999999999998
-433.8000000000002
-509.3000000000002
-432.8000000000002
-506.3000000000002
-429.59999999999945
-502.89999999999964
-427.0
-501.1999999999998
-426.3000000000002
-500.59999999999945
-503.8000000000002
-507.0
-429.1999999999998
-504.3000000000002
-506.39999999999964
-509.39999999999964
-429.39999999999964
-506.09999999999945
-509.0
-433.89999999999964
-508.0
-511.0
-434.0
-507.0
-432.8000000000002
-505.89999999999964
-508.8000000000002
-434.6999999999998
-506.89999999999964
-434.8000000000002
-507.1999999999998
-433.3000000000002
-503.6999999999998
-426.59999999999945
-501.5
-502.39999999999964
-425.09999999999945
-496.8000000000002
-421.1999999999998
-494.8000000000002
-496.3000000000002
-498.6999999999998
-421.09999999999945
-497.5
-501.09999999999945
-506.8000000000002
-428.8000000000002
-506.6999999999998
-511.89999999999964
-436.3000000000002
-513.8000000000002
-519.5
-442.39999999999964
-521.1999999999998
-445.3000000000002
-521.3999999999996
-525.5
-452.59999999999945
-527.0
-450.1999999999998
-524.3000000000002
-448.1999999999998
-523.0999999999995
-447.89999999999964
-521.8000000000002
-447.5
-521.3999999999996
-449.09999999999945
-520.1999999999998
-526.8000000000002
-530.6999999999998
-533.5999999999995
-446.39999999999964
-534.0999999999995
-540.0999999999995
-546.3000000000002
-463.6999999999998
-546.3999999999996
-550.8000000000002
-466.1999999999998
-548.6999999999998
-552.8999999999996
-466.09999999999945
-551.1999999999998
-466.3000000000002
-550.5
-467.59999999999945
-550.0
-553.0999999999995
-469.09999999999945
-552.3000000000002
-469.3000000000002
-550.5999999999995
-479.5
-548.8999999999996
-479.59999999999945
-548.0
-478.59999999999945
-547.8999999999996
-550.5
-555.0
-559.5999999999995
-472.3000000000002
-557.8999999999996
-561.5999999999995
-565.3000000000002
-570.0
-483.8000000000002
-570.5999999999995
-488.59999999999945
-574.0
-579.3999999999996
-497.89999999999964
-582.8000000000002
-588.5999999999995
-507.5
-589.8000000000002
-508.6999999999998
-590.0
-510.8000000000002
-591.1999999999998
-511.0
-592.3000000000002
-598.0999999999995
-518.0
-601.3999999999996
-521.5
-605.0999999999995
-610.3999999999996
-613.6999999999998
-619.8000000000002
-625.0
-541.1999999999998
-627.5
-629.8000000000002
-633.8000000000002
-550.6999999999998
-635.8000000000002
-640.8000000000002
-556.8000000000002
-639.8999999999996
-644.6999999999998
-561.5
-644.5
-561.1999999999998
-642.0999999999995
-559.5
-641.1999999999998
-644.5
-561.6999999999998
-642.1999999999998
-560.1999999999998
-640.5999999999995
-555.5
-638.5
-559.3000000000002
-638.8000000000002
-641.6999999999998
-563.5
-644.0999999999995
-648.1999999999998
-651.3000000000002
-566.3000000000002
-647.3999999999996
-651.0999999999995
-654.8000000000002
-569.5
-655.3000000000002
-658.1999999999998
-571.0
-656.6999999999998
-662.5
-578.5
-659.6999999999998
-661.5
-575.0999999999995
-653.6999999999998
-568.6999999999998
-649.8999999999996
-565.8000000000002
-646.0
-647.8000000000002
-565.5
-643.6999999999998
-563.3000000000002
-641.5999999999995
-560.3000000000002
-640.5999999999995
-560.5
-638.0999999999995
-641.0
-644.8999999999996
-556.8999999999996
-640.8000000000002
-643.6999999999998
-648.5999999999995
-563.6999999999998
-648.0
-652.3000000000002
-569.6999999999998
-654.5
-658.3000000000002
-575.0999999999995
-661.1999999999998
-578.3999999999996
-662.8999999999996
-667.3000000000002
-585.6999999999998
-666.5
-583.8000000000002
-664.3999999999996
-582.5
-663.0
-580.0
-663.3000000000002
-582.3999999999996
-662.0
-667.0
-589.0999999999995
-669.0
-674.3000000000002
-585.6999999999998
-672.8000000000002
-674.0999999999995
-679.0999999999995
-682.1999999999998
-595.1999999999998
-680.0999999999995
-685.0
-600.0
-686.0999999999995
-689.3000000000002
-605.3999999999996
-689.6999999999998
-607.8999999999996
-691.5
-695.8999999999996
-611.3000000000002
-695.8000000000002
-612.1999999999998
-694.8000000000002
-612.0999999999995
-693.6999999999998
-612.8999999999996
-694.5999999999995
-613.8999999999996
-694.6999999999998
-615.0
-695.8999999999996
-700.3000000000002
-702.6999999999998
-704.8999999999996
-619.8999999999996
-703.0
-705.8999999999996
-707.6999999999998
-625.3000000000002
-707.3000000000002
-711.0
-716.6999999999998
-632.5999999999995
-716.6999999999998
-632.6999999999998
-716.8999999999996
-720.0
-639.0
-719.5
-635.5
-715.6999999999998
-719.3999999999996
-635.0999999999995
-714.0
-632.3000000000002
-713.0999999999995
-631.5
-711.3999999999996
-716.8000000000002
-637.3999999999996
-715.6999999999998
-718.3000000000002
-720.8000000000002
-723.1999999999998
-635.5
-718.6999999999998
-722.8000000000002
-728.0
-642.3999999999996
-725.8999999999996
-731.3000000000002
-646.8999999999996
-730.6999999999998
-735.3999999999996
-653.1999999999998
-736.3999999999996
-739.3999999999996
-656.3000000000002
-737.5
-654.3000000000002
-734.3999999999996
-651.0
-729.8999999999996
-646.1999999999998
-727.8000000000002
-642.0999999999995
-722.5
-638.5
-718.8000000000002
-637.6999999999998
-718.1999999999998
-721.3000000000002
-725.3999999999996
-726.5999999999995
-640.5999999999995
-723.6999999999998
-726.6999999999998
-729.6999999999998
-647.6999999999998
-727.1999999999998
-731.1999999999998
-646.3000000000002
-728.5999999999995
-731.6999999999998
-647.8000000000002
-731.1999999999998
-736.5
-653.0
-732.8000000000002
-650.0999999999995
-728.8000000000002
-644.8999999999996
-724.3000000000002
-640.1999999999998
-720.3999999999996
-724.1999999999998
-640.0999999999995
-721.3000000000002
-641.1999999999998
-636.8000000000002
-714.5
-716.5
-720.3999999999996
-722.3999999999996
-636.3000000000002
-719.3000000000002
-722.1999999999998
-726.0999999999995
-640.0999999999995
-721.1999999999998
-726.0
-642.0
-726.3000000000002
-729.5999999999995
-644.8999999999996
-728.3999999999996
-645.8000000000002
-728.5999999999995
-645.1999999999998
-728.0999999999995
-730.8000000000002
-647.3999999999996
-728.3000000000002
-643.8000000000002
-726.5
-729.0
-648.3999999999996
-727.3999999999996
-645.8000000000002
-725.6999999999998
-646.0999999999995
-724.1999999999998
-726.5999999999995
-727.8999999999996
-641.0
-723.0999999999995
-726.0
-729.8999999999996
-645.8999999999996
-728.1999999999998
-731.3000000000002
-648.3999999999996
-731.8999999999996
-646.3000000000002
-730.8000000000002
-735.3000000000002
-649.8999999999996
-731.5999999999995
-647.0
-727.5999999999995
-642.8000000000002
-724.1999999999998
-726.3000000000002
-640.3000000000002
-719.3999999999996
-636.0
-719.0
-634.8999999999996
-715.0999999999995
-716.8999999999996
-637.5999999999995
-715.0999999999995
-719.8999999999996
-721.8999999999996
-632.8000000000002
-716.5
-720.1999999999998
-723.0
-726.8000000000002
-639.6999999999998
-725.5999999999995
-728.6999999999998
-642.8000000000002
-728.0
-734.3000000000002
-647.8999999999996
-731.5
-646.0
-727.5999999999995
-733.8999999999996
-647.5
-728.0999999999995
-644.3000000000002
-725.8000000000002
-641.0
-722.3999999999996
-637.5
-718.8000000000002
-722.8000000000002
-640.8999999999996
-721.5
-725.6999999999998
-727.0
-733.0999999999995
-645.5
-726.8000000000002
-730.8000000000002
-734.8999999999996
-647.0999999999995
-730.1999999999998
-735.1999999999998
-650.3999999999996
-734.8000000000002
-739.1999999999998
-654.6999999999998
-738.3999999999996
-654.0
-736.8000000000002
-652.3999999999996
-734.1999999999998
-648.6999999999998
-728.3000000000002
-730.3999999999996
-647.3999999999996
-726.8000000000002
-643.6999999999998
-723.0
-641.8000000000002
-637.1999999999998
-714.6999999999998
-719.5
-720.5
-724.3000000000002
-726.1999999999998
-639.0
-720.8000000000002
-723.3999999999996
-728.0
-641.8000000000002
-723.6999999999998
-727.3999999999996
-732.1999999999998
-649.1999999999998
-732.5999999999995
-735.8999999999996
-653.1999999999998
-735.8999999999996
-739.3999999999996
-655.8999999999996
-734.6999999999998
-651.8999999999996
-728.5
-647.3000000000002
-726.6999999999998
-643.5999999999995
-721.8999999999996
-725.5999999999995
-646.3999999999996
-723.0
-644.8000000000002
-723.5
-725.5999999999995
-729.5999999999995
-732.6999999999998
-647.8000000000002
-731.0999999999995
-732.3000000000002
-734.3000000000002
-651.1999999999998
-734.5
-738.6999999999998
-655.0
-736.5999999999995
-739.8999999999996
-658.1999999999998
-739.0
-657.3999999999996
-739.3000000000002
-741.8999999999996
-660.3999999999996
-737.3999999999996
-739.5999999999995
-656.6999999999998
-735.1999999999998
-651.0999999999995
-732.3000000000002
-650.1999999999998
-729.5999999999995
-649.5
-727.0999999999995
-733.0
-734.1999999999998
-737.1999999999998
-739.1999999999998
-651.0999999999995
-734.8999999999996
-736.6999999999998
-739.3999999999996
-655.0999999999995
-739.0999999999995
-743.0999999999995
-658.1999999999998
-743.5
-744.8999999999996
-661.0999999999995
-743.5999999999995
-747.8999999999996
-663.3000000000002
-746.8999999999996
-663.3999999999996
-740.1999999999998
-657.1999999999998
-736.5999999999995
-739.5
-654.3999999999996
-735.5
-654.3000000000002
-732.6999999999998
-651.5
-729.8999999999996
-649.6999999999998
-730.1999999999998
-733.3000000000002
-735.3999999999996
-649.3999999999996
-734.5
-737.6999999999998
-738.8999999999996
-653.8999999999996
-738.0999999999995
-741.3000000000002
-658.5
-742.0999999999995
-744.5999999999995
-665.0
-746.0999999999995
-662.8000000000002
-741.8000000000002
-744.1999999999998
-661.5
-740.1999999999998
-657.3000000000002
-734.8000000000002
-736.5999999999995
-655.3000000000002
-732.5999999999995
-651.1999999999998
-731.3999999999996
-651.1999999999998
-730.6999999999998
-649.6999999999998
-731.3000000000002
-734.5999999999995
-736.8999999999996
-649.0999999999995
-734.1999999999998
-737.3999999999996
-738.5999999999995
-650.5999999999995
-736.5
-739.5999999999995
-652.6999999999998
-737.8000000000002
-742.0
-655.3000000000002
-741.5999999999995
-745.0999999999995
-661.5999999999995
-743.3999999999996
-744.8999999999996
-659.1999999999998
-739.5999999999995
-655.5999999999995
-734.8999999999996
-737.6999999999998
-657.5
-735.0
-651.8000000000002
-731.0
-649.6999999999998
-730.0
-733.8999999999996
-737.8999999999996
-740.0
-654.0
-738.0999999999995
-738.1999999999998
-742.0
-656.8999999999996
-740.0
-743.0
-658.0
-741.1999999999998
-745.3000000000002
-662.5
-746.0999999999995
-662.5999999999995
-744.3999999999996
-744.8999999999996
-661.0999999999995
-743.5999999999995
-657.8999999999996
-738.3000000000002
-653.3000000000002
-734.5
-650.3999999999996
-730.5999999999995
-647.3999999999996
-728.5999999999995
-645.5
-727.8000000000002
-729.8999999999996
-733.8999999999996
-735.0
-647.8999999999996
-729.8000000000002
-732.5
-735.1999999999998
-651.8999999999996
-735.0
-738.0
-653.0
-737.1999999999998
-739.3999999999996
-655.5
-738.8999999999996
-740.1999999999998
-657.3000000000002
-737.8000000000002
-652.8999999999996
-735.1999999999998
-648.3000000000002
-729.3999999999996
-731.1999999999998
-645.8999999999996
-726.8000000000002
-645.3999999999996
-726.5999999999995
-645.5
-724.0
-726.8999999999996
-729.8000000000002
-734.6999999999998
-736.8000000000002
-650.8000000000002
-733.8999999999996
-736.8999999999996
-740.8999999999996
-655.0
-737.1999999999998
-740.1999999999998
-743.1999999999998
-657.1999999999998
-740.3000000000002
-657.3000000000002
-739.6999999999998
-743.8999999999996
-661.1999999999998
-742.8999999999996
-656.3000000000002
-736.6999999999998
-741.6999999999998
-656.8999999999996
-736.3000000000002
-653.1999999999998
-733.5
-652.3999999999996
-731.8999999999996
-732.8999999999996
-653.6999999999998
-732.3000000000002
-737.3000000000002
-740.5
-743.6999999999998
-653.8999999999996
-738.8000000000002
-739.8000000000002
-743.5999999999995
-747.5
-662.5
-747.6999999999998
-747.0
-661.8999999999996
-748.0
-661.3000000000002
-745.5999999999995
-749.8999999999996
-664.3000000000002
-745.8000000000002
-660.0
-742.3000000000002
-657.3999999999996
-738.6999999999998
-740.6999999999998
-656.5999999999995
-735.8000000000002
-653.5
-733.6999999999998
-655.5
-648.1999999999998
-726.6999999999998
-729.5999999999995
-732.5
-735.3999999999996
-647.3000000000002
-731.0999999999995
-733.8999999999996
-736.6999999999998
-650.5
-733.3999999999996
-738.1999999999998
-652.1999999999998
-736.3000000000002
-739.3999999999996
-654.5
-737.8000000000002
-742.0
-658.3000000000002
-738.8999999999996
-657.0999999999995
-734.8000000000002
-651.8000000000002
-730.1999999999998
-732.0
-649.6999999999998
-728.8999999999996
-647.5999999999995
-727.8999999999996
-645.8000000000002
-726.1999999999998
-645.1999999999998
-724.8000000000002
-726.8999999999996
-728.8999999999996
-641.8000000000002
-723.6999999999998
-727.3999999999996
-729.1999999999998
-642.8999999999996
-728.6999999999998
-733.6999999999998
-646.8999999999996
-731.0999999999995
-734.3000000000002
-648.5
-731.8000000000002
-736.0
-651.3000000000002
-732.8000000000002
-650.0
-730.5999999999995
-733.8000000000002
-648.0
-728.3000000000002
-646.1999999999998
-725.5999999999995
-641.5
-720.6999999999998
-640.3999999999996
-719.8000000000002
-723.6999999999998
-727.6999999999998
-732.8000000000002
-735.0999999999995
-646.3000000000002
-729.3000000000002
-731.1999999999998
-734.0
-650.8000000000002
-735.0
-739.1999999999998
-654.5
-737.0
-741.3000000000002
-657.6999999999998
-740.3999999999996
-658.8999999999996
-739.8999999999996
-654.5
-734.1999999999998
-736.3999999999996
-654.5
-736.0999999999995
-736.3999999999996
-652.3999999999996
-732.6999999999998
-650.5999999999995
-732.0
-649.0999999999995
-729.5999999999995
-730.6999999999998
-736.5999999999995
-738.8000000000002
-740.8999999999996
-653.8999999999996
-735.8999999999996
-739.6999999999998
-741.5999999999995
-656.3999999999996
-740.3999999999996
-743.3999999999996
-658.3999999999996
-742.5999999999995
-747.8000000000002
-662.1999999999998
-744.6999999999998
-749.0
-665.3999999999996
-746.0999999999995
-660.3999999999996
-741.8000000000002
-657.8999999999996
-737.3000000000002
-654.1999999999998
-733.5
-737.3000000000002
-653.1999999999998
-735.3999999999996
-653.3999999999996
-730.8999999999996
-654.6999999999998
-732.5999999999995
-734.8000000000002
-736.8999999999996
-649.8999999999996
-732.8999999999996
-734.8000000000002
-736.5999999999995
-654.3000000000002
-736.5
-740.5
-656.5999999999995
-740.0
-743.3000000000002
-658.5999999999995
-741.0999999999995
-657.3999999999996
-739.0
-654.3000000000002
-733.8000000000002
-735.8000000000002
-651.6999999999998
-731.8999999999996
-648.6999999999998
-727.8999999999996
-647.5999999999995
-725.0
-644.6999999999998
-724.0999999999995
-643.0
-723.5
-723.5999999999995
-730.3999999999996
-731.5999999999995
-641.5999999999995
-726.3000000000002
-730.0999999999995
-733.0
-735.8999999999996
-647.8000000000002
-733.5999999999995
-736.5999999999995
-648.5999999999995
-735.5
-648.6999999999998
-735.8999999999996
-739.3999999999996
-654.8999999999996
-736.5999999999995
-649.0
-731.3000000000002
-645.3999999999996
-727.5999999999995
-641.5999999999995
-723.6999999999998
-639.5999999999995
-719.8000000000002
-636.5999999999995
-717.8000000000002
-720.6999999999998
-641.5999999999995
-721.3000000000002
-722.5
-725.5
-638.5
-721.5
-723.3999999999996
-726.1999999999998
-732.0
-644.0999999999995
-730.0999999999995
-732.3000000000002
-647.3999999999996
-730.6999999999998
-645.8999999999996
-730.3000000000002
-734.6999999999998
-650.1999999999998
-730.8999999999996
-646.1999999999998
-725.6999999999998
-640.6999999999998
-720.8999999999996
-636.6999999999998
-716.8000000000002
-720.5
-637.3000000000002
-717.5
-636.3000000000002
-717.6999999999998
-718.8000000000002
-721.6999999999998
-727.5999999999995
-727.8000000000002
-642.6999999999998
-724.8000000000002
-727.6999999999998
-729.5999999999995
-732.3999999999996
-651.1999999999998
-730.5999999999995
-733.5
-653.3999999999996
-735.0
-738.3000000000002
-657.5999999999995
-738.5
-656.0
-733.8999999999996
-736.0999999999995
-655.1999999999998
-732.8999999999996
-650.8999999999996
-728.3999999999996
-649.1999999999998
-726.8000000000002
-646.6999999999998
-725.3000000000002
-646.3000000000002
-725.0999999999995
-644.3000000000002
-725.0999999999995
-727.5
-729.8000000000002
-645.0
-726.3999999999996
-729.5
-731.5999999999995
-734.5999999999995
-652.5999999999995
-735.0999999999995
-653.3999999999996
-734.1999999999998
-737.5999999999995
-653.0
-736.5999999999995
-741.0999999999995
-657.6999999999998
-738.5999999999995
-655.0999999999995
-734.8999999999996
-651.1999999999998
-732.8000000000002
-648.0999999999995
-728.5999999999995
-643.6999999999998
-724.0
-723.8999999999996
-645.5
-724.0
-726.8999999999996
-729.8000000000002
-732.6999999999998
-735.5999999999995
-648.5
-731.3999999999996
-734.1999999999998
-738.0
-653.8999999999996
-736.0999999999995
-738.0999999999995
-653.0
-736.0999999999995
-740.0999999999995
-656.1999999999998
-739.5999999999995
-655.8999999999996
-737.5
-739.8000000000002
-658.0
-737.6999999999998
-737.8999999999996
-656.8000000000002
-735.3000000000002
-654.1999999999998
-733.6999999999998
-649.6999999999998
-730.0
-647.8999999999996
-728.3000000000002
-650.3000000000002
-728.1999999999998
-732.3999999999996
-734.6999999999998
-646.8999999999996
-731.0
-733.0999999999995
-736.0999999999995
-651.0999999999995
-735.3000000000002
-739.5
-653.8000000000002
-738.1999999999998
-744.5999999999995
-657.3000000000002
-741.8999999999996
-745.5
-662.0999999999995
-742.0
-658.3999999999996
-739.0999999999995
-656.3999999999996
-736.0999999999995
-737.3000000000002
-653.3000000000002
-732.5999999999995
-650.3999999999996
-729.6999999999998
-732.5
-653.3000000000002
-730.8999999999996
-732.8000000000002
-737.5999999999995
-738.5999999999995
-651.3999999999996
-735.1999999999998
-737.0
-740.6999999999998
-656.5
-738.5999999999995
-742.5
-658.5
-741.8000000000002
-746.0
-662.3000000000002
-745.8999999999996
-661.3999999999996
-744.0999999999995
-747.5999999999995
-660.0999999999995
-741.5
-655.5999999999995
-736.8000000000002
-739.6999999999998
-658.5999999999995
-739.0999999999995
-656.1999999999998
-735.6999999999998
-653.6999999999998
-734.1999999999998
-738.3000000000002
-740.5
-744.5999999999995
-747.8000000000002
-660.0
-744.0999999999995
-746.1999999999998
-749.1999999999998
-661.1999999999998
-747.0999999999995
-751.1999999999998
-664.3999999999996
-748.5999999999995
-752.8000000000002
-668.0999999999995
-751.5999999999995
-665.0
-748.3999999999996
-662.6999999999998
-745.0999999999995
-748.3000000000002
-665.5
-743.0999999999995
-660.0
-739.3000000000002
-656.0999999999995
-735.3000000000002
-654.0
-733.3000000000002
-652.0999999999995
-731.5
-736.3999999999996
-739.5
-740.5999999999995
-652.5
-737.3000000000002
-740.1999999999998
-743.0999999999995
-659.0
-740.1999999999998
-745.0999999999995
-660.1999999999998
-741.5
-745.5
-748.5999999999995
-664.6999999999998
-748.0999999999995
-665.3999999999996
-746.0999999999995
-661.3999999999996
-741.8999999999996
-656.0
-737.1999999999998
-738.0999999999995
-655.8000000000002
-736.0
-653.8000000000002
-732.0999999999995
-653.8000000000002
-732.3999999999996
-651.3999999999996
-729.0
-732.8999999999996
-736.8999999999996
-649.0
-732.0
-732.8999999999996
-736.5999999999995
-651.3999999999996
-734.3999999999996
-736.3000000000002
-652.0999999999995
-735.1999999999998
-740.1999999999998
-655.3999999999996
-738.8000000000002
-652.0999999999995
-735.3999999999996
-738.5999999999995
-652.8000000000002
-736.0999999999995
-649.3000000000002
-728.5
-644.1999999999998
-724.1999999999998
-641.8000000000002
-720.8999999999996
-639.5
-719.6999999999998
-640.5
-720.0999999999995
-722.1999999999998
-724.1999999999998
-727.0999999999995
-641.0
-723.0
-725.8000000000002
-728.5999999999995
-733.3999999999996
-647.3999999999996
-731.5
-736.5999999999995
-650.8999999999996
-735.3000000000002
-650.6999999999998
-734.3000000000002
-652.8000000000002
-732.8000000000002
-736.3000000000002
-650.8000000000002
-731.3999999999996
-647.5999999999995
-727.0999999999995
-729.0999999999995
-646.0
-725.3000000000002
-643.0999999999995
-725.3999999999996
-642.5
-723.0
-642.0999999999995
-720.8000000000002
-724.8999999999996
-727.0999999999995
-639.1999999999998
-722.1999999999998
-726.0999999999995
-728.0999999999995
-733.0
-647.0999999999995
-732.3000000000002
-646.5999999999995
-729.0
-733.1999999999998
-649.5
-732.0999999999995
-648.5
-729.1999999999998
-732.5
-648.8000000000002
-729.3999999999996
-646.5999999999995
-728.1999999999998
-643.5
-722.0
-637.8999999999996
-719.0999999999995
-636.0
-716.3000000000002
-635.1999999999998
-714.6999999999998
-717.6999999999998
-720.6999999999998
-722.6999999999998
-637.5999999999995
-721.6999999999998
-721.8000000000002
-726.5999999999995
-641.5999999999995
-723.8000000000002
-728.8000000000002
-645.0
-726.5
-727.6999999999998
-647.6999999999998
-729.3999999999996
-647.8000000000002
-728.6999999999998
-646.1999999999998
-725.0999999999995
-642.3999999999996
-721.0999999999995
-638.1999999999998
-717.6999999999998
-720.6999999999998
-639.6999999999998
-719.3000000000002
-637.3999999999996
-717.0
-637.0999999999995
-714.8999999999996
-719.0
-724.1999999999998
-726.5999999999995
-639.8999999999996
-722.1999999999998
-725.3000000000002
-729.3999999999996
-730.5999999999995
-645.5999999999995
-729.8000000000002
-733.0
-650.1999999999998
-733.8000000000002
-647.3000000000002
-731.8000000000002
-736.3000000000002
-651.8999999999996
-733.6999999999998
-648.1999999999998
-729.8000000000002
-644.0999999999995
-724.5
-637.5
-719.5
-635.3000000000002
-713.3999999999996
-632.8999999999996
-713.0999999999995
-631.8999999999996
-711.3000000000002
-716.1999999999998
-720.3000000000002
-722.5
-633.5999999999995
-718.5
-721.5
-721.5
-728.1999999999998
-642.3000000000002
-723.5
-729.3999999999996
-645.5999999999995
-728.0999999999995
-645.3999999999996
-727.0999999999995
-731.5
-648.0
-728.8000000000002
-645.1999999999998
-723.8999999999996
-642.0
-720.5999999999995
-721.5999999999995
-638.3999999999996
-718.5999999999995
-636.3999999999996
-716.6999999999998
-635.5999999999995
-715.0999999999995
-717.0999999999995
-721.0
-723.0
-724.8999999999996
-639.6999999999998
-723.6999999999998
-727.6999999999998
-729.8000000000002
-643.8000000000002
-727.8999999999996
-733.0
-737.3000000000002
-651.6999999999998
-734.1999999999998
-649.5
-730.0
-735.0999999999995
-651.3999999999996
-732.0
-649.1999999999998
-730.8000000000002
-647.0999999999995
-727.6999999999998
-644.8999999999996
-721.5
-640.3000000000002
-718.6999999999998
-638.5
-720.0
-637.1999999999998
-717.8000000000002
-722.0
-724.3000000000002
-725.5
-638.5
-723.5
-725.5999999999995
-728.5999999999995
-643.5999999999995
-726.8000000000002
-731.8999999999996
-647.1999999999998
-730.6999999999998
-735.0999999999995
-648.5999999999995
-733.0999999999995
-648.5999999999995
-730.3000000000002
-735.6999999999998
-650.3000000000002
-730.0
-646.1999999999998
-727.6999999999998
-641.8999999999996
-722.1999999999998
-639.0999999999995
-718.3999999999996
-638.1999999999998
-717.6999999999998
-720.6999999999998
-641.6999999999998
-720.5
-724.6999999999998
-727.0
-644.1999999999998
-723.8000000000002
-727.8999999999996
-730.0999999999995
-735.1999999999998
-650.5
-734.0
-735.3999999999996
-649.5999999999995
-731.8999999999996
-650.0
-731.5999999999995
-736.8999999999996
-654.3999999999996
-734.3000000000002
-649.6999999999998
-731.3000000000002
-731.5999999999995
-650.5999999999995
-728.1999999999998
-647.0999999999995
-726.5999999999995
-645.5999999999995
-723.1999999999998
-643.0999999999995
-723.6999999999998
-725.8999999999996
-730.0
-734.1999999999998
-647.5
-731.8000000000002
-733.0999999999995
-737.1999999999998
-738.3999999999996
-651.3999999999996
-739.3999999999996
-741.8000000000002
-655.0999999999995
-740.3999999999996
-746.8000000000002
-660.5
-746.1999999999998
-661.0
-743.8999999999996
-747.5999999999995
-662.3000000000002
-744.0999999999995
-657.5999999999995
-741.0999999999995
-656.5
-738.0999999999995
-740.3999999999996
-658.5999999999995
-737.3000000000002
-657.3999999999996
-735.1999999999998
-737.3000000000002
-740.3000000000002
-742.3000000000002
-745.1999999999998
-662.0999999999995
-743.3999999999996
-746.3999999999996
-747.3999999999996
-661.1999999999998
-747.0999999999995
-750.1999999999998
-666.3000000000002
-748.6999999999998
-752.8999999999996
-668.1999999999998
-750.6999999999998
-754.0
-670.3000000000002
-750.8999999999996
-754.0999999999995
-670.3000000000002
-750.8000000000002
-666.8999999999996
-745.3000000000002
-662.0999999999995
-742.3000000000002
-660.0999999999995
-741.3999999999996
-658.3999999999996
-739.8000000000002
-657.8999999999996
-737.5
-740.5999999999995
-743.6999999999998
-656.8000000000002
-739.8999999999996
-744.8999999999996
-744.0999999999995
-657.8999999999996
-741.8000000000002
-744.6999999999998
-657.5999999999995
-741.5
-747.3999999999996
-660.5999999999995
-745.8000000000002
-749.0999999999995
-666.3999999999996
-747.0999999999995
-661.3999999999996
-740.8000000000002
-659.6999999999998
-739.1999999999998
-655.1999999999998
-734.5
-652.3000000000002
-731.5999999999995
-650.3999999999996
-728.8000000000002
-647.5999999999995
-728.0
-731.0
-733.0
-735.8999999999996
-646.8000000000002
-731.5
-733.3000000000002
-737.0
-647.8000000000002
-732.3999999999996
-737.0999999999995
-649.0
-734.8000000000002
-737.8000000000002
-654.8000000000002
-737.1999999999998
-652.3999999999996
-737.8000000000002
-740.3000000000002
-653.6999999999998
-738.0999999999995
-650.5
-732.8000000000002
-647.8999999999996
-730.1999999999998
-729.3000000000002
-648.0
-728.3000000000002
-646.1999999999998
-725.5999999999995
-645.5
-724.0999999999995
-728.0999999999995
-729.1999999999998
-641.0999999999995
-724.8999999999996
-727.6999999999998
-730.5
-733.3000000000002
-647.0999999999995
-731.0
-733.8999999999996
-648.8000000000002
-732.8999999999996
-736.0
-652.0999999999995
-735.5
-650.8000000000002
-732.3000000000002
-734.5
-648.5999999999995
-728.8000000000002
-646.5999999999995
-725.8999999999996
-641.6999999999998
-721.8000000000002
-725.5
-643.3000000000002
-722.5999999999995
-642.3999999999996
-720.8999999999996
-721.8000000000002
-726.5
-728.3999999999996
-643.1999999999998
-725.1999999999998
-728.0
-729.8000000000002
-646.5
-726.5999999999995
-731.3000000000002
-646.1999999999998
-728.3000000000002
-646.1999999999998
-727.5999999999995
-730.6999999999998
-646.8000000000002
-729.1999999999998
-732.3999999999996
-650.5999999999995
-729.3000000000002
-647.3999999999996
-724.0
-640.8000000000002
-722.0
-637.8999999999996
-719.0999999999995
-720.0
-638.6999999999998
-718.0
-721.8000000000002
-727.6999999999998
-731.8999999999996
-733.1999999999998
-647.3000000000002
-729.5
-731.5
-736.3999999999996
-651.5
-735.8000000000002
-739.0999999999995
-742.3999999999996
-658.6999999999998
-741.3000000000002
-658.6999999999998
-741.5
-746.0999999999995
-662.8000000000002
-744.8000000000002
-661.5
-741.5
-656.0
-735.5999999999995
-737.6999999999998
-652.6999999999998
-733.8999999999996
-650.8000000000002
-729.0999999999995
-647.8000000000002
-727.0999999999995
-728.8999999999996
-732.5999999999995
-735.3999999999996
-740.1999999999998
-653.1999999999998
-736.1999999999998
-738.0999999999995
-740.8999999999996
-657.6999999999998
-737.8999999999996
-741.6999999999998
-659.5999999999995
-740.0
-744.0
-664.0999999999995
-743.8999999999996
-747.1999999999998
-666.5
-745.3999999999996
-662.6999999999998
-741.3999999999996
-660.5
-739.1999999999998
-740.3000000000002
-659.1999999999998
-735.6999999999998
-656.3999999999996
-734.8999999999996
-654.8000000000002
-734.3999999999996
-656.5
-734.5
-736.8000000000002
-739.0
-652.0999999999995
-737.1999999999998
-738.3999999999996
-741.3999999999996
-654.3999999999996
-739.3999999999996
-742.5
-659.5999999999995
-741.0999999999995
-747.3000000000002
-660.8000000000002
-745.3000000000002
-659.8000000000002
-744.3999999999996
-659.0
-740.6999999999998
-742.0999999999995
-746.3000000000002
-661.5999999999995
-741.0999999999995
-655.0999999999995
-736.1999999999998
-656.0
-737.5
-653.6999999999998
-649.1999999999998
-728.8000000000002
-731.8999999999996
-735.0
-739.0999999999995
-646.3000000000002
-732.8999999999996
-734.8000000000002
-738.5999999999995
-650.5
-739.3000000000002
-741.5999999999995
-742.8000000000002
-653.8000000000002
-743.5999999999995
-654.0
-741.0999999999995
-745.5
-658.0
-742.3999999999996
-654.8000000000002
-737.0999999999995
-651.1999999999998
-732.3999999999996
-647.3000000000002
-729.3999999999996
-730.3000000000002
-647.0
-727.0999999999995
-645.8000000000002
-725.0999999999995
-645.8999999999996
-725.5
-729.5999999999995
-731.8000000000002
-642.8999999999996
-726.8000000000002
-729.6999999999998
-733.5999999999995
-646.5999999999995
-731.5999999999995
-736.6999999999998
-652.0
-735.5
-737.8999999999996
-651.1999999999998
-737.5
-742.0
-654.5999999999995
-738.0999999999995
-741.5
-655.8999999999996
-736.3999999999996
-651.5
-731.8000000000002
-731.6999999999998
-650.3000000000002
-729.5
-648.1999999999998
-727.5
-647.3000000000002
-726.8000000000002
-729.8000000000002
-731.8000000000002
-733.6999999999998
-648.5
-730.5
-732.3000000000002
-736.0
-650.8000000000002
-732.8000000000002
-736.5999999999995
-652.5
-734.6999999999998
-738.6999999999998
-654.8000000000002
-737.1999999999998
-653.3999999999996
-734.8999999999996
-738.0999999999995
-654.3000000000002
-734.8000000000002
-649.8999999999996
-729.1999999999998
-644.0
-726.0
-728.8000000000002
-643.5999999999995
-723.5999999999995
-643.1999999999998
-722.5
-724.3000000000002
-729.0
-731.8999999999996
-735.8000000000002
-649.8000000000002
-730.8999999999996
-733.6999999999998
-734.5
-650.0999999999995
-733.0
-734.8000000000002
-651.5
-734.5999999999995
-739.5999999999995
-656.8000000000002
-740.3999999999996
-656.8999999999996
-737.6999999999998
-654.0999999999995
-732.8000000000002
-737.8999999999996
-654.1999999999998
-732.8000000000002
-649.8000000000002
-730.1999999999998
-647.1999999999998
-727.5999999999995
-645.5999999999995
-723.0999999999995
-643.8999999999996
-721.5
-725.3999999999996
-728.3999999999996
-730.3999999999996
-643.3000000000002
-728.1999999999998
-729.1999999999998
-733.0
-646.8999999999996
-730.8999999999996
-733.8999999999996
-648.8999999999996
-732.0999999999995
-737.1999999999998
-652.5
-737.0
-741.5
-657.0999999999995
-737.8999999999996
-652.3000000000002
-732.8000000000002
-647.8999999999996
-729.1999999999998
-647.1999999999998
-725.6999999999998
-642.5999999999995
-723.8999999999996
-641.8999999999996
-721.3999999999996
-724.3999999999996
-643.3999999999996
-723.0
-725.0999999999995
-729.0999999999995
-642.1999999999998
-725.3000000000002
-728.3000000000002
-729.3000000000002
-645.0999999999995
-728.1999999999998
-732.1999999999998
-647.3000000000002
-730.5999999999995
-735.8000000000002
-651.1999999999998
-734.8000000000002
-652.3000000000002
-731.1999999999998
-650.5
-730.3999999999996
-645.8000000000002
-725.3999999999996
-642.5
-721.0
-723.8999999999996
-642.8000000000002
-723.3000000000002
-641.3999999999996
-721.0
-639.0999999999995
-718.6999999999998
-723.8000000000002
-726.0999999999995
-729.3000000000002
-641.5
-723.5999999999995
-728.5
-731.5999999999995
-645.6999999999998
-729.8999999999996
-736.0999999999995
-648.5999999999995
-731.0
-736.1999999999998
-651.5999999999995
-737.1999999999998
-649.8999999999996
-735.5
-650.1999999999998
-732.0
-735.5
-652.0
-730.8000000000002
-645.0
-727.3000000000002
-729.3999999999996
-646.3999999999996
-727.8000000000002
-646.8999999999996
-726.5999999999995
-728.8000000000002
-729.8999999999996
-733.8000000000002
-736.8000000000002
-650.8000000000002
-733.8999999999996
-736.8999999999996
-737.8999999999996
-652.6999999999998
-737.6999999999998
-741.8000000000002
-746.0
-661.3000000000002
-744.8000000000002
-662.1999999999998
-745.0
-748.5999999999995
-663.1999999999998
-746.8999999999996
-663.5
-742.3999999999996
-745.6999999999998
-662.0
-739.5999999999995
-657.5
-736.8999999999996
-738.8000000000002
-658.5999999999995
-737.0999999999995
-659.0
-736.8000000000002
-740.8999999999996
-742.0999999999995
-745.0999999999995
-658.0999999999995
-741.0999999999995
-742.0
-746.6999999999998
-660.5999999999995
-745.5999999999995
-749.6999999999998
-753.8999999999996
-668.1999999999998
-751.5999999999995
-667.8999999999996
-749.5
-752.8000000000002
-669.0999999999995
-750.6999999999998
-665.0
-745.3999999999996
-661.3999999999996
-741.6999999999998
-658.5999999999995
-737.8999999999996
-655.6999999999998
-734.0
-653.6999999999998
-731.0999999999995
-651.8000000000002
-731.3000000000002
-734.3000000000002
-737.3000000000002
-740.3000000000002
-653.3000000000002
-734.3000000000002
-738.0
-740.8000000000002
-656.5999999999995
-739.6999999999998
-744.6999999999998
-656.8999999999996
-745.0
-747.5
-661.8999999999996
-747.3999999999996
-750.0
-665.5
-745.1999999999998
-659.3999999999996
-740.6999999999998
-657.6999999999998
-738.0999999999995
-652.0999999999995
-733.1999999999998
-651.0
-730.3000000000002
-647.0999999999995
-729.3000000000002
-647.3000000000002
-726.8000000000002
-729.8000000000002
-732.8000000000002
-733.8000000000002
-647.5999999999995
-728.5
-732.0999999999995
-733.8000000000002
-647.3999999999996
-732.0999999999995
-735.8999999999996
-651.8000000000002
-736.0
-741.1999999999998
-654.5999999999995
-738.0
-741.3000000000002
-656.5999999999995
-739.0999999999995
-651.3999999999996
-733.5999999999995
-648.5999999999995
-730.8000000000002
-645.8000000000002
-726.0
-641.8000000000002
-722.8999999999996
-638.6999999999998
-716.8000000000002
-638.3000000000002
-717.6999999999998
-721.5999999999995
-723.5999999999995
-726.5
-639.3999999999996
-723.3000000000002
-725.1999999999998
-727.0
-644.6999999999998
-725.8999999999996
-730.8000000000002
-645.8999999999996
-730.1999999999998
-732.5
-648.6999999999998
-733.1999999999998
-651.6999999999998
-730.6999999999998
-734.0999999999995
-649.5
-730.0999999999995
-644.3000000000002
-725.5999999999995
-641.5999999999995
-720.8999999999996
-724.6999999999998
-643.5999999999995
-723.0999999999995
-642.0999999999995
-722.6999999999998
-727.8999999999996
-729.3000000000002
-734.5
-734.8999999999996
-650.0
-730.3000000000002
-735.1999999999998
-737.3000000000002
-652.3000000000002
-734.5
-738.5
-654.5999999999995
-737.0
-740.1999999999998
-656.3999999999996
-740.8999999999996
-744.3999999999996
-659.8999999999996
-741.5999999999995
-744.0
-659.3000000000002
-739.8000000000002
-652.8999999999996
-734.0
-650.8000000000002
-729.0
-732.5999999999995
-651.3000000000002
-730.5999999999995
-650.3999999999996
-729.8999999999996
-732.8999999999996
-734.8999999999996
-737.8000000000002
-650.6999999999998
-733.5999999999995
-736.3999999999996
-742.1999999999998
-655.3000000000002
-739.3999999999996
-741.5
-657.5
-742.8000000000002
-746.1999999999998
-662.5999999999995
-746.3000000000002
-661.8999999999996
-744.6999999999998
-746.3000000000002
-659.6999999999998
-741.0999999999995
-656.1999999999998
-738.5
-739.5999999999995
-654.5
-735.5999999999995
-653.3999999999996
-733.6999999999998
-653.5999999999995
-733.1999999999998
-652.3000000000002
-732.0
-734.1999999999998
-736.3000000000002
-649.3000000000002
-733.3000000000002
-736.3000000000002
-742.3000000000002
-654.5999999999995
-738.8000000000002
-742.0
-658.1999999999998
-740.6999999999998
-746.0
-663.5
-744.3999999999996
-657.8999999999996
-740.3999999999996
-654.6999999999998
-736.0999999999995
-653.1999999999998
-732.6999999999998
-733.6999999999998
-650.5
-730.6999999999998
-645.5
-726.5
-645.1999999999998
-724.5
-643.3000000000002
-721.6999999999998
-724.5
-729.3000000000002
-732.3000000000002
-644.3000000000002
-729.1999999999998
-730.1999999999998
-734.0
-647.8999999999996
-731.8999999999996
-734.8999999999996
-647.8999999999996
-729.8999999999996
-646.6999999999998
-728.8999999999996
-734.8999999999996
-650.1999999999998
-731.6999999999998
-733.8999999999996
-650.0
-730.3999999999996
-646.3999999999996
-728.6999999999998
-729.8000000000002
-646.6999999999998
-726.0
-642.8000000000002
-723.0
-642.8000000000002
-722.3000000000002
-725.3000000000002
-728.3000000000002
-733.3000000000002
-735.5
-645.5999999999995
-731.3999999999996
-734.3999999999996
-735.3999999999996
-649.1999999999998
-736.0999999999995
-738.3000000000002
-652.3999999999996
-736.5999999999995
-739.8000000000002
-744.0
-660.3000000000002
-744.8999999999996
-660.5
-742.3000000000002
-656.8000000000002
-739.3999999999996
-653.8000000000002
-734.3000000000002
-735.3999999999996
-652.3000000000002
-730.5999999999995
-648.3000000000002
-728.5
-647.3000000000002
-643.6999999999998
-723.3000000000002
-727.3999999999996
-728.5999999999995
-729.5999999999995
-645.3999999999996
-727.5
-731.3999999999996
-734.3999999999996
-647.3999999999996
-732.3999999999996
-734.5
-654.5
-734.1999999999998
-738.3999999999996
-653.6999999999998
-736.1999999999998
-651.5
-733.0
-649.1999999999998
-729.6999999999998
-731.8000000000002
-647.8000000000002
-728.0999999999995
-643.0
-722.0999999999995
-725.6999999999998
-644.3999999999996
-724.6999999999998
-644.5999999999995
-724.1999999999998
-642.3000000000002
-721.8999999999996
-726.0
-727.1999999999998
-641.1999999999998
-722.3000000000002
-726.0999999999995
-728.0
-642.8000000000002
-726.8000000000002
-731.8000000000002
-649.0
-729.5999999999995
-733.8000000000002
-648.0999999999995
-731.5
-734.8000000000002
-651.0999999999995
-732.6999999999998
-648.0
-728.5
-647.5999999999995
-726.3000000000002
-641.3999999999996
-722.6999999999998
-638.6999999999998
-720.0
-638.0
-719.5
-638.6999999999998
-719.5
-721.8999999999996
-723.1999999999998
-726.3000000000002
-638.3999999999996
-723.3999999999996
-726.5
-729.5999999999995
-642.6999999999998
-727.8000000000002
-732.0
-735.3000000000002
-650.5999999999995
-734.0999999999995
-653.5
-734.5
-738.0999999999995
-655.6999999999998
-737.6999999999998
-650.3999999999996
-734.0
-736.5
-651.8999999999996
-732.5
-649.6999999999998
-728.3000000000002
-644.3000000000002
-723.5999999999995
-643.3999999999996
-721.8999999999996
-724.8000000000002
-728.6999999999998
-731.6999999999998
-735.6999999999998
-648.8000000000002
-731.8999999999996
-733.8999999999996
-736.8000000000002
-650.6999999999998
-733.6999999999998
-736.5999999999995
-656.5
-737.0999999999995
-742.3000000000002
-659.6999999999998
-741.5
-745.0
-660.5
-741.1999999999998
-655.5
-738.8999999999996
-651.1999999999998
-733.3999999999996
-653.3999999999996
-731.0999999999995
-647.0999999999995
-726.3999999999996
-646.1999999999998
-724.6999999999998
-646.5999999999995
-725.3999999999996
-727.5999999999995
-731.6999999999998
-734.8999999999996
-650.0999999999995
-730.5
-731.5
-736.3000000000002
-651.3000000000002
-734.5
-739.5999999999995
-654.8999999999996
-738.3999999999996
-740.8000000000002
-657.0999999999995
-740.6999999999998
-656.1999999999998
-738.8999999999996
-654.3999999999996
-736.0999999999995
-737.5
-651.6999999999998
-733.0
-649.0
-729.3000000000002
-732.1999999999998
-650.0999999999995
-729.5
-732.3999999999996
-652.3000000000002
-730.8999999999996
-732.8999999999996
-736.8000000000002
-741.8000000000002
-654.0
-736.0999999999995
-739.0
-743.8999999999996
-657.0
-740.0999999999995
-742.0999999999995
-657.0
-742.0999999999995
-747.3000000000002
-661.6999999999998
-743.1999999999998
-661.3999999999996
-744.0999999999995
-745.5999999999995
-659.8999999999996
-740.3000000000002
-657.3000000000002
-736.6999999999998
-653.5999999999995
-731.8999999999996
-649.5999999999995
-729.8000000000002
-648.5999999999995
-728.0
-647.8999999999996
-727.5
-731.5999999999995
-734.8000000000002
-739.0
-647.3000000000002
-734.0999999999995
-736.1999999999998
-740.1999999999998
-652.3000000000002
-739.3000000000002
-742.5999999999995
-657.8999999999996
-741.3999999999996
-745.8000000000002
-660.3000000000002
-742.8999999999996
-659.3000000000002
-742.0
-659.5
-739.3999999999996
-741.8000000000002
-656.0999999999995
-736.5
-650.5
-731.5999999999995
-647.3999999999996
-727.5
-646.1999999999998
-726.5
-646.3999999999996
-726.0
-729.0999999999995
-733.1999999999998
-733.3999999999996
-644.3000000000002
-730.0
-731.8999999999996
-733.6999999999998
-648.3999999999996
-730.3000000000002
-735.0
-651.8999999999996
-735.1999999999998
-739.3999999999996
-654.6999999999998
-737.1999999999998
-654.5
-735.1999999999998
-737.5
-652.6999999999998
-733.0999999999995
-650.0999999999995
-729.5
-646.3999999999996
-726.6999999999998
-730.5999999999995
-647.5999999999995
-727.0
-644.8999999999996
-725.3000000000002
-728.3000000000002
-732.3000000000002
-735.3999999999996
-739.5
-652.6999999999998
-734.8999999999996
-736.8999999999996
-740.8000000000002
-654.8000000000002
-739.8999999999996
-742.0999999999995
-660.1999999999998
-741.8000000000002
-746.0999999999995
-661.5
-745.0999999999995
-747.5999999999995
-666.0
-747.8999999999996
-661.5
-744.0999999999995
-658.5
-740.0
-653.1999999999998
-735.3999999999996
-652.3999999999996
-731.8000000000002
-649.6999999999998
-733.0999999999995
-651.3999999999996
-732.1999999999998
-733.5999999999995
-737.8000000000002
-738.0999999999995
-652.0999999999995
-736.1999999999998
-740.3000000000002
-742.5
-657.5999999999995
-739.8999999999996
-743.0
-657.0999999999995
-740.3000000000002
-744.3999999999996
-660.5999999999995
-743.0999999999995
-657.3999999999996
-738.8000000000002
-741.8999999999996
-658.0
-738.3999999999996
-655.3999999999996
-734.8000000000002
-736.6999999999998
-652.5
-732.5999999999995
-650.3000000000002
-731.5
-649.3999999999996
-646.8000000000002
-726.5
-728.6999999999998
-731.8000000000002
-734.8999999999996
-646.0
-730.8999999999996
-732.8999999999996
-735.8000000000002
-649.6999999999998
-733.6999999999998
-735.6999999999998
-652.5999999999995
-735.8999999999996
-740.0999999999995
-657.3999999999996
-739.0999999999995
-659.5
-740.5999999999995
-657.3000000000002
-737.3000000000002
-652.8000000000002
-732.5
-733.6999999999998
-652.6999999999998
-730.3000000000002
-648.1999999999998
-730.5999999999995
-648.8000000000002
-726.5
-647.5
-728.3000000000002
-729.6999999999998
-733.8999999999996
-645.1999999999998
-729.3000000000002
-732.3999999999996
-734.5
-738.5
-650.5999999999995
-735.5999999999995
-740.6999999999998
-654.0
-739.3000000000002
-742.6999999999998
-658.0999999999995
-741.6999999999998
-656.1999999999998
-738.8000000000002
-653.1999999999998
-734.6999999999998
-738.8999999999996
-651.1999999999998
-734.3999999999996
-647.5
-726.5999999999995
-644.1999999999998
-726.3000000000002
-642.1999999999998
-721.3999999999996
-725.0999999999995
-644.8999999999996
-723.3999999999996
-726.3000000000002
-728.1999999999998
-643.0
-724.0
-725.6999999999998
-729.3000000000002
-731.0
-646.5999999999995
-729.5
-645.3000000000002
-729.3999999999996
-733.5
-646.6999999999998
-731.8999999999996
-734.1999999999998
-649.3999999999996
-731.8000000000002
-650.0
-729.6999999999998
-645.8999999999996
-724.3999999999996
-726.3000000000002
-644.0999999999995
-723.3999999999996
-643.1999999999998
-722.6999999999998
-641.6999999999998
-719.3000000000002
-723.1999999999998
-726.1999999999998
-730.1999999999998
-733.3000000000002
-645.3999999999996
-728.3999999999996
-729.3000000000002
-733.0
-648.8000000000002
-731.8999999999996
-734.8999999999996
-649.8999999999996
-736.0999999999995
-739.5
-653.8999999999996
-738.3999999999996
-743.8999999999996
-659.5999999999995
-741.5
-656.0999999999995
-738.8000000000002
-741.3000000000002
-655.6999999999998
-734.1999999999998
-651.0999999999995
-731.3999999999996
-733.3000000000002
-651.0999999999995
-729.3999999999996
-650.0999999999995
-729.5999999999995
-732.5999999999995
-736.5999999999995
-736.6999999999998
-650.5
-734.3999999999996
-737.3000000000002
-741.1999999999998
-658.1999999999998
-740.5999999999995
-742.8000000000002
-657.8999999999996
-742.1999999999998
-746.5
-662.8999999999996
-743.5999999999995
-747.8999999999996
-664.3000000000002
-745.0
-661.3000000000002
-740.8999999999996
-656.0
-737.3000000000002
-738.3000000000002
-655.0999999999995
-652.3000000000002
-730.8000000000002
-735.6999999999998
-652.8000000000002
-734.3000000000002
-653.5
-732.3000000000002
-734.5
-738.5999999999995
-649.8000000000002
-733.8000000000002
-735.8000000000002
-737.6999999999998
-654.5
-736.6999999999998
-740.6999999999998
-655.8000000000002
-738.0999999999995
-742.1999999999998
-658.3999999999996
-740.8999999999996
-746.1999999999998
-659.6999999999998
-742.1999999999998
-656.5
-738.8999999999996
-741.0999999999995
-654.1999999999998
-735.3000000000002
-654.0999999999995
-733.5
-650.3999999999996
-732.6999999999998
-648.8000000000002
-728.1999999999998
-649.0999999999995
-728.8000000000002
-730.0
-640.0
-725.6999999999998
-727.5999999999995
-731.3999999999996
-734.3000000000002
-647.1999999999998
-732.0999999999995
-736.0999999999995
-740.1999999999998
-654.3999999999996
-737.6999999999998
-652.8999999999996
-736.3000000000002
-743.5999999999995
-658.3000000000002
-739.0999999999995
-652.5
-736.8999999999996
-651.3000000000002
-730.8000000000002
-645.8000000000002
-728.0
-644.0
-723.3000000000002
-726.0999999999995
-643.8999999999996
-724.1999999999998
-728.0999999999995
-731.0999999999995
-734.0999999999995
-739.0999999999995
-652.3000000000002
-735.5
-736.5999999999995
-739.5
-655.3999999999996
-736.5999999999995
-740.5
-656.5
-740.8000000000002
-656.0999999999995
-738.5999999999995
-743.8999999999996
-657.3999999999996
-740.8999999999996
-655.3000000000002
-736.8000000000002
-739.0
-655.0999999999995
-735.5
-649.5
-730.5999999999995
-647.3999999999996
-728.5999999999995
-730.5
-650.3000000000002
-730.8000000000002
-650.8999999999996
-728.6999999999998
-731.8000000000002
-734.8999999999996
-647.0
-730.0
-732.8999999999996
-733.8000000000002
-650.5
-732.5999999999995
-735.5
-652.3999999999996
-735.6999999999998
-739.8999999999996
-657.1999999999998
-737.8999999999996
-654.1999999999998
-736.8000000000002
-741.1999999999998
-655.6999999999998
-736.3000000000002
-652.5
-733.0
-649.0999999999995
-728.5
-645.3999999999996
-725.6999999999998
-645.5999999999995
-725.1999999999998
-644.3000000000002
-723.0
-725.0999999999995
-730.0999999999995
-732.3000000000002
-645.3999999999996
-729.5
-731.5999999999995
-733.5999999999995
-648.5
-731.5999999999995
-733.5999999999995
-649.5
-733.6999999999998
-737.8999999999996
-655.1999999999998
-736.8999999999996
-654.3000000000002
-736.0999999999995
-650.5999999999995
-733.1999999999998
-736.5999999999995
-651.0
-731.5
-732.5999999999995
-650.5
-729.8999999999996
-648.8000000000002
-725.3000000000002
-646.0
-724.5
-726.3999999999996
-729.1999999999998
-733.0
-733.8999999999996
-645.5999999999995
-731.1999999999998
-734.0
-736.8000000000002
-649.5999999999995
-734.3999999999996
-737.3000000000002
-649.1999999999998
-737.0
-648.1999999999998
-734.1999999999998
-737.3999999999996
-652.5999999999995
-738.0
-649.5
-734.8000000000002
-648.1999999999998
-730.5999999999995
-643.8000000000002
-727.0
-729.0999999999995
-729.0999999999995
-648.8000000000002
-726.1999999999998
-644.8999999999996
-725.1999999999998
-727.0999999999995
-729.8999999999996
-733.6999999999998
-735.5999999999995
-649.3999999999996
-731.3000000000002
-734.0
-738.6999999999998
-741.5999999999995
-653.5
-739.3000000000002
-654.3000000000002
-737.5
-741.5999999999995
-744.8000000000002
-661.0
-742.5
-660.6999999999998
-742.3999999999996
-743.8000000000002
-661.0
-738.5999999999995
-655.5
-734.8000000000002
-651.5999999999995
-732.8000000000002
-649.6999999999998
-730.0
-646.8999999999996
-727.1999999999998
-730.0999999999995
-734.0
-737.0
-739.0
-651.8999999999996
-734.8000000000002
-738.5999999999995
-739.5
-652.1999999999998
-737.8999999999996
-741.8000000000002
-658.8000000000002
-741.1999999999998
-745.3999999999996
-662.6999999999998
-742.3999999999996
-658.5999999999995
-739.0999999999995
-743.1999999999998
-660.3999999999996
-739.0
-654.0
-736.1999999999998
-653.1999999999998
-732.5999999999995
-649.5
-728.8000000000002
-646.5999999999995
-728.8999999999996
-645.0
-726.3999999999996
-729.5
-731.5999999999995
-736.5999999999995
-649.8000000000002
-734.0
-735.1999999999998
-738.1999999999998
-652.1999999999998
-738.3000000000002
-739.5999999999995
-656.6999999999998
-740.1999999999998
-744.5999999999995
-661.0999999999995
-743.8999999999996
-658.5
-740.1999999999998
-743.5999999999995
-659.0
-740.5999999999995
-743.8999999999996
-657.1999999999998
-737.5
-656.3999999999996
-737.8999999999996
-652.0999999999995
-732.3999999999996
-652.3000000000002
-730.8999999999996
-732.8999999999996
-735.8000000000002
-739.6999999999998
-740.6999999999998
-652.5
-737.1999999999998
-741.0
-742.8999999999996
-657.6999999999998
-739.6999999999998
-744.5
-659.5
-743.6999999999998
-747.8999999999996
-662.1999999999998
-746.5999999999995
-664.0
-742.8000000000002
-660.0
-740.5999999999995
-741.8000000000002
-659.8000000000002
-738.3000000000002
-653.1999999999998
-734.3000000000002
-738.0999999999995
-657.0
-737.5
-653.5999999999995
-735.0
-737.0999999999995
-743.0999999999995
-745.3999999999996
-746.5999999999995
-658.5999999999995
-744.5
-746.5999999999995
-749.5999999999995
-662.5999999999995
-746.5999999999995
-749.5999999999995
-664.5999999999995
-748.8000000000002
-752.0
-668.1999999999998
-751.6999999999998
-666.0999999999995
-748.5999999999995
-751.8999999999996
-666.1999999999998
-747.5999999999995
-661.6999999999998
-742.8999999999996
-657.8000000000002
-737.8999999999996
-654.5999999999995
-735.6999999999998
-739.5
-659.3999999999996
-738.0
-658.0
-738.6999999999998
-741.0
-744.1999999999998
-655.3999999999996
-738.3999999999996
-742.3000000000002
-743.3000000000002
-657.0999999999995
-743.0
-745.0999999999995
-661.0999999999995
-744.3999999999996
-748.5999999999995
-663.8999999999996
-745.3999999999996
-747.5999999999995
-666.6999999999998
-747.3999999999996
-660.6999999999998
-742.0
-743.0
-657.8000000000002
-737.8000000000002
-652.3999999999996
-734.1999999999998
-738.8000000000002
-657.5999999999995
-737.0
-655.8999999999996
-734.3999999999996
-737.3000000000002
-740.1999999999998
-746.0999999999995
-656.3000000000002
-739.1999999999998
-743.0
-747.8999999999996
-659.0
-741.8999999999996
-746.6999999999998
-663.6999999999998
-746.0999999999995
-661.3000000000002
-743.6999999999998
-746.8999999999996
-662.0999999999995
-746.5
-661.8999999999996
-743.5
-658.8000000000002
-738.3000000000002
-653.3000000000002
-734.5
-650.3999999999996
-732.5999999999995
-649.5999999999995
-731.0
-649.0999999999995
-729.6999999999998
-731.8999999999996
-736.0
-738.1999999999998
-650.3000000000002
-735.3000000000002
-737.3999999999996
-740.3999999999996
-740.3999999999996
-653.0999999999995
-738.8000000000002
-741.6999999999998
-656.5999999999995
-740.6999999999998
-747.8000000000002
-659.3000000000002
-743.5999999999995
-659.8999999999996
-741.5
-656.8000000000002
-738.3000000000002
-741.5
-656.6999999999998
-736.0999999999995
-653.0
-732.3000000000002
-648.0999999999995
-730.1999999999998
-647.0999999999995
-728.3999999999996
-730.3999999999996
-649.3000000000002
-728.8000000000002
-731.8000000000002
-734.8000000000002
-646.8000000000002
-729.6999999999998
-732.5
-735.3000000000002
-650.0999999999995
-733.0999999999995
-737.0
-738.0
-654.8000000000002
-737.0
-742.0
-659.1999999999998
-740.8000000000002
-659.0999999999995
-738.8999999999996
-656.1999999999998
-733.8999999999996
-735.8999999999996
-654.8000000000002
-732.3000000000002
-649.0999999999995
-731.3000000000002
-734.3000000000002
-651.3000000000002
-730.6999999999998
-651.5999999999995
-730.3000000000002
-735.3999999999996
-737.6999999999998
-741.8999999999996
-652.1999999999998
-737.1999999999998
-738.3000000000002
-741.1999999999998
-654.0999999999995
-739.0
-743.0
-657.0999999999995
-742.3000000000002
-742.5999999999995
-657.5999999999995
-742.8000000000002
-660.0999999999995
-739.8000000000002
-656.0
-738.5
-742.8000000000002
-653.1999999999998
-735.3000000000002
-651.1999999999998
-732.3999999999996
-649.3000000000002
-730.5999999999995
-645.5999999999995
-725.8000000000002
-644.5999999999995
-726.0
-728.0999999999995
-731.0999999999995
-734.0999999999995
-646.0999999999995
-731.0
-732.0
-734.8000000000002
-648.5999999999995
-732.5
-735.3999999999996
-651.3000000000002
-735.5
-649.6999999999998
-735.0
-736.3999999999996
-653.5999999999995
-734.1999999999998
-651.3999999999996
-730.0
-646.0
-727.3000000000002
-644.3000000000002
-721.6999999999998
-639.3999999999996
-718.5999999999995
-633.3000000000002
-715.1999999999998
-633.8999999999996
-714.1999999999998
-716.0999999999995
-717.8999999999996
-723.5999999999995
-725.5999999999995
-637.5
-721.3000000000002
-724.0999999999995
-727.8999999999996
-642.8000000000002
-727.8999999999996
-730.0999999999995
-647.1999999999998
-730.6999999999998
-734.0999999999995
-650.5
-735.1999999999998
-737.8999999999996
-654.5
-736.3999999999996
-654.0
-733.0
-649.3999999999996
-730.0999999999995
-647.3999999999996
-725.0999999999995
-641.0999999999995
-722.3999999999996
-642.3999999999996
-722.0999999999995
-641.3000000000002
-722.0999999999995
-724.5
-726.8000000000002
-729.0
-644.0999999999995
-725.3999999999996
-727.3999999999996
-731.3000000000002
-646.3000000000002
-729.5
-733.5999999999995
-648.8000000000002
-733.1999999999998
-735.5999999999995
-651.8999999999996
-733.5
-648.8000000000002
-731.3000000000002
-734.5999999999995
-650.8999999999996
-731.5
-647.6999999999998
-728.1999999999998
-644.3000000000002
-724.6999999999998
-641.6999999999998
-720.0999999999995
-722.8999999999996
-643.6999999999998
-722.3000000000002
-642.3000000000002
-722.0
-725.1999999999998
-726.3999999999996
-638.3999999999996
-722.3000000000002
-726.1999999999998
-729.1999999999998
-642.1999999999998
-727.1999999999998
-731.3000000000002
-645.5
-730.8000000000002
-732.1999999999998
-650.3999999999996
-734.0999999999995
-650.6999999999998
-731.5999999999995
-732.0999999999995
-649.3000000000002
-729.8999999999996
-645.0999999999995
-726.5
-643.5999999999995
-721.0999999999995
-725.8999999999996
-642.8999999999996
-723.3000000000002
-641.3000000000002
-722.8000000000002
-726.0
-729.1999999999998
-734.3999999999996
-737.8000000000002
-649.1999999999998
-733.3999999999996
-736.5999999999995
-739.8000000000002
-652.0
-737.0999999999995
-741.3000000000002
-656.5999999999995
-741.0999999999995
-743.5999999999995
-661.0
-745.8000000000002
-748.5999999999995
-663.3000000000002
-746.0999999999995
-659.6999999999998
-744.3000000000002
-658.8999999999996
-737.5999999999995
-739.6999999999998
-655.6999999999998
-735.0
-653.8000000000002
-732.1999999999998
-651.0
-730.3999999999996
-649.3000000000002
-728.8000000000002
-730.8000000000002
-732.6999999999998
-648.5
-731.5999999999995
-734.5999999999995
-734.5999999999995
-648.3000000000002
-732.0999999999995
-735.8999999999996
-652.8000000000002
-735.0999999999995
-739.1999999999998
-656.3999999999996
-737.0
-655.1999999999998
-734.8999999999996
-738.0999999999995
-654.3000000000002
-733.8000000000002
-649.8000000000002
-728.0999999999995
-645.8000000000002
-724.0
-643.5999999999995
-723.8999999999996
-642.8000000000002
-723.3000000000002
-642.3999999999996
-721.0999999999995
-725.1999999999998
-728.3999999999996
-731.5999999999995
-642.8000000000002
-727.8000000000002
-728.8999999999996
-732.8000000000002
-646.8000000000002
-728.8999999999996
-732.8000000000002
-647.8000000000002
-732.0
-735.1999999999998
-651.3999999999996
-733.8999999999996
-649.1999999999998
-733.6999999999998
-735.1999999999998
-650.5
-731.0
-649.0999999999995
-726.6999999999998
-644.5999999999995
-724.0
-640.8999999999996
-718.1999999999998
-638.8000000000002
-717.1999999999998
-638.0
-716.5999999999995
-719.5999999999995
-721.5999999999995
-631.5
-717.0999999999995
-721.8999999999996
-724.8999999999996
-727.8999999999996
-639.8999999999996
-725.8000000000002
-728.8999999999996
-642.0
-727.0999999999995
-732.3000000000002
-642.6999999999998
-729.8000000000002
-644.1999999999998
-730.6999999999998
-733.3999999999996
-648.0
-730.6999999999998
-646.1999999999998
-726.8999999999996
-642.1999999999998
-721.6999999999998
-637.6999999999998
-718.0
-633.8999999999996
-714.0999999999995
-631.8999999999996
-711.1999999999998
-714.0
-718.8000000000002
-719.8000000000002
-633.5999999999995
-715.5
-721.1999999999998
-721.1999999999998
-723.8999999999996
-640.5999999999995
-724.6999999999998
-728.8000000000002
-646.0
-727.5999999999995
-645.8999999999996
-726.6999999999998
-730.0999999999995
-648.5
-728.3999999999996
-729.8000000000002
-648.0
-726.6999999999998
-642.8000000000002
-723.1999999999998
-725.1999999999998
-644.0999999999995
-723.5999999999995
-642.5999999999995
-721.1999999999998
-642.1999999999998
-721.0
-723.1999999999998
-726.3000000000002
-731.3999999999996
-643.6999999999998
-726.8999999999996
-728.0
-731.8999999999996
-644.8999999999996
-729.8999999999996
-735.0
-648.3000000000002
-730.5999999999995
-735.6999999999998
-653.0
-733.6999999999998
-654.0
-734.0
-650.5
-731.3000000000002
-732.6999999999998
-650.8999999999996
-729.5999999999995
-645.6999999999998
-727.0999999999995
-729.1999999999998
-647.1999999999998
-725.6999999999998
-645.5999999999995
-725.1999999999998
-727.3000000000002
-732.3000000000002
-736.5
-736.8000000000002
-651.8000000000002
-736.0
-740.1999999999998
-741.5
-655.5999999999995
-739.8000000000002
-745.0
-748.3999999999996
-661.8000000000002
-748.1999999999998
-751.8000000000002
-664.3999999999996
-748.8999999999996
-665.3999999999996
-747.1999999999998
-662.6999999999998
-743.3999999999996
-745.6999999999998
-659.8999999999996
-740.1999999999998
-658.0999999999995
-738.5
-655.5
-733.8999999999996
-653.6999999999998
-731.1999999999998
-734.0
-738.8000000000002
-741.8000000000002
-746.8000000000002
-659.0
-742.0999999999995
-745.0999999999995
-748.0999999999995
-663.0999999999995
-747.3000000000002
-749.5
-750.5999999999995
-667.5
-750.8000000000002
-667.0
-749.5
-751.8000000000002
-668.0
-748.5
-664.5999999999995
-745.0
-747.0
-661.8999999999996
-742.0
-658.6999999999998
-736.8000000000002
-656.3000000000002
-735.5
-656.1999999999998
-734.6999999999998
-738.5999999999995
-741.5999999999995
-744.5999999999995
-745.5999999999995
-658.3999999999996
-741.1999999999998
-744.8999999999996
-748.6999999999998
-662.5999999999995
-745.5999999999995
-749.5
-753.5
-670.5999999999995
-753.0999999999995
-755.3999999999996
-670.5999999999995
-755.0
-669.3999999999996
-751.8999999999996
-754.1999999999998
-667.3999999999996
-750.5999999999995
-666.6999999999998
-747.0999999999995
-750.0999999999995
-664.0999999999995
-744.1999999999998
-662.8999999999996
-743.1999999999998
-662.0999999999995
-741.5999999999995
-746.5999999999995
-748.8000000000002
-751.8999999999996
-663.0
-746.8999999999996
-750.8000000000002
-752.8000000000002
-665.6999999999998
-750.5999999999995
-754.5999999999995
-666.6999999999998
-752.6999999999998
-757.8999999999996
-670.3000000000002
-754.5999999999995
-757.8999999999996
-675.1999999999998
-755.8999999999996
-669.1999999999998
-751.5
-666.5999999999995
-746.8999999999996
-661.8000000000002
-743.8999999999996
-660.8000000000002
-741.0999999999995
-658.0
-737.3000000000002
-656.0999999999995
-736.5
-739.5
-743.5
-745.5999999999995
-657.5999999999995
-741.5
-744.3999999999996
-746.3000000000002
-658.0999999999995
-743.8000000000002
-747.6999999999998
-659.6999999999998
-744.5999999999995
-746.5999999999995
-662.5
-745.6999999999998
-747.8000000000002
-663.8000000000002
-745.0999999999995
-659.0999999999995
-741.1999999999998
-658.0999999999995
-735.3999999999996
-739.0
-655.6999999999998
-736.8000000000002
-653.5999999999995
-734.8000000000002
-653.6999999999998
-732.1999999999998
-734.0999999999995
-738.8999999999996
-743.8999999999996
-746.0999999999995
-657.1999999999998
-742.0999999999995
-743.0999999999995
-746.8999999999996
-659.8000000000002
-745.6999999999998
-748.8000000000002
-662.8999999999996
-747.0999999999995
-752.3000000000002
-666.6999999999998
-752.1999999999998
-666.8000000000002
-748.5
-751.8999999999996
-664.3000000000002
-747.5999999999995
-664.8000000000002
-743.3999999999996
-657.3999999999996
-739.5
-657.3999999999996
-735.8000000000002
-654.5999999999995
-735.0
-654.0
-733.5999999999995
-735.6999999999998
-738.6999999999998
-740.6999999999998
-653.5999999999995
-739.5
-740.5999999999995
-742.5
-657.3000000000002
-741.3000000000002
-745.3000000000002
-657.3999999999996
-740.3999999999996
-747.3000000000002
-662.5999999999995
-745.0999999999995
-747.3999999999996
-661.5999999999995
-745.8999999999996
-660.1999999999998
-740.5999999999995
-741.5999999999995
-657.3999999999996
-737.5
-653.1999999999998
-732.1999999999998
-650.6999999999998
-731.8000000000002
-734.5999999999995
-652.3999999999996
-731.6999999999998
-734.5
-737.3000000000002
-739.0999999999995
-652.8000000000002
-734.5999999999995
-738.1999999999998
-742.8999999999996
-658.8000000000002
-740.0
-742.8999999999996
-657.8000000000002
-739.8999999999996
-740.8000000000002
-745.5
-663.3999999999996
-745.8000000000002
-662.0
-744.5
-745.8000000000002
-662.8999999999996
-741.3999999999996
-658.3000000000002
-738.5999999999995
-741.5
-658.3999999999996
-738.6999999999998
-658.5999999999995
-738.1999999999998
-741.3000000000002
-745.3999999999996
-749.5999999999995
-752.8999999999996
-755.1999999999998
-664.3999999999996
-749.1999999999998
-754.0999999999995
-757.1999999999998
-666.3000000000002
-753.0
-757.0
-669.0999999999995
-754.0999999999995
-758.1999999999998
-673.3999999999996
-758.8000000000002
-673.3000000000002
-757.8999999999996
-670.5
-753.0
-753.3000000000002
-666.3000000000002
-750.3000000000002
-664.3000000000002
-744.3999999999996
-660.0999999999995
-740.0999999999995
-657.6999999999998
-653.8000000000002
-735.0999999999995
-738.0999999999995
-739.0999999999995
-744.8999999999996
-747.0
-661.0
-740.0999999999995
-743.6999999999998
-745.3999999999996
-662.0
-745.0
-749.8999999999996
-668.0
-748.5999999999995
-751.8000000000002
-668.0
-749.5
-666.6999999999998
-747.3000000000002
-748.5
-667.5
-745.0999999999995
-663.0
-741.3999999999996
-657.1999999999998
-735.3000000000002
-654.8000000000002
-734.0
-652.6999999999998
-732.0
-651.8000000000002
-731.3000000000002
-736.3000000000002
-737.5
-740.5
-652.5
-736.3999999999996
-740.3000000000002
-741.3000000000002
-656.0999999999995
-738.0999999999995
-742.8999999999996
-658.8999999999996
-741.1999999999998
-745.3000000000002
-661.5
-744.0
-749.3000000000002
-662.8000000000002
-746.3000000000002
-659.6999999999998
-743.0999999999995
-657.3999999999996
-739.8000000000002
-658.0
-736.6999999999998
-738.8000000000002
-655.8000000000002
-735.1999999999998
-653.0999999999995
-734.5
-738.5999999999995
-741.8000000000002
-745.0
-655.1999999999998
-741.0999999999995
-744.1999999999998
-746.3000000000002
-749.3000000000002
-660.3000000000002
-745.0999999999995
-749.0
-662.0
-749.0
-752.3000000000002
-668.5999999999995
-751.1999999999998
-665.5999999999995
-750.0999999999995
-664.5999999999995
-747.1999999999998
-749.5999999999995
-662.8999999999996
-745.1999999999998
-661.3000000000002
-739.6999999999998
-657.5
-736.8000000000002
-653.5999999999995
-734.8000000000002
-654.6999999999998
-734.3000000000002
-738.3999999999996
-738.5999999999995
-742.5
-655.5
-739.5
-741.5
-745.3999999999996
-658.3999999999996
-742.3999999999996
-745.3999999999996
-749.3999999999996
-661.5
-745.5
-748.5
-668.5
-750.1999999999998
-666.5999999999995
-747.3000000000002
-748.5999999999995
-662.6999999999998
-742.8999999999996
-656.6999999999998
-737.5999999999995
-655.1999999999998
-734.3000000000002
-650.8999999999996
-732.8999999999996
-650.6999999999998
-731.0
-734.8999999999996
-736.8999999999996
-740.8000000000002
-741.8000000000002
-655.5999999999995
-739.5
-742.3999999999996
-744.3000000000002
-658.0999999999995
-743.0
-746.0
-661.0
-743.1999999999998
-747.1999999999998
-666.3000000000002
-749.0
-750.5
-666.8000000000002
-746.3999999999996
-663.5
-743.0
-745.0
-748.8999999999996
-666.8999999999996
-744.3999999999996
-664.1999999999998
-740.6999999999998
-660.3999999999996
-737.8000000000002
-660.5
-738.1999999999998
-743.1999999999998
-743.3999999999996
-745.3000000000002
-658.0999999999995
-740.8999999999996
-743.5999999999995
-746.3000000000002
-659.0
-741.6999999999998
-745.3000000000002
-657.0
-744.5999999999995
-745.5999999999995
-660.3999999999996
-745.3999999999996
-661.5
-742.8999999999996
-748.0
-662.3000000000002
-744.6999999999998
-658.8999999999996
-740.1999999999998
-655.1999999999998
-732.3999999999996
-737.8999999999996
-651.6999999999998
-731.5999999999995
-653.0999999999995
-731.5
-733.3000000000002
-738.0
-739.8999999999996
-741.6999999999998
-656.3999999999996
-739.3000000000002
-740.0999999999995
-741.6999999999998
-658.1999999999998
-740.0999999999995
-743.8000000000002
-658.5999999999995
-742.5999999999995
-745.5999999999995
-660.5999999999995
-742.8000000000002
-659.8000000000002
-740.1999999999998
-657.1999999999998
-738.5999999999995
-740.6999999999998
-655.6999999999998
-736.8999999999996
-652.8000000000002
-733.0
-649.8000000000002
-731.0
-647.8999999999996
-727.1999999999998
-646.0
-724.3999999999996
-730.1999999999998
-733.3000000000002
-736.3999999999996
-646.5
-732.3000000000002
-735.3000000000002
-738.3000000000002
-653.3000000000002
-734.5
-739.3999999999996
-655.5
-739.8999999999996
-743.3000000000002
-659.6999999999998
-740.3999999999996
-656.6999999999998
-738.3000000000002
-741.5999999999995
-655.8999999999996
-737.3000000000002
-652.3999999999996
-732.6999999999998
-648.5999999999995
-727.8000000000002
-644.5
-725.5999999999995
-727.3999999999996
-646.0999999999995
-727.3999999999996
-730.3999999999996
-733.3999999999996
-737.3999999999996
-738.5
-651.3999999999996
-733.3000000000002
-738.0
-740.8999999999996
-655.8000000000002
-737.8999999999996
-741.8000000000002
-657.8000000000002
-741.0999999999995
-745.3000000000002
-661.5999999999995
-742.1999999999998
-746.3999999999996
-664.6999999999998
-744.5
-662.8000000000002
-741.5999999999995
-659.8000000000002
-737.5
-741.5
-659.5999999999995
-739.1999999999998
-741.3000000000002
-661.3000000000002
-738.0
-658.8999999999996
-736.5999999999995
-741.5999999999995
-742.8000000000002
-746.8000000000002
-659.8999999999996
-742.0
-746.8999999999996
-749.0
-749.0
-665.6999999999998
-749.8000000000002
-751.8999999999996
-667.8999999999996
-751.1999999999998
-667.3999999999996
-749.8999999999996
-755.1999999999998
-670.6999999999998
-751.3999999999996
-664.6999999999998
-747.0
-661.0999999999995
-743.3000000000002
-743.3000000000002
-659.0
-740.0
-656.6999999999998
-736.8000000000002
-655.5
-650.8000000000002
-730.1999999999998
-733.0999999999995
-735.0
-738.8000000000002
-649.6999999999998
-733.3999999999996
-736.0999999999995
-735.8000000000002
-652.1999999999998
-736.0
-739.8000000000002
-651.6999999999998
-736.5
-739.3999999999996
-653.3000000000002
-737.3000000000002
-654.3000000000002
-735.6999999999998
-737.8000000000002
-653.8000000000002
-734.0999999999995
-647.0
-727.8999999999996
-642.5
-724.3000000000002
-641.8999999999996
-723.0
-640.8000000000002
-719.0999999999995
-640.8000000000002
-719.3999999999996
-723.3999999999996
-726.5
-727.5999999999995
-640.5
-723.3999999999996
-727.1999999999998
-732.0999999999995
-642.1999999999998
-726.0
-730.8000000000002
-644.8000000000002
-728.8999999999996
-732.0
-646.0999999999995
-733.3000000000002
-736.8000000000002
-650.3000000000002
-734.8000000000002
-648.3000000000002
-728.8000000000002
-643.8999999999996
-724.1999999999998
-726.0999999999995
-643.8999999999996
-725.1999999999998
-643.1999999999998
-722.6999999999998
-640.6999999999998
-719.1999999999998
-638.0999999999995
-717.5999999999995
-719.5999999999995
-722.5
-634.3999999999996
-716.1999999999998
-720.8000000000002
-723.5999999999995
-639.3999999999996
-721.5
-725.3999999999996
-639.3999999999996
-723.5
-727.5999999999995
-642.8000000000002
-725.1999999999998
-641.3999999999996
-723.8999999999996
-728.1999999999998
-644.5999999999995
-724.3000000000002
-639.5
-718.8999999999996
-634.8000000000002
-716.0
-631.8999999999996
-713.0999999999995
-716.0
-634.8999999999996
-715.3999999999996
-718.5
-722.5999999999995
-726.8000000000002
-730.0999999999995
-643.3999999999996
-725.6999999999998
-728.8000000000002
-732.8999999999996
-649.0999999999995
-731.5999999999995
-733.8999999999996
-652.0999999999995
-735.8000000000002
-738.3999999999996
-657.8999999999996
-737.0
-742.5
-662.1999999999998
-740.5
-658.0999999999995
-737.0999999999995
-655.5
-734.3999999999996
-650.6999999999998
-731.3000000000002
-648.5
-728.0999999999995
-645.1999999999998
-726.6999999999998
-644.8999999999996
-724.5999999999995
-728.8000000000002
-732.0999999999995
-735.3999999999996
-648.6999999999998
-733.0
-735.3000000000002
-739.5
-654.8000000000002
-737.3000000000002
-739.5999999999995
-654.8000000000002
-738.1999999999998
-743.5
-660.0
-741.8000000000002
-657.3000000000002
-739.0
-656.3999999999996
-736.1999999999998
-738.5
-655.6999999999998
-735.3000000000002
-653.3999999999996
-730.0
-648.8000000000002
-729.1999999999998
-647.1999999999998
-725.6999999999998
-645.5999999999995
-724.1999999999998
-727.1999999999998
-731.1999999999998
-734.3000000000002
-646.3999999999996
-730.3999999999996
-734.3999999999996
-734.5
-740.3000000000002
-655.3999999999996
-737.6999999999998
-741.8000000000002
-659.0
-740.5999999999995
-744.8999999999996
-663.3000000000002
-743.1999999999998
-660.5999999999995
-741.3999999999996
-743.8000000000002
-660.0999999999995
-739.6999999999998
-655.8000000000002
-734.1999999999998
-740.0
-657.0999999999995
-736.5999999999995
-654.5999999999995
-733.0999999999995
-653.0
-732.5999999999995
-734.6999999999998
-739.6999999999998
-742.8999999999996
-653.0999999999995
-738.0
-741.0
-742.0
-653.8000000000002
-740.5
-743.5
-656.5
-741.5
-745.5999999999995
-659.8000000000002
-745.0999999999995
-748.5
-661.8999999999996
-744.3000000000002
-658.5
-742.8000000000002
-655.0999999999995
-735.3000000000002
-651.0999999999995
-732.1999999999998
-649.0
-729.1999999999998
-731.0
-648.6999999999998
-643.8999999999996
-725.1999999999998
-727.1999999999998
-729.0999999999995
-732.8999999999996
-645.8000000000002
-728.6999999999998
-731.5
-733.3000000000002
-646.0
-729.6999999999998
-732.3999999999996
-737.0999999999995
-652.0
-734.0999999999995
-651.0
-732.3000000000002
-737.3000000000002
-651.5
-732.8000000000002
-648.8000000000002
-730.0999999999995
-732.0999999999995
-648.0
-726.1999999999998
-643.8000000000002
-724.8999999999996
-642.6999999999998
-722.0
-640.8000000000002
-720.1999999999998
-640.0999999999995
-716.6999999999998
-720.5
-723.3999999999996
-637.3000000000002
-720.3000000000002
-722.1999999999998
-726.0
-639.8999999999996
-723.8999999999996
-726.8999999999996
-642.8999999999996
-726.1999999999998
-727.3999999999996
-643.3999999999996
-725.6999999999998
-728.8000000000002
-646.8999999999996
-727.5
-644.6999999999998
-725.3000000000002
-642.5
-719.0999999999995
-636.8999999999996
-716.1999999999998
-717.0
-637.5999999999995
-716.0
-634.8000000000002
-715.1999999999998
-719.1999999999998
-721.3000000000002
-725.3000000000002
-728.3999999999996
-637.5
-722.1999999999998
-726.0
-731.8999999999996
-735.0999999999995
-648.3000000000002
-732.5
-735.6999999999998
-650.8999999999996
-733.3000000000002
-738.5
-653.8999999999996
-734.5
-653.6999999999998
-734.5
-736.8999999999996
-653.1999999999998
-732.8000000000002
-650.8999999999996
-729.5
-648.5
-727.0999999999995
-644.0999999999995
-724.5
-644.5
-638.1999999999998
-716.8000000000002
-720.8000000000002
-724.8999999999996
-727.0999999999995
-640.1999999999998
-723.3000000000002
-725.3000000000002
-728.1999999999998
-645.0999999999995
-728.3999999999996
-730.5999999999995
-648.6999999999998
-731.3000000000002
-733.6999999999998
-652.0
-732.8000000000002
-649.1999999999998
-728.8999999999996
-649.0999999999995
-727.0
-644.1999999999998
-723.8000000000002
-640.8999999999996
-720.3999999999996
-636.3999999999996
-714.6999999999998
-633.3999999999996
-712.6999999999998
-632.5
-711.0
-714.8999999999996
-718.8999999999996
-722.0
-725.0999999999995
-638.1999999999998
-721.3000000000002
-724.3000000000002
-727.3000000000002
-643.3000000000002
-727.5999999999995
-730.8999999999996
-647.1999999999998
-730.8000000000002
-733.3000000000002
-648.6999999999998
-732.3000000000002
-736.8000000000002
-653.3999999999996
-735.3000000000002
-650.8999999999996
-731.6999999999998
-734.0999999999995
-650.3999999999996
-732.0
-650.3000000000002
-729.0999999999995
-647.3000000000002
-726.0
-645.0999999999995
-724.8000000000002
-728.0
-730.1999999999998
-735.3000000000002
-737.5999999999995
-649.8000000000002
-735.8999999999996
-738.1999999999998
-741.3999999999996
-655.5999999999995
-740.8999999999996
-744.3000000000002
-659.6999999999998
-743.3000000000002
-746.8000000000002
-663.3000000000002
-746.0999999999995
-660.6999999999998
-743.3999999999996
-746.8999999999996
-661.3999999999996
-743.0
-658.3000000000002
-740.8000000000002
-655.0999999999995
-735.5
-651.5
-732.8000000000002
-733.8000000000002
-653.5999999999995
-732.0999999999995
-653.0
-731.6999999999998
-732.8000000000002
-735.6999999999998
-646.5999999999995
-728.3000000000002
-732.8000000000002
-734.5
-739.0999999999995
-653.8999999999996
-738.8999999999996
-654.0
-735.3000000000002
-741.3000000000002
-656.5999999999995
-739.0999999999995
-742.3999999999996
-659.6999999999998
-739.3999999999996
-654.5999999999995
-737.0
-652.1999999999998
-732.5999999999995
-648.5999999999995
-727.8999999999996
-731.6999999999998
-651.5999999999995
-731.1999999999998
-649.3000000000002
-729.8999999999996
-734.0999999999995
-735.3999999999996
-739.5
-649.6999999999998
-735.5999999999995
-740.6999999999998
-741.0
-743.0
-658.8999999999996
-743.0999999999995
-746.3000000000002
-748.5
-664.5999999999995
-747.0
-663.1999999999998
-746.6999999999998
-751.0999999999995
-665.5999999999995
-748.1999999999998
-660.5999999999995
-743.8999999999996
-658.0999999999995
-739.3999999999996
-742.3999999999996
-657.3999999999996
-738.5999999999995
-654.5
-734.6999999999998
-654.5
-734.0
-654.0
-731.6999999999998
-735.6999999999998
-736.8000000000002
-651.6999999999998
-733.8000000000002
-735.6999999999998
-739.5
-653.3999999999996
-735.3999999999996
-739.1999999999998
-657.0999999999995
-740.5
-742.8000000000002
-657.0
-741.3000000000002
-655.5999999999995
-739.0
-742.3000000000002
-655.5999999999995
-737.8999999999996
-652.0
-734.1999999999998
-649.1999999999998
-729.3999999999996
-647.1999999999998
-725.5
-729.1999999999998
-648.0
-727.3999999999996
-647.3000000000002
-725.8999999999996
-726.8999999999996
-729.6999999999998
-645.5
-726.5999999999995
-730.3999999999996
-733.3000000000002
-646.1999999999998
-731.0999999999995
-734.0999999999995
-651.0999999999995
-732.5
-737.5999999999995
-652.8999999999996
-738.3999999999996
-741.0
-658.5
-737.3999999999996
-653.6999999999998
-733.3000000000002
-736.3999999999996
-652.5
-731.8999999999996
-647.8000000000002
-729.0
-646.8999999999996
-725.3000000000002
-645.0999999999995
-723.5999999999995
-726.5
-729.3999999999996
-732.3000000000002
-736.1999999999998
-647.1999999999998
-732.0
-734.8999999999996
-737.8000000000002
-652.6999999999998
-736.8000000000002
-738.8999999999996
-654.8999999999996
-740.1999999999998
-744.5999999999995
-659.0999999999995
-741.6999999999998
-657.0999999999995
-742.6999999999998
-743.3999999999996
-658.8000000000002
-741.3999999999996
-656.8000000000002
-735.3999999999996
-652.3999999999996
-732.8000000000002
-735.8000000000002
-651.8000000000002
-647.0999999999995
-727.5
-730.5
-733.5
-737.5
-740.5999999999995
-743.6999999999998
-657.8000000000002
-741.0
-746.0999999999995
-747.3999999999996
-660.5
-744.5999999999995
-748.6999999999998
-663.8999999999996
-746.3000000000002
-662.5
-746.0
-749.3999999999996
-666.8000000000002
-747.5999999999995
-751.0
-666.3999999999996
-746.0
-661.0999999999995
-742.3999999999996
-658.3999999999996
-737.6999999999998
-655.5
-735.8000000000002
-653.6999999999998
-735.0999999999995
-738.1999999999998
-658.3000000000002
-737.0999999999995
-738.3000000000002
-741.3000000000002
-654.3000000000002
-737.3000000000002
-740.1999999999998
-742.0999999999995
-658.8999999999996
-740.0999999999995
-746.0
-659.1999999999998
-744.3999999999996
-746.6999999999998
-662.8999999999996
-745.3999999999996
-659.6999999999998
-741.0999999999995
-745.1999999999998
-661.3999999999996
-739.8999999999996
-656.8000000000002
-737.0999999999995
-650.0
-732.8999999999996
-645.6999999999998
-727.5
-645.0999999999995
-725.1999999999998
-643.8999999999996
-724.1999999999998
-726.0999999999995
-728.8999999999996
-732.6999999999998
-644.5999999999995
-728.3999999999996
-731.1999999999998
-734.0
-647.8000000000002
-731.6999999999998
-734.5999999999995
-650.5
-735.6999999999998
-738.0
-654.1999999999998
-737.6999999999998
-652.0999999999995
-735.5999999999995
-649.0
-731.3999999999996
-646.5999999999995
-727.0
-729.0
-644.8999999999996
-639.0999999999995
-720.3000000000002
-722.1999999999998
-639.0
-721.1999999999998
-640.1999999999998
-718.8000000000002
-720.8000000000002
-725.6999999999998
-634.8000000000002
-719.5
-722.3000000000002
-725.0999999999995
-727.8999999999996
-640.6999999999998
-725.5
-729.3999999999996
-642.3999999999996
-726.3999999999996
-729.3999999999996
-644.3999999999996
-729.5999999999995
-642.8999999999996
-727.1999999999998
-640.5
-723.8000000000002
-725.0
-640.0
-720.1999999999998
-636.0
-716.0999999999995
-632.8000000000002
-713.8999999999996
-631.6999999999998
-710.0
-628.6999999999998
-709.0
-711.8999999999996
-713.8000000000002
-716.5999999999995
-631.3999999999996
-713.3999999999996
-716.1999999999998
-718.0
-632.6999999999998
-713.5999999999995
-716.1999999999998
-633.8000000000002
-716.8999999999996
-719.8999999999996
-636.8999999999996
-717.3000000000002
-638.3000000000002
-718.0999999999995
-636.3999999999996
-714.1999999999998
-716.3000000000002
-719.3000000000002
-636.3000000000002
-714.6999999999998
-718.5
-635.3999999999996
-715.6999999999998
-635.5999999999995
-714.1999999999998
-717.1999999999998
-640.1999999999998
-716.1999999999998
-719.3000000000002
-722.3999999999996
-636.5
-720.6999999999998
-721.8999999999996
-723.8999999999996
-639.8000000000002
-724.0
-729.1999999999998
-643.5999999999995
-728.0999999999995
-730.5999999999995
-645.0
-728.5
-732.8999999999996
-650.3999999999996
-731.3000000000002
-646.8000000000002
-728.5
-641.8999999999996
-723.3000000000002
-639.3999999999996
-717.8000000000002
-634.5999999999995
-717.8000000000002
-718.8999999999996
-640.8000000000002
-719.5999999999995
-639.8000000000002
-717.6999999999998
-721.8999999999996
-724.1999999999998
-636.3999999999996
-719.5
-721.5
-724.3999999999996
-638.3000000000002
-720.3000000000002
-724.0999999999995
-642.0
-724.3999999999996
-728.5999999999995
-643.8999999999996
-726.3999999999996
-731.6999999999998
-646.1999999999998
-726.8000000000002
-643.0
-725.5
-641.8000000000002
-721.3999999999996
-637.5
-715.8999999999996
-631.6999999999998
-712.8000000000002
-630.5999999999995
-709.8999999999996
-631.6999999999998
-710.3999999999996
-714.5
-717.6999999999998
-718.8999999999996
-631.8999999999996
-715.8999999999996
-717.8999999999996
-720.8000000000002
-635.6999999999998
-718.8000000000002
-722.8000000000002
-636.8999999999996
-721.0999999999995
-725.3000000000002
-644.5999999999995
-724.5
-641.8999999999996
-723.6999999999998
-726.1999999999998
-642.5999999999995
-722.3000000000002
-725.5
-641.6999999999998
-721.1999999999998
-724.1999999999998
-643.1999999999998
-721.8000000000002
-640.8000000000002
-717.3999999999996
-639.1999999999998
-716.8999999999996
-719.8999999999996
-724.8999999999996
-729.0999999999995
-638.3999999999996
-722.3000000000002
-726.1999999999998
-730.1999999999998
-644.3000000000002
-727.5
-731.5999999999995
-646.8000000000002
-730.1999999999998
-734.5
-649.8999999999996
-732.5
-649.8999999999996
-733.6999999999998
-734.3999999999996
-651.8000000000002
-729.5999999999995
-646.6999999999998
-727.1999999999998
-643.3000000000002
-723.6999999999998
-725.6999999999998
-643.5999999999995
-722.0
-640.8000000000002
-719.1999999999998
-722.0
-725.8000000000002
-727.6999999999998
-732.5
-646.5
-729.5999999999995
-730.5999999999995
-734.3999999999996
-650.3000000000002
-731.5
-735.3999999999996
-654.3999999999996
-735.0
-738.1999999999998
-656.3999999999996
-737.0999999999995
-655.3999999999996
-737.1999999999998
-654.6999999999998
-733.5999999999995
-735.8999999999996
-653.0999999999995
-732.6999999999998
-648.8000000000002
-728.1999999999998
-645.0999999999995
-726.3999999999996
-644.3999999999996
-724.8999999999996
-644.0
-722.6999999999998
-726.8000000000002
-730.0
-734.1999999999998
-649.5
-733.0
-735.3999999999996
-736.6999999999998
-652.8000000000002
-735.1999999999998
