67.12351851851852
65.99703703703703
67.38407407407408
66.28074074074074
65.24314814814815
67.13944444444445
67.00759259259259
65.26148148148148
63.70796296296297
64.56574074074074
64.27981481481481
64.07851851851852
62.29388888888889
65.48685185185185
64.01240740740741
60.223333333333336
61.71907407407407
62.76925925925926
62.974074074074075
64.21333333333334
59.46666666666667
60.1587037037037
62.043703703703706
60.900925925925925
55.92407407407408
56.165
57.50314814814815
54.1637037037037
57.97351851851852
54.233518518518515
55.2987037037037
51.111666666666665
51.38740740740741
54.51037037037037
52.04462962962963
57.13537037037037
54.01351851851852
49.31962962962963
53.29833333333333
54.07555555555555
47.830740740740744
49.105
48.65962962962963
44.24092592592593
44.474444444444444
48.40481481481481
47.306296296296296
48.897962962962964
46.66407407407407
46.848333333333336
46.77462962962963
44.24666666666667
45.818888888888885
44.24166666666667
44.647962962962964
44.79796296296296
44.00425925925926
44.330555555555556
39.980555555555554
41.11851851851852
43.42907407407407
39.25055555555556
36.87851851851852
43.191296296296294
39.57703703703704
35.17925925925926
38.38777777777778
37.42333333333333
38.01314814814815
34.715
29.087962962962962
38.46648148148148
35.44148148148148
35.35962962962963
33.21037037037037
33.504814814814814
35.995
36.89296296296296
33.712037037037035
31.897777777777776
35.007777777777775
31.854074074074074
30.921296296296298
33.79759259259259
35.31666666666667
28.94074074074074
34.71222222222222
27.769074074074073
28.296296296296298
32.193703703703704
30.76037037037037
30.13074074074074
30.29611111111111
30.686296296296295
28.10703703703704
28.06037037037037
24.295555555555556
27.063333333333333
27.74648148148148
28.503888888888888
