362467
356384
363874
357916
352313
362553
361841
352412
344023
348655
347111
346024
336387
353629
345667
325206
333283
338954
340060
346752
321120
324857
335036
328865
301990
303291
310517
292484
313057
292861
298613
276003
277492
294356
281041
308531
291673
266326
287811
292008
258286
265167
262762
238901
240162
261386
255454
264049
251986
252981
252583
238932
247422
238905
241099
241909
237623
239385
215895
222040
234517
211953
199144
233233
213716
189968
207294
202086
205271
187461
157075
207719
191384
190942
179336
180926
194373
199222
182045
172248
189042
172012
166975
182507
190710
156280
187446
149953
152800
173846
166106
162706
163599
165706
151778
151526
131196
146142
149831
153921
