0.0
0.0
0.0
0.0
0.0
0.0
0.0
0.0
0.0
0.0
0.0
0.0
0.0
0.0
0.0
0.0
0.0
0.0
0.0
0.0
0.0
0.0
0.0
0.0
0.0
0.0
0.0
0.0
0.0
0.0
0.0
0.0
0.0
0.0
0.0
0.0
0.0
0.0
0.0
0.0
0.0
0.0
0.0
0.0
0.0
0.0
0.0
0.0
0.0
0.0
0.0
0.0
0.0
0.0
0.0
0.0
0.0
0.0
0.0
0.0
0.0
0.0
0.0
0.0
0.0
-1.0
-1.1
-1.2
-1.2999999999999998
-1.4
-1.5
-1.5999999999999996
-1.7000000000000002
-1.7999999999999998
-1.9000000000000004
-2.0
-2.0999999999999996
-2.1999999999999993
-2.299999999999999
-2.4000000000000004
-2.5
-2.5999999999999996
-2.6999999999999993
-2.8000000000000007
-2.8999999999999986
-3.0
-3.099999999999998
-3.1999999999999993
-3.3000000000000007
-3.3999999999999986
-3.5
-3.599999999999998
-3.6999999999999993
-3.8000000000000007
-3.8999999999999986
-4.0
-4.099999999999998
-4.199999999999999
-4.300000000000001
-4.399999999999999
-4.5
-4.600000000000001
-4.699999999999996
-4.799999999999997
-4.899999999999999
-5.0
-5.100000000000001
-5.199999999999996
-5.299999999999997
-5.399999999999999
-5.5
-5.600000000000001
-5.699999999999996
-5.799999999999997
-6.899999999999999
-7.100000000000001
-7.299999999999997
-7.5
-7.699999999999996
-7.899999999999999
-8.100000000000001
-8.299999999999997
-8.5
-8.699999999999996
-8.899999999999999
-9.100000000000001
-9.299999999999997
-9.5
-9.700000000000003
-9.899999999999991
-10.099999999999994
-10.299999999999997
-10.5
-9.700000000000003
58.2
-3.099999999999998
-3.1999999999999993
-3.3000000000000007
-3.3999999999999986
-4.5
-5.699999999999999
-6.0
-6.300000000000001
-6.600000000000001
-6.899999999999999
-7.199999999999996
-7.5
-7.799999999999997
-8.100000000000001
-8.399999999999999
-8.699999999999996
-9.0
-9.299999999999997
-9.600000000000001
-9.899999999999999
-10.200000000000003
-10.5
-10.799999999999997
-11.099999999999994
-11.399999999999991
-11.700000000000003
-12.0
-12.299999999999997
-12.599999999999994
-12.899999999999991
-13.200000000000003
-13.5
-13.799999999999997
-15.099999999999994
-15.5
-15.899999999999991
-16.299999999999997
-16.700000000000003
-17.099999999999994
-17.5
-17.89999999999999
-18.299999999999983
-18.69999999999999
-20.099999999999994
-20.599999999999994
-22.099999999999994
-22.69999999999999
-24.299999999999983
-25.0
-25.69999999999999
-26.400000000000006
-27.099999999999994
-27.799999999999983
-28.5
-29.19999999999999
-29.900000000000006
-30.599999999999994
-31.299999999999983
-32.0
-32.69999999999999
-33.400000000000006
-34.099999999999994
-34.79999999999998
-35.5
-35.19999999999999
50.19999999999999
-25.799999999999983
-26.19999999999999
-26.599999999999994
34.0
-21.299999999999983
-21.69999999999999
38.900000000000006
-16.39999999999999
-16.799999999999997
16.799999999999997
-15.200000000000003
-14.700000000000003
-16.099999999999994
-16.599999999999994
-17.099999999999994
-17.599999999999994
-18.099999999999994
-18.599999999999994
-19.099999999999994
-19.599999999999994
-20.099999999999994
-20.599999999999994
-21.099999999999994
-21.599999999999994
-22.099999999999994
-22.599999999999994
-23.099999999999994
-23.599999999999994
-25.099999999999994
-25.69999999999999
-26.299999999999983
-26.900000000000006
27.5
-21.599999999999994
-22.099999999999994
-22.599999999999994
-1.0999999999999943
-21.400000000000006
-21.900000000000006
-22.400000000000006
-22.900000000000006
-23.400000000000006
-24.900000000000006
-26.5
-27.19999999999999
-27.900000000000006
-28.599999999999994
-29.299999999999983
-30.0
-30.69999999999999
-31.400000000000006
-32.099999999999994
-32.79999999999998
-33.5
-34.19999999999999
-34.900000000000006
-35.599999999999966
-36.30000000000001
-37.0
-37.69999999999999
-38.39999999999998
-39.099999999999966
-39.80000000000001
-40.5
-40.19999999999999
45.19999999999999
-31.799999999999983
-32.29999999999998
-32.79999999999998
50.70000000000002
-25.400000000000006
-26.900000000000006
36.5
-21.69999999999999
-22.299999999999983
-22.900000000000006
-23.5
-24.099999999999994
-24.69999999999999
-25.299999999999983
-25.900000000000006
-26.5
-27.099999999999994
-27.69999999999999
-28.299999999999983
-28.900000000000006
-29.5
-30.099999999999994
-30.69999999999999
-31.299999999999983
-31.900000000000006
-32.5
-33.099999999999994
-33.69999999999999
-34.29999999999998
-34.89999999999998
-35.5
-35.099999999999966
34.400000000000034
-27.099999999999994
-27.400000000000006
-27.69999999999999
39.0
-21.599999999999994
-21.900000000000006
33.80000000000001
-16.89999999999999
10.799999999999997
-15.700000000000003
-17.099999999999994
-17.599999999999994
-18.099999999999994
-18.599999999999994
-20.099999999999994
-20.69999999999999
-22.299999999999983
-24.0
-24.799999999999983
-25.599999999999994
-26.400000000000006
-27.19999999999999
-28.0
-28.799999999999983
-29.599999999999994
-30.400000000000006
-31.19999999999999
-33.0
-33.900000000000006
-34.79999999999998
-36.69999999999999
-36.69999999999999
51.400000000000034
-27.599999999999994
-28.299999999999983
-30.0
33.20000000000002
-26.19999999999999
-27.099999999999994
-12.0
-27.299999999999983
-29.19999999999999
-30.19999999999999
-32.19999999999999
-33.29999999999998
-35.400000000000006
-36.599999999999994
-37.79999999999998
-40.0
-41.29999999999998
-42.599999999999966
-43.89999999999998
-45.19999999999999
-46.5
-47.80000000000001
-49.099999999999966
-50.39999999999998
-51.69999999999999
-54.0
-55.39999999999998
-56.80000000000001
-58.19999999999999
-59.599999999999966
-61.0
-61.39999999999998
-40.69999999999999
-62.80000000000001
-64.19999999999999
-65.59999999999997
-67.0
-69.39999999999998
-70.89999999999998
-72.39999999999998
-73.89999999999998
-75.39999999999998
-76.89999999999998
-79.39999999999998
-81.0
-82.60000000000002
-84.19999999999993
-86.79999999999995
-88.5
-90.19999999999993
-91.89999999999998
-93.60000000000002
-95.29999999999995
-97.0
-98.69999999999993
-100.39999999999998
-102.10000000000002
-103.79999999999995
-106.5
-108.29999999999995
-110.10000000000002
-112.89999999999998
-114.79999999999995
-117.69999999999993
-118.69999999999993
-23.600000000000023
-110.79999999999995
-112.5
-113.19999999999993
-25.799999999999955
-107.5
-108.10000000000002
-109.60000000000002
-22.100000000000023
-102.69999999999993
-17.100000000000023
-95.79999999999995
-96.10000000000002
-12.299999999999955
-90.0
-15.199999999999932
-83.79999999999995
-10.899999999999977
-76.60000000000002
-7.5
-70.39999999999998
-2.199999999999932
-65.10000000000002
-1.8999999999999773
-60.30000000000001
0.9000000000000341
-58.69999999999999
-59.80000000000001
-9.899999999999977
-57.89999999999998
-59.099999999999966
-61.30000000000001
-61.599999999999966
19.19999999999999
-55.80000000000001
-57.0
-58.19999999999999
-0.39999999999997726
-55.69999999999999
-56.0
-6.199999999999989
-54.30000000000001
-56.599999999999966
-60.0
-29.599999999999966
-61.0
-33.69999999999999
-61.5
-40.19999999999999
-64.59999999999997
-66.5
-55.39999999999998
-69.0
-70.89999999999998
-61.80000000000001
-73.59999999999997
-68.5
-76.69999999999993
-78.60000000000002
-80.5
-83.39999999999998
-85.39999999999998
-87.39999999999998
-90.39999999999998
-92.5
-93.60000000000002
-34.60000000000002
-90.5
-91.39999999999998
-93.19999999999993
-55.0
-92.79999999999995
-76.60000000000002
-94.60000000000002
-96.39999999999998
-98.19999999999993
-101.0
-103.89999999999998
-104.89999999999998
-106.79999999999995
-109.69999999999993
-111.69999999999993
-113.69999999999993
-116.69999999999993
-118.79999999999995
-120.89999999999998
-123.0
-125.10000000000002
-128.19999999999993
-130.39999999999998
-133.60000000000002
-135.89999999999998
-139.20000000000005
-140.5999999999999
-142.89999999999986
-145.20000000000005
-147.5
-149.79999999999995
-150.0999999999999
-64.20000000000005
-143.5
-144.39999999999986
-145.20000000000005
-72.89999999999986
-139.20000000000005
-139.70000000000005
-76.09999999999991
-134.0
-74.20000000000005
-130.29999999999995
-131.5
-72.70000000000005
-128.89999999999986
-71.20000000000005
-126.60000000000002
-85.0
-126.10000000000002
-128.60000000000002
-89.20000000000005
-129.69999999999993
-91.5
-129.29999999999995
-112.10000000000002
-132.0
-133.89999999999986
-136.79999999999995
-138.79999999999995
-140.79999999999995
-142.79999999999995
-144.79999999999995
-146.79999999999995
-146.79999999999995
-49.59999999999991
-138.5
-139.0999999999999
-138.5999999999999
-43.899999999999864
-129.5999999999999
-129.70000000000005
-36.700000000000045
-120.29999999999995
-119.10000000000002
-27.699999999999932
-108.10000000000002
-108.39999999999998
-19.699999999999932
-100.10000000000002
-12.399999999999977
-91.89999999999998
-4.199999999999932
-84.69999999999993
-86.10000000000002
-0.6000000000000227
-80.5
2.800000000000068
-75.5
7.600000000000023
-69.89999999999998
-5.899999999999977
-66.39999999999998
-4.5
-62.30000000000001
-63.39999999999998
-64.5
-64.59999999999997
23.400000000000034
-58.69999999999999
-58.80000000000001
-59.80000000000001
-61.80000000000001
6.100000000000023
-57.099999999999966
-58.19999999999999
2.6999999999999886
-55.19999999999999
-43.39999999999998
-56.30000000000001
-58.5
-59.80000000000001
-62.099999999999966
-63.5
-64.89999999999998
-67.30000000000001
-67.80000000000001
-69.19999999999999
-70.59999999999997
-72.0
-73.39999999999998
-74.79999999999995
-77.19999999999993
-77.69999999999993
-79.10000000000002
-79.5
-80.79999999999995
-82.10000000000002
-83.39999999999998
-84.69999999999993
-86.0
-12.299999999999955
-79.10000000000002
-79.19999999999993
-79.19999999999993
-8.100000000000023
-74.79999999999995
-75.79999999999995
-44.799999999999955
-75.60000000000002
-76.69999999999993
-66.79999999999995
-77.79999999999995
-79.89999999999998
-77.10000000000002
-81.89999999999998
-83.10000000000002
-85.29999999999995
-86.60000000000002
-88.89999999999998
-90.29999999999995
-92.69999999999993
-94.19999999999993
-95.69999999999993
-97.19999999999993
-98.69999999999993
-101.19999999999993
-102.79999999999995
-104.39999999999998
-106.0
-107.60000000000002
-109.19999999999993
-110.79999999999995
-112.39999999999998
-27.0
-104.89999999999998
-106.29999999999995
-106.69999999999993
-23.0
-99.79999999999995
-100.0
-22.100000000000023
-95.29999999999995
-15.5
-87.60000000000002
-88.60000000000002
-13.600000000000023
-82.0
-81.89999999999998
-21.699999999999932
-79.39999999999998
-21.399999999999977
-75.5
-18.5
-71.69999999999993
-15.699999999999932
-68.0
-70.0
-41.10000000000002
-69.19999999999993
-43.299999999999955
-69.69999999999993
-59.89999999999998
-72.0
-73.29999999999995
-74.60000000000002
-74.89999999999998
21.899999999999977
-66.5
-66.59999999999997
-68.60000000000002
-70.69999999999993
23.100000000000023
-63.599999999999966
-63.80000000000001
27.100000000000023
-56.80000000000001
6.100000000000023
-53.599999999999966
-55.80000000000001
-5.099999999999966
-53.19999999999999
-8.5
-51.19999999999999
-36.5
-52.19999999999999
-53.5
-41.80000000000001
-55.80000000000001
-54.19999999999999
-58.30000000000001
-59.69999999999999
-62.099999999999966
-64.59999999999997
-66.19999999999999
-67.80000000000001
-69.39999999999998
-72.0
-73.69999999999999
-74.39999999999998
14.0
-69.59999999999997
-70.30000000000001
-70.89999999999998
7.600000000000023
-64.89999999999998
-66.30000000000001
-28.69999999999999
-65.19999999999999
-66.59999999999997
-37.0
-67.30000000000001
-68.80000000000001
-40.30000000000001
-68.80000000000001
-54.30000000000001
-70.19999999999999
-71.69999999999999
-69.19999999999993
-75.29999999999995
-76.89999999999998
-78.5
-80.10000000000002
-81.69999999999993
-84.29999999999995
-86.0
-87.69999999999993
-89.39999999999998
-91.10000000000002
-92.79999999999995
-95.5
-97.29999999999995
-99.10000000000002
-9.899999999999977
-92.60000000000002
-93.29999999999995
-92.89999999999998
-5.2999999999999545
-85.79999999999995
-86.10000000000002
-44.299999999999955
-84.19999999999993
-86.39999999999998
-70.69999999999993
-87.29999999999995
-88.60000000000002
-84.89999999999998
-92.69999999999993
-90.19999999999993
-97.29999999999995
-99.0
-100.69999999999993
-103.39999999999998
-106.19999999999993
-108.10000000000002
-110.0
-112.89999999999998
-114.89999999999998
-117.89999999999998
-122.0
-124.29999999999995
-126.60000000000002
-130.89999999999998
-133.39999999999998
-135.89999999999998
-137.39999999999998
-42.799999999999955
-132.5
-134.89999999999998
-136.29999999999995
-42.59999999999991
-131.29999999999995
-133.60000000000002
-41.89999999999998
-127.79999999999995
-130.0
-40.19999999999993
-125.19999999999993
-126.39999999999998
-37.5
-120.5
-122.5
-36.5
-116.69999999999993
-38.60000000000002
-111.5
-37.299999999999955
-107.5
-37.299999999999955
-105.89999999999998
-38.89999999999998
-104.0
-41.10000000000002
-102.69999999999993
-79.89999999999998
-105.60000000000002
-107.89999999999998
-110.19999999999993
-113.5
-17.899999999999977
-107.5
-110.79999999999995
-112.19999999999993
-39.5
-109.29999999999995
-110.60000000000002
-46.799999999999955
-108.39999999999998
-109.60000000000002
-50.69999999999993
-105.69999999999993
-46.60000000000002
-101.39999999999998
-104.10000000000002
-50.89999999999998
-101.19999999999993
-58.89999999999998
-101.19999999999993
-66.0
-101.10000000000002
-102.89999999999998
-67.69999999999993
-102.79999999999995
-68.60000000000002
-102.79999999999995
-84.60000000000002
-104.39999999999998
-89.19999999999993
-108.29999999999995
-110.29999999999995
-113.29999999999995
-115.39999999999998
-42.5
-112.10000000000002
-114.19999999999993
-116.29999999999995
-45.39999999999998
-115.19999999999993
-116.5
-47.69999999999993
-112.79999999999995
-113.89999999999998
-46.89999999999998
-110.0
-112.89999999999998
-56.89999999999998
-111.10000000000002
-57.10000000000002
-109.5
-64.5
-109.79999999999995
-111.89999999999998
-104.0
-115.10000000000002
-108.19999999999993
-119.39999999999998
-115.60000000000002
-123.19999999999993
-122.39999999999998
-127.29999999999995
-130.5
-134.79999999999995
-136.29999999999995
-138.70000000000005
-141.0999999999999
-49.5
-134.5
-135.70000000000005
-136.79999999999995
-46.799999999999955
-128.60000000000002
-129.29999999999995
-131.89999999999986
-54.59999999999991
-126.39999999999998
-90.0
-127.79999999999995
-129.60000000000002
-96.39999999999998
-130.69999999999993
-133.60000000000002
-103.59999999999991
-136.39999999999986
-114.59999999999991
-144.39999999999986
-130.20000000000005
-148.29999999999995
-139.0999999999999
-154.70000000000005
-157.70000000000005
-160.70000000000005
-163.70000000000005
-166.70000000000005
-169.70000000000005
-173.70000000000005
-177.79999999999995
-181.0
-184.20000000000005
-87.39999999999986
-177.5999999999999
-179.5
-179.29999999999995
-86.79999999999995
-174.79999999999995
-177.29999999999995
-85.79999999999995
-170.89999999999986
-172.20000000000005
-82.39999999999986
-168.39999999999986
-170.70000000000005
-87.0
-170.70000000000005
-84.39999999999986
-167.20000000000005
-82.89999999999986
-163.89999999999986
-80.59999999999991
-162.70000000000005
-109.59999999999991
-164.89999999999986
-113.0
-166.5999999999999
-169.79999999999995
-123.0
-171.20000000000005
-132.39999999999986
-175.39999999999986
-178.79999999999995
-182.20000000000005
-185.5999999999999
-91.0
-181.5999999999999
-185.89999999999986
-188.29999999999995
-95.59999999999991
-183.29999999999995
-185.39999999999986
-96.39999999999986
-183.20000000000005
-186.29999999999995
-97.39999999999986
-182.29999999999995
-94.29999999999995
-178.20000000000005
-181.0999999999999
-109.0
-178.39999999999986
-121.20000000000005
-178.0
-127.79999999999995
-178.29999999999995
-128.0999999999999
-179.5999999999999
-182.5
-133.39999999999986
-183.0999999999999
-141.0
-184.39999999999986
-155.29999999999995
-188.0
-190.0
-193.89999999999986
-97.89999999999986
-189.0
-191.89999999999986
-195.79999999999995
-102.79999999999995
-194.20000000000005
-199.39999999999986
-201.79999999999995
-116.09999999999991
-199.5
-201.79999999999995
-120.0
-197.70000000000005
-116.70000000000005
-195.29999999999995
-117.29999999999995
-193.20000000000005
-195.20000000000005
-123.09999999999991
-192.5
-122.29999999999995
-190.79999999999995
-125.59999999999991
-191.5999999999999
-194.5999999999999
-134.5999999999999
-195.29999999999995
-135.39999999999986
-196.20000000000005
-151.39999999999986
-199.79999999999995
-202.20000000000005
-206.5
-208.89999999999986
-113.20000000000005
-205.5999999999999
-209.89999999999986
-213.29999999999995
-120.70000000000005
-209.5
-212.79999999999995
-126.09999999999991
-209.39999999999986
-211.5999999999999
-126.70000000000005
-209.0
-213.0999999999999
-130.29999999999995
-211.89999999999986
-134.20000000000005
-212.39999999999986
-134.89999999999986
-213.29999999999995
-218.0
-139.79999999999995
-217.39999999999986
-161.20000000000005
-220.0
-176.89999999999986
-223.0999999999999
-187.0
-227.89999999999986
-231.89999999999986
-198.89999999999986
-235.20000000000005
-240.0999999999999
-245.0999999999999
-149.20000000000005
-240.29999999999995
-244.0999999999999
-245.89999999999986
-153.5
-243.5
-247.0999999999999
-157.70000000000005
-243.0
-245.39999999999986
-156.70000000000005
-241.79999999999995
-245.0
-160.20000000000005
-243.5999999999999
-160.89999999999986
-243.5999999999999
-179.0999999999999
-244.79999999999995
-180.39999999999986
-245.20000000000005
-248.79999999999995
-182.39999999999986
-248.0
-191.5
-249.0
-197.5
-250.5
-254.0
-205.5
-255.79999999999995
-260.29999999999995
-261.9000000000001
-166.29999999999973
-259.79999999999995
-261.2999999999997
-263.5999999999999
-170.79999999999973
-260.4000000000001
-261.5999999999999
-171.5999999999999
-260.2999999999997
-263.5
-176.69999999999982
-261.9000000000001
-176.19999999999982
-263.5999999999999
-266.2999999999997
-181.9000000000001
-265.6999999999998
-183.4000000000001
-266.5
-186.4000000000001
-265.89999999999986
-268.7999999999997
-187.5999999999999
-267.9000000000001
-194.69999999999982
-267.7999999999997
-210.5999999999999
-269.2999999999997
-213.0999999999999
-268.9000000000001
-271.5
-276.0
-279.5999999999999
-184.19999999999982
-276.9000000000001
-279.5
-282.0
-189.4000000000001
-281.1999999999998
-283.7999999999997
-195.29999999999973
-282.5999999999999
-285.1999999999998
-196.69999999999982
-282.0
-194.4000000000001
-279.6999999999998
-194.0999999999999
-277.5999999999999
-281.0
-195.4000000000001
-278.9000000000001
-195.29999999999973
-277.0
-193.4000000000001
-276.0999999999999
-194.5999999999999
-275.5999999999999
-196.19999999999982
-276.5
-197.29999999999973
-276.7999999999997
-280.6999999999998
-285.5999999999999
-291.5999999999999
-294.7999999999997
-198.9000000000001
-291.0
-294.9000000000001
-297.7999999999997
-205.5999999999999
-296.7999999999997
-299.6999999999998
-208.5
-296.7999999999997
-301.5
-213.29999999999973
-299.9000000000001
-213.69999999999982
-299.5
-214.4000000000001
-301.4000000000001
-303.5999999999999
-220.5999999999999
-302.9000000000001
-219.9000000000001
-301.1999999999998
-220.0999999999999
-302.5
-229.5999999999999
-303.0
-307.0999999999999
-236.19999999999982
-307.7999999999997
-247.9000000000001
-309.5999999999999
-313.6999999999998
-319.7999999999997
-324.0999999999999
-229.4000000000001
-321.7999999999997
-324.0
-329.0
-238.0999999999999
-329.6999999999998
-332.0
-243.0999999999999
-331.9000000000001
-334.0999999999999
-245.0999999999999
-329.7999999999997
-244.5
-328.2999999999997
-332.0
-246.69999999999982
-332.5
-247.4000000000001
-331.4000000000001
-249.29999999999973
-332.5999999999999
-250.69999999999982
-334.1999999999998
-339.5
-258.9000000000001
-340.7999999999997
-262.2999999999997
-266.5
-339.5
-344.0999999999999
-350.6999999999998
-356.5
-359.4000000000001
-265.0999999999999
-358.9000000000001
-362.5999999999999
-367.1999999999998
-274.7999999999997
-365.6999999999998
-369.1999999999998
-373.5999999999999
-286.0
-373.1999999999998
-286.5999999999999
-372.9000000000001
-377.2999999999997
-291.6999999999998
-374.0999999999999
-289.1999999999998
-374.4000000000001
-291.5999999999999
-376.0999999999999
-293.5
-376.1999999999998
-379.5999999999999
-297.9000000000001
-378.5999999999999
-297.7999999999997
-377.5
-295.5999999999999
-375.0999999999999
-304.0
-374.4000000000001
-378.1999999999998
-382.0
-383.7999999999997
-290.4000000000001
-382.2999999999997
-386.0
-387.6999999999998
-295.1999999999998
-385.0999999999999
-387.5999999999999
-297.0
-388.0
-391.6999999999998
-301.4000000000001
-389.6999999999998
-302.4000000000001
-388.0
-300.6999999999998
-388.2999999999997
-392.1999999999998
-308.0999999999999
-393.1999999999998
-310.2999999999997
-395.6999999999998
-315.0999999999999
-397.0
-400.5
-319.9000000000001
-399.7999999999997
-320.0999999999999
-399.0
-324.1999999999998
-399.5
-403.6999999999998
-407.9000000000001
-412.0999999999999
-316.2999999999997
-409.5
-411.5999999999999
-416.5
-323.5
-412.7999999999997
-414.5999999999999
-324.1999999999998
-412.4000000000001
-415.0
-328.5
-415.0
-416.6999999999998
-331.1999999999998
-417.7999999999997
-333.5999999999999
-418.5999999999999
-336.5999999999999
-420.0
-424.1999999999998
-341.4000000000001
-422.9000000000001
-346.0
-428.0
-348.5999999999999
-429.7999999999997
-350.5
-431.7999999999997
-353.5999999999999
-434.0999999999999
-439.0
-441.9000000000001
-444.5999999999999
-351.0999999999999
-443.7999999999997
-446.2999999999997
-450.5999999999999
-356.9000000000001
-447.4000000000001
-449.5
-360.4000000000001
-447.0
-448.7999999999997
-362.4000000000001
-447.0
-360.5999999999999
-445.1999999999998
-450.7999999999997
-367.5999999999999
-452.6999999999998
-368.7999999999997
-453.0999999999999
-370.2999999999997
-451.7999999999997
-370.9000000000001
-452.5
-373.6999999999998
-453.5999999999999
-458.9000000000001
-385.2999999999997
-462.9000000000001
-391.5999999999999
-467.6999999999998
-472.6999999999998
-478.6999999999998
-483.7999999999997
-389.9000000000001
-481.0999999999999
-484.9000000000001
-487.5999999999999
-397.0999999999999
-488.0999999999999
-491.6999999999998
-400.1999999999998
-488.0999999999999
-396.2999999999997
-481.9000000000001
-485.5999999999999
-486.2999999999997
-400.6999999999998
-485.1999999999998
-402.6999999999998
-483.5999999999999
-488.0999999999999
-407.6999999999998
-488.9000000000001
-407.6999999999998
-488.0
-407.7999999999997
-489.1999999999998
-410.1999999999998
-490.9000000000001
-414.0999999999999
-495.1999999999998
-499.7999999999997
-425.39999999999964
-503.0999999999999
-506.89999999999964
-511.59999999999945
-415.3000000000002
-507.89999999999964
-512.3000000000002
-516.6999999999998
-424.09999999999945
-512.8000000000002
-515.8999999999996
-427.89999999999964
-516.6999999999998
-424.89999999999964
-511.5
-513.3000000000002
-425.89999999999964
-513.3999999999996
-517.1999999999998
-431.0
-514.8000000000002
-430.5
-513.3999999999996
-518.0999999999995
-438.89999999999964
-522.3999999999996
-441.6999999999998
-520.5
-440.59999999999945
-521.3000000000002
-442.5
-522.3999999999996
-442.6999999999998
-522.5999999999995
-526.8999999999996
-532.1999999999998
-535.5999999999995
-441.89999999999964
-534.3999999999996
-539.6999999999998
-545.0999999999995
-451.59999999999945
-543.3000000000002
-544.6999999999998
-456.8000000000002
-544.6999999999998
-455.89999999999964
-540.8000000000002
-543.6999999999998
-457.5
-542.3000000000002
-457.09999999999945
-543.0
-546.0
-462.89999999999964
-547.0999999999995
-466.1999999999998
-549.8000000000002
-470.1999999999998
-553.1999999999998
-473.89999999999964
-556.1999999999998
-562.0999999999995
-484.09999999999945
-564.8000000000002
-486.89999999999964
-566.6999999999998
-570.8000000000002
-575.8000000000002
-579.8000000000002
-484.6999999999998
-578.5999999999995
-583.3999999999996
-490.1999999999998
-582.1999999999998
-584.8999999999996
-493.39999999999964
-583.3000000000002
-586.6999999999998
-498.0
-584.0
-497.09999999999945
-583.0999999999995
-588.1999999999998
-503.39999999999964
-587.6999999999998
-501.89999999999964
-586.0999999999995
-503.1999999999998
-585.5999999999995
-502.6999999999998
-587.0999999999995
-590.3999999999996
-509.59999999999945
-591.3000000000002
-510.59999999999945
-590.3999999999996
-510.59999999999945
-588.3999999999996
-510.39999999999964
-586.1999999999998
-591.0
-594.8999999999996
-499.8000000000002
-592.8000000000002
-597.6999999999998
-599.6999999999998
-507.5
-596.6999999999998
-599.3999999999996
-602.0
-512.5
-598.6999999999998
-510.09999999999945
-593.3000000000002
-505.39999999999964
-590.3999999999996
-591.5
-505.39999999999964
-590.3999999999996
-505.5
-589.8000000000002
-506.09999999999945
-587.6999999999998
-506.0
-584.8000000000002
-505.0
-583.8999999999996
-505.1999999999998
-584.3000000000002
-507.8000000000002
-584.3000000000002
-589.8999999999996
-593.6999999999998
-597.5
-599.3000000000002
-504.89999999999964
-597.6999999999998
-601.3999999999996
-602.0999999999995
-509.5
-601.3000000000002
-602.8999999999996
-513.3000000000002
-600.3999999999996
-600.8000000000002
-513.8999999999996
-599.0
-601.1999999999998
-514.3000000000002
-598.3999999999996
-512.5
-594.6999999999998
-509.6999999999998
-592.8999999999996
-510.0
-591.5
-594.6999999999998
-510.89999999999964
-593.3999999999996
-510.6999999999998
-592.3999999999996
-511.8000000000002
-590.8000000000002
-510.1999999999998
-590.1999999999998
-593.6999999999998
-599.1999999999998
-602.8999999999996
-507.59999999999945
-599.3999999999996
-603.0
-605.5999999999995
-611.0999999999995
-521.8000000000002
-611.1999999999998
-616.0999999999995
-525.0999999999995
-612.5999999999995
-523.3999999999996
-610.8999999999996
-612.6999999999998
-527.3000000000002
-610.0
-612.5
-529.8999999999996
-613.6999999999998
-531.3999999999996
-614.5
-531.3999999999996
-613.5999999999995
-532.5
-614.8999999999996
-535.0
-614.6999999999998
-536.8000000000002
-616.6999999999998
-539.0
-620.0999999999995
-625.6999999999998
-630.3999999999996
-634.0999999999995
-540.6999999999998
-631.5
-634.8999999999996
-637.1999999999998
-545.3000000000002
-633.8000000000002
-637.6999999999998
-548.5999999999995
-636.1999999999998
-639.0999999999995
-549.8999999999996
-636.3999999999996
-551.0999999999995
-637.8999999999996
-641.8999999999996
-556.8999999999996
-641.0
-557.0
-641.1999999999998
-557.3000000000002
-639.5999999999995
-642.5999999999995
-560.5
-642.8000000000002
-561.8000000000002
-641.3000000000002
-562.1999999999998
-640.8000000000002
-559.6999999999998
-638.0999999999995
-640.8000000000002
-643.3999999999996
-646.8999999999996
-551.3999999999996
-643.0
-645.3999999999996
-646.6999999999998
-553.8000000000002
-643.3000000000002
-642.3999999999996
-552.0999999999995
-637.5
-638.0999999999995
-549.5
-633.8000000000002
-637.1999999999998
-550.6999999999998
-633.3000000000002
-548.8000000000002
-631.5999999999995
-548.3000000000002
-631.3999999999996
-634.3999999999996
-549.3999999999996
-629.5999999999995
-549.3999999999996
-629.8999999999996
-548.0
-629.5999999999995
-546.8999999999996
-626.5999999999995
-545.8000000000002
-625.5999999999995
-628.8999999999996
-632.1999999999998
-634.5
-538.6999999999998
-629.0
-632.0
-633.0
-540.8000000000002
-629.0999999999995
-629.8999999999996
-630.5
-538.8999999999996
-625.8999999999996
-535.3000000000002
-620.3999999999996
-622.6999999999998
-535.0
-617.3000000000002
-532.5
-616.0
-529.5
-612.0999999999995
-527.5999999999995
-608.3999999999996
-610.8999999999996
-530.3999999999996
-611.5999999999995
-530.5
-609.0
-529.8999999999996
-608.5999999999995
-611.6999999999998
-614.8000000000002
-618.8999999999996
-623.0999999999995
-627.3999999999996
-532.8000000000002
-624.3999999999996
-626.8000000000002
-631.0999999999995
-538.5
-627.3000000000002
-631.5999999999995
-540.0
-627.8999999999996
-629.1999999999998
-543.3000000000002
-627.5
-540.6999999999998
-626.8999999999996
-628.3000000000002
-543.5
-628.8999999999996
-632.3999999999996
-549.8999999999996
-631.8000000000002
-549.3999999999996
-632.3999999999996
-552.1999999999998
-633.5999999999995
-551.5999999999995
-632.0
-556.8999999999996
-635.8999999999996
-642.1999999999998
-647.6999999999998
-654.3000000000002
-661.0999999999995
-665.0999999999995
-571.0
-666.0
-669.0
-671.8000000000002
-580.3999999999996
-673.3999999999996
-676.1999999999998
-587.8000000000002
-674.0999999999995
-678.5
-681.8999999999996
-597.1999999999998
-681.5999999999995
-593.8999999999996
-678.0
-596.0
-679.3999999999996
-683.5999999999995
-597.8000000000002
-681.0
-598.0
-680.3000000000002
-599.3000000000002
-677.8000000000002
-597.5999999999995
-678.0
-597.8999999999996
-676.3999999999996
-679.1999999999998
-682.8999999999996
-685.5999999999995
-689.1999999999998
-691.8000000000002
-596.3000000000002
-686.8999999999996
-690.1999999999998
-691.5
-596.5999999999995
-683.8999999999996
-683.5999999999995
-593.0
-679.0999999999995
-679.5
-588.6999999999998
-673.5999999999995
-586.6999999999998
-669.8999999999996
-673.0999999999995
-588.3999999999996
-670.0
-585.3999999999996
-668.0999999999995
-584.6999999999998
-665.6999999999998
-667.3999999999996
-587.0
-666.3000000000002
-584.0999999999995
-665.3999999999996
-585.3999999999996
-664.0999999999995
-586.1999999999998
-664.1999999999998
-668.5
-669.8999999999996
-573.0999999999995
-664.3000000000002
-667.3000000000002
-669.3000000000002
-672.1999999999998
-578.0999999999995
-668.3000000000002
-672.1999999999998
-581.1999999999998
-666.8000000000002
-667.5999999999995
-580.1999999999998
-662.8000000000002
-576.3000000000002
-659.8999999999996
-572.5
-656.0999999999995
-660.6999999999998
-575.5
-657.5
-573.3000000000002
-656.3999999999996
-573.3999999999996
-652.8000000000002
-657.6999999999998
-575.8000000000002
-656.3999999999996
-574.5999999999995
-653.3000000000002
-655.3999999999996
-576.3999999999996
-653.1999999999998
-656.1999999999998
-558.1999999999998
-650.0999999999995
-650.8999999999996
-653.5
-656.0999999999995
-564.6999999999998
-650.8999999999996
-653.3999999999996
-561.8999999999996
-649.0
-652.5
-562.0999999999995
-647.3999999999996
-558.8999999999996
-642.3000000000002
-645.6999999999998
-559.1999999999998
-640.8000000000002
-556.1999999999998
-639.8999999999996
-556.5999999999995
-639.6999999999998
-557.6999999999998
-640.1999999999998
-644.5
-564.8999999999996
-562.0
-642.3000000000002
-563.0999999999995
-644.5999999999995
-649.6999999999998
-654.8999999999996
-661.1999999999998
-665.6999999999998
-572.1999999999998
-664.8999999999996
-668.3999999999996
-672.8000000000002
-581.1999999999998
-673.0
-677.5
-588.0
-678.0999999999995
-682.6999999999998
-596.3000000000002
-681.8000000000002
-594.3000000000002
-679.5999999999995
-683.8999999999996
-601.1999999999998
-683.8000000000002
-602.0999999999995
-686.8000000000002
-692.3999999999996
-611.0999999999995
-693.1999999999998
-613.8999999999996
-693.1999999999998
-696.8000000000002
-618.3000000000002
-695.5
-618.8000000000002
-698.0
-700.5
-705.8000000000002
-708.1999999999998
-712.3999999999996
-616.5999999999995
-709.8000000000002
-711.8999999999996
-715.8000000000002
-621.6999999999998
-710.8000000000002
-712.3999999999996
-621.8000000000002
-706.8000000000002
-709.8999999999996
-620.0
-704.8000000000002
-616.6999999999998
-701.5
-703.3999999999996
-619.1999999999998
-703.3000000000002
-616.3999999999996
-697.5
-701.3000000000002
-619.1999999999998
-698.5999999999995
-617.5
-699.0
-616.1999999999998
-694.8000000000002
-616.8000000000002
-614.6999999999998
-690.8999999999996
-694.1999999999998
-698.5
-701.8999999999996
-704.3000000000002
-608.5999999999995
-703.0
-708.5
-709.1999999999998
-616.5999999999995
-704.3999999999996
-709.5999999999995
-618.0
-704.8999999999996
-705.0999999999995
-616.0
-702.6999999999998
-702.6999999999998
-616.3999999999996
-700.1999999999998
-702.0
-617.6999999999998
-700.6999999999998
-616.5999999999995
-697.8000000000002
-614.6999999999998
-695.0
-612.8999999999996
-693.3000000000002
-697.3000000000002
-616.3999999999996
-695.0999999999995
-616.1999999999998
-695.0999999999995
-698.3999999999996
-701.6999999999998
-704.0
-607.1999999999998
-699.3999999999996
-702.5
-703.5999999999995
-706.5
-613.3999999999996
-703.6999999999998
-705.6999999999998
-612.5999999999995
-698.8999999999996
-607.5
-691.6999999999998
-693.0
-606.1999999999998
-690.5
-692.8999999999996
-606.3000000000002
-688.8000000000002
-603.1999999999998
-685.8000000000002
-601.3000000000002
-682.0999999999995
-599.5999999999995
-679.5999999999995
-598.1999999999998
-679.3999999999996
-598.3000000000002
-678.8000000000002
-599.8999999999996
-677.8000000000002
-600.0
-680.0999999999995
-685.6999999999998
-689.5
-595.3000000000002
-689.3000000000002
-692.3000000000002
-695.1999999999998
-605.0
-694.3999999999996
-698.3000000000002
-608.1999999999998
-695.6999999999998
-699.5
-611.3000000000002
-696.8999999999996
-609.5999999999995
-695.1999999999998
-608.8999999999996
-695.5999999999995
-698.5
-613.3000000000002
-698.1999999999998
-616.0999999999995
-698.3999999999996
-616.3999999999996
-698.8000000000002
-616.8999999999996
-697.3999999999996
-618.3999999999996
-699.0999999999995
-702.3000000000002
-621.3999999999996
-702.0
-706.0999999999995
-709.1999999999998
-711.1999999999998
-615.0
-706.8000000000002
-707.3999999999996
-706.6999999999998
-613.5999999999995
-701.8999999999996
-703.6999999999998
-614.3999999999996
-698.8999999999996
-700.5
-610.0
-694.1999999999998
-695.5
-611.6999999999998
-693.3000000000002
-608.6999999999998
-692.3999999999996
-607.0999999999995
-689.0
-604.6999999999998
-687.6999999999998
-604.5999999999995
-685.8999999999996
-603.8999999999996
-685.3999999999996
-602.5999999999995
-683.1999999999998
-604.3999999999996
-682.3999999999996
-685.6999999999998
-687.0
-690.0999999999995
-694.1999999999998
-598.3999999999996
-688.6999999999998
-689.6999999999998
-692.5
-694.3000000000002
-604.0
-690.3999999999996
-690.0999999999995
-601.5
-687.8000000000002
-598.3999999999996
-682.8000000000002
-685.3000000000002
-596.8000000000002
-681.1999999999998
-594.6999999999998
-678.3000000000002
-679.8999999999996
-682.3999999999996
-599.8999999999996
-680.8999999999996
-598.5999999999995
-677.8000000000002
-681.5
-601.3000000000002
-678.8000000000002
-599.5999999999995
-676.1999999999998
-598.0
-675.6999999999998
-677.6999999999998
-680.5999999999995
-680.5
-587.0999999999995
-676.0999999999995
-677.6999999999998
-680.1999999999998
-587.6999999999998
-674.6999999999998
-676.0999999999995
-585.3999999999996
-670.3999999999996
-579.5999999999995
-664.5
-665.5999999999995
-576.5999999999995
-660.5
-664.5
-577.6999999999998
-662.0
-577.3999999999996
-661.0999999999995
-576.8000000000002
-657.8000000000002
-659.5
-578.0999999999995
-656.3000000000002
-577.8999999999996
-656.3999999999996
-577.3000000000002
-657.0
-579.1999999999998
-659.3000000000002
-663.8999999999996
-668.5999999999995
-673.3999999999996
-580.3000000000002
-674.5
-678.6999999999998
-682.8999999999996
-591.0999999999995
-681.6999999999998
-684.8999999999996
-595.0
-681.6999999999998
-686.5999999999995
-597.5999999999995
-685.3000000000002
-597.3000000000002
-682.0999999999995
-596.8999999999996
-681.8000000000002
-684.6999999999998
-600.5
-684.5
-601.3999999999996
-682.5999999999995
-599.3999999999996
-679.5
-598.0999999999995
-678.1999999999998
-597.8000000000002
-678.0
-597.6999999999998
-675.0
-677.5
-679.8999999999996
-685.1999999999998
-686.6999999999998
-590.0
-681.3000000000002
-683.3999999999996
-684.3999999999996
-590.1999999999998
-677.3000000000002
-677.8000000000002
-586.0999999999995
-672.0
-672.1999999999998
-581.1999999999998
-664.8999999999996
-667.6999999999998
-578.5999999999995
-662.3999999999996
-664.3000000000002
-580.1999999999998
-661.5
-575.5999999999995
-657.8999999999996
-573.0999999999995
-652.5999999999995
-570.6999999999998
-650.3999999999996
-652.6999999999998
-573.0
-651.0999999999995
-571.5999999999995
-647.8999999999996
-569.3999999999996
-646.8000000000002
-650.5
-652.3000000000002
-557.0
-647.8999999999996
-648.5999999999995
-650.0999999999995
-555.5
-643.1999999999998
-646.3999999999996
-555.6999999999998
-640.6999999999998
-642.8999999999996
-553.0999999999995
-637.0999999999995
-548.1999999999998
-635.1999999999998
-549.5999999999995
-630.1999999999998
-634.5
-546.0
-627.3999999999996
-542.5999999999995
-624.0999999999995
-626.3999999999996
-544.6999999999998
-624.5999999999995
-544.0999999999995
-622.3000000000002
-539.8999999999996
-618.0
-538.5
-615.8000000000002
-618.3999999999996
-620.0
-620.5
-522.8000000000002
-613.0999999999995
-612.1999999999998
-614.0
-518.8000000000002
-607.8999999999996
-608.6999999999998
-516.3999999999996
-602.6999999999998
-604.3999999999996
-513.0999999999995
-597.5
-509.09999999999945
-593.6999999999998
-595.5
-507.3000000000002
-590.0999999999995
-506.89999999999964
-589.1999999999998
-505.39999999999964
-588.0
-592.5
-512.1999999999998
-594.5999999999995
-516.8000000000002
-596.8999999999996
-517.5
-597.8000000000002
-522.5999999999995
-601.5
-607.6999999999998
-612.0999999999995
-617.5
-527.0
-619.0
-623.6999999999998
-627.3999999999996
-538.0
-629.1999999999998
-635.0
-546.8999999999996
-633.5
-639.1999999999998
-552.0
-639.5999999999995
-552.3999999999996
-638.0
-643.5999999999995
-559.3000000000002
-645.0999999999995
-560.8999999999996
-644.8000000000002
-563.5
-645.5999999999995
-564.3000000000002
-647.3999999999996
-565.1999999999998
-647.3000000000002
-567.0
-646.1999999999998
-651.6999999999998
-574.3000000000002
-653.6999999999998
-657.3999999999996
-661.0
-663.5
-567.8000000000002
-660.0999999999995
-662.1999999999998
-666.0999999999995
-574.0
-662.3000000000002
-665.0
-572.5999999999995
-661.5999999999995
-664.0999999999995
-573.5
-659.5
-571.6999999999998
-656.8000000000002
-568.0
-650.0
-653.8000000000002
-568.6999999999998
-653.8000000000002
-658.0
-575.3000000000002
-656.0
-575.3000000000002
-654.1999999999998
-574.5
-654.5
-573.0
-654.0
-576.5999999999995
-655.0999999999995
-657.8999999999996
-660.5999999999995
-663.1999999999998
-568.6999999999998
-660.3999999999996
-662.8999999999996
-665.3000000000002
-572.5999999999995
-663.3000000000002
-664.6999999999998
-574.8999999999996
-661.8000000000002
-571.0
-655.8000000000002
-657.6999999999998
-571.5
-655.3999999999996
-657.3000000000002
-573.0999999999995
-655.1999999999998
-570.0999999999995
-652.1999999999998
-568.0999999999995
-650.3000000000002
-567.3000000000002
-647.6999999999998
-565.6999999999998
-642.1999999999998
-560.8999999999996
-640.1999999999998
-560.0
-636.5
-555.1999999999998
-633.5
-635.1999999999998
-636.8000000000002
-540.3000000000002
-628.8999999999996
-632.0999999999995
-633.3999999999996
-539.5999999999995
-628.1999999999998
-628.3999999999996
-536.3999999999996
-622.0
-625.8999999999996
-535.0
-618.8000000000002
-619.6999999999998
-532.5
-615.3999999999996
-529.3000000000002
-611.3999999999996
-527.3999999999996
-609.8000000000002
-526.0999999999995
-607.8000000000002
-525.3000000000002
-606.3000000000002
-525.0
-608.3000000000002
-612.5
-533.8000000000002
-614.8999999999996
-537.5999999999995
-617.1999999999998
-622.1999999999998
-629.3000000000002
-634.6999999999998
-541.1999999999998
-633.8999999999996
-638.3999999999996
-642.8999999999996
-552.3999999999996
-641.3999999999996
-647.8000000000002
-557.3999999999996
-644.5
-648.8000000000002
-560.0999999999995
-649.0999999999995
-560.5
-645.5999999999995
-648.6999999999998
-564.6999999999998
-648.8999999999996
-566.0
-648.3999999999996
-563.5
-644.6999999999998
-562.5
-643.6999999999998
-561.5
-642.6999999999998
-645.5
-565.1999999999998
-644.5
-565.1999999999998
-641.5999999999995
-645.0999999999995
-649.5999999999995
-654.1999999999998
-559.8999999999996
-650.8000000000002
-653.3999999999996
-655.8999999999996
-563.3000000000002
-652.0999999999995
-653.3999999999996
-561.5
-646.0999999999995
-646.8000000000002
-559.3000000000002
-644.8000000000002
-556.5
-640.0999999999995
-642.6999999999998
-556.3000000000002
-638.0
-555.5
-638.5
-553.3999999999996
-635.5
-552.3999999999996
-632.6999999999998
-550.5999999999995
-631.0
-635.0
-553.0999999999995
-632.6999999999998
-552.8000000000002
-631.5999999999995
-633.8000000000002
-636.8999999999996
-640.0
-546.0999999999995
-637.5
-638.6999999999998
-642.6999999999998
-547.8000000000002
-638.0999999999995
-637.0999999999995
-547.6999999999998
-636.0999999999995
-637.0
-546.6999999999998
-631.0999999999995
-541.5999999999995
-625.8999999999996
-539.3000000000002
-623.8000000000002
-626.3999999999996
-542.0
-622.8999999999996
-538.5
-621.3999999999996
-623.1999999999998
-541.8999999999996
-621.1999999999998
-539.0
-616.3000000000002
-536.8999999999996
-614.3000000000002
-616.0
-535.5999999999995
-611.8999999999996
-615.3999999999996
-615.0
-517.3000000000002
-608.5999999999995
-609.8000000000002
-611.8999999999996
-612.0
-517.8999999999996
-606.1999999999998
-605.0999999999995
-514.6999999999998
-602.0999999999995
-600.0
-512.5
-594.0999999999995
-505.59999999999945
-591.0999999999995
-504.89999999999964
-587.8999999999996
-590.8999999999996
-507.0
-589.5
-507.89999999999964
-590.8999999999996
-595.8000000000002
-521.8999999999996
-597.3000000000002
-525.6999999999998
-599.5999999999995
-603.3000000000002
-532.0
-607.1999999999998
-613.3000000000002
-618.5999999999995
-623.0
-529.3999999999996
-623.0
-629.5
-632.1999999999998
-634.6999999999998
-546.0
-635.0
-638.3999999999996
-549.6999999999998
-635.6999999999998
-549.8000000000002
-634.8999999999996
-636.0
-548.8000000000002
-633.5
-547.1999999999998
-631.8999999999996
-634.5999999999995
-550.1999999999998
-633.0
-550.5999999999995
-631.5999999999995
-549.1999999999998
-630.1999999999998
-548.8000000000002
-628.8999999999996
-548.5
-627.6999999999998
-547.3000000000002
-625.5
-629.0
-632.5
-635.0
-537.3999999999996
-628.6999999999998
-628.8000000000002
-631.5999999999995
-631.3999999999996
-538.8999999999996
-624.8999999999996
-628.1999999999998
-535.5999999999995
-618.5
-620.3999999999996
-532.3000000000002
-614.1999999999998
-528.0
-611.0
-526.0
-607.3000000000002
-521.3999999999996
-600.6999999999998
-602.5999999999995
-519.5
-598.8999999999996
-517.8999999999996
-596.5999999999995
-514.8000000000002
-593.5999999999995
-510.89999999999964
-589.6999999999998
-593.0
-512.3999999999996
-589.5
-592.8999999999996
-595.3999999999996
-499.89999999999964
-591.5999999999995
-593.1999999999998
-595.6999999999998
-500.1999999999998
-588.8999999999996
-591.1999999999998
-499.5
-586.3999999999996
-589.6999999999998
-497.09999999999945
-581.0
-493.0
-577.0
-579.0999999999995
-492.1999999999998
-574.3999999999996
-490.5
-573.0
-574.3999999999996
-489.6999999999998
-569.3000000000002
-484.5
-564.0
-481.09999999999945
-559.6999999999998
-560.8000000000002
-481.8000000000002
-557.6999999999998
-557.8000000000002
-558.6999999999998
-560.5
-563.3000000000002
-466.1999999999998
-556.1999999999998
-557.0
-555.6999999999998
-463.09999999999945
-552.0999999999995
-552.8000000000002
-554.3999999999996
-464.0
-548.3999999999996
-459.0
-542.5
-545.0999999999995
-457.8000000000002
-542.5999999999995
-456.59999999999945
-540.8000000000002
-545.0999999999995
-463.59999999999945
-545.6999999999998
-463.59999999999945
-546.0
-466.1999999999998
-548.0999999999995
-468.6999999999998
-548.0
-507.6999999999998
-553.0
-513.8999999999996
-558.5
-563.5999999999995
-568.8000000000002
-573.0999999999995
-478.39999999999964
-571.8000000000002
-574.0999999999995
-577.1999999999998
-484.1999999999998
-572.5
-575.1999999999998
-483.8000000000002
-569.8999999999996
-572.1999999999998
-482.39999999999964
-568.3000000000002
-568.3999999999996
-482.1999999999998
-566.0999999999995
-480.0
-562.0
-477.8000000000002
-560.8999999999996
-478.89999999999964
-560.3999999999996
-478.59999999999945
-558.3000000000002
-475.5
-555.0999999999995
-475.1999999999998
-554.0
-557.1999999999998
-477.39999999999964
-553.3000000000002
-556.3000000000002
-560.3000000000002
-562.3999999999996
-463.39999999999964
-555.1999999999998
-555.8999999999996
-555.3999999999996
-556.5999999999995
-464.6999999999998
-551.3999999999996
-551.5
-459.39999999999964
-543.8999999999996
-450.59999999999945
-534.8000000000002
-538.1999999999998
-447.8000000000002
-531.1999999999998
-444.6999999999998
-525.3999999999996
-439.89999999999964
-519.6999999999998
-434.1999999999998
-515.0
-430.59999999999945
-510.59999999999945
-428.3000000000002
-507.59999999999945
-426.5
-505.09999999999945
-424.1999999999998
-502.0
-423.1999999999998
-502.3000000000002
-504.89999999999964
-505.5
-407.89999999999964
-497.3000000000002
-498.39999999999964
-501.39999999999964
-407.5
-495.0
-496.0
-404.89999999999964
-491.5
-399.5
-485.09999999999945
-487.0
-395.89999999999964
-478.5
-479.09999999999945
-393.59999999999945
-474.39999999999964
-390.0
-470.0
-384.6999999999998
-462.6999999999998
-379.1999999999998
-456.1999999999998
-371.5999999999999
-450.4000000000001
-367.7999999999997
-445.7999999999997
-364.2999999999997
-442.5
-443.1999999999998
-445.7999999999997
-448.5
-450.2999999999997
-368.0999999999999
-446.5
-448.4000000000001
-448.2999999999997
-368.0
-447.5
-449.5999999999999
-410.6999999999998
-451.6999999999998
-454.0
-419.2999999999997
-456.9000000000001
-425.4000000000001
-459.5
-464.0999999999999
-438.9000000000001
-469.9000000000001
-446.0
-475.4000000000001
-478.6999999999998
-485.0
-489.5999999999999
-493.3000000000002
-498.0
-502.8000000000002
-506.6999999999998
-511.59999999999945
-515.5999999999995
-520.5999999999995
-525.6999999999998
-530.8999999999996
-536.1999999999998
-539.5999999999995
-444.89999999999964
-538.3000000000002
-540.5999999999995
-542.6999999999998
-450.59999999999945
-538.8999999999996
-540.5999999999995
-449.09999999999945
-537.0999999999995
-447.5
-532.5999999999995
-534.8000000000002
-445.89999999999964
-528.8000000000002
-530.5999999999995
-445.3000000000002
-527.1999999999998
-442.89999999999964
-523.8999999999996
-439.59999999999945
-520.5999999999995
-436.3000000000002
-517.3000000000002
-435.0
-513.1999999999998
-430.8000000000002
-509.89999999999964
-427.5
-505.59999999999945
-506.09999999999945
-506.39999999999964
-509.5
-510.6999999999998
-414.8000000000002
-505.09999999999945
-505.1999999999998
-506.09999999999945
-410.89999999999964
-498.0
-498.59999999999945
-406.09999999999945
-491.1999999999998
-491.59999999999945
-400.89999999999964
-483.0
-392.09999999999945
-477.0
-479.1999999999998
-392.5
-472.0
-386.1999999999998
-465.6999999999998
-380.9000000000001
-460.5
-461.7999999999997
-377.0999999999999
-372.7999999999997
-452.7999999999997
-369.5
-447.6999999999998
-365.4000000000001
-442.6999999999998
-443.4000000000001
-447.0
-448.7999999999997
-449.5999999999999
-353.2999999999997
-443.1999999999998
-441.9000000000001
-444.2999999999997
-353.7999999999997
-438.0999999999999
-437.5999999999999
-345.9000000000001
-429.9000000000001
-430.0999999999999
-341.1999999999998
-423.2999999999997
-422.4000000000001
-335.2999999999997
-416.4000000000001
-329.4000000000001
-411.5999999999999
-411.7999999999997
-325.9000000000001
-405.2999999999997
-319.4000000000001
-395.7999999999997
-312.5999999999999
-391.0
-308.0
-388.5999999999999
-390.0
-308.4000000000001
-385.5
-305.0
-381.2999999999997
-382.9000000000001
-383.5
-309.0
-379.9000000000001
-380.5
-382.0
-323.5
-381.0
-382.6999999999998
-369.4000000000001
-386.5999999999999
-387.5
-378.2999999999997
-391.0
-392.9000000000001
-393.7999999999997
-398.5999999999999
-401.6999999999998
-403.9000000000001
-407.0999999999999
-410.4000000000001
-413.7999999999997
-417.2999999999997
-420.9000000000001
-424.5999999999999
-428.4000000000001
-433.2999999999997
-437.4000000000001
-440.5999999999999
-444.7999999999997
-449.0999999999999
-452.5
-456.9000000000001
-461.4000000000001
-365.0
-457.5999999999999
-459.0999999999999
-460.4000000000001
-462.5
-368.5
-456.7999999999997
-458.5999999999999
-365.2999999999997
-450.4000000000001
-450.6999999999998
-359.7999999999997
-442.5999999999999
-443.4000000000001
-359.0999999999999
-441.1999999999998
-354.1999999999998
-437.2999999999997
-350.4000000000001
-432.5999999999999
-432.6999999999998
-347.5999999999999
-426.7999999999997
-343.5999999999999
-421.9000000000001
-338.6999999999998
-416.0
-334.6999999999998
-411.0999999999999
-330.7999999999997
-406.2999999999997
-407.0
-407.5999999999999
-407.0999999999999
-309.4000000000001
-396.7999999999997
-394.7999999999997
-397.5
-300.4000000000001
-383.5
-383.7999999999997
-291.0999999999999
-372.0999999999999
-372.0999999999999
-281.0999999999999
-362.0
-360.9000000000001
-271.6999999999998
-352.5999999999999
-263.5
-342.5
-341.2999999999997
-253.0
-332.9000000000001
-247.69999999999982
-327.0
-243.0999999999999
-319.7999999999997
-237.0
-314.9000000000001
-231.4000000000001
-307.5
-227.0
-302.4000000000001
-304.0999999999999
-306.9000000000001
-307.9000000000001
-210.9000000000001
-300.0999999999999
-300.0999999999999
-302.0
-207.0
-294.4000000000001
-293.4000000000001
-294.1999999999998
-203.0
-284.5999999999999
-196.19999999999982
-280.9000000000001
-280.9000000000001
-192.79999999999973
-274.7999999999997
-188.79999999999973
-270.0999999999999
-183.29999999999973
-264.6999999999998
-266.0
-181.29999999999973
-262.0
-180.5
-256.6999999999998
-196.19999999999982
-253.5
-255.0
-256.5
-258.0
-259.5
-261.0
-262.5
-264.0
-179.5
-256.4000000000001
-257.6999999999998
-259.0
-176.29999999999973
-253.19999999999982
-254.5
-236.79999999999973
-255.19999999999982
-256.5
-243.79999999999973
-257.6999999999998
-259.0
-261.2999999999997
-262.6999999999998
-265.0999999999999
-267.5999999999999
-269.1999999999998
-271.7999999999997
-274.5
-277.2999999999997
-280.1999999999998
-283.1999999999998
-286.2999999999997
-290.5
-293.9000000000001
-296.4000000000001
-299.9000000000001
-303.5
-307.1999999999998
-311.0
-314.9000000000001
-316.9000000000001
-220.79999999999973
-310.7999999999997
-312.5
-314.0999999999999
-219.5999999999999
-307.4000000000001
-309.6999999999998
-217.0
-301.7999999999997
-303.7999999999997
-212.79999999999973
-296.5
-296.2999999999997
-208.9000000000001
-289.5999999999999
-290.0999999999999
-204.5
-285.1999999999998
-197.69999999999982
-279.2999999999997
-193.79999999999973
-271.5999999999999
-186.9000000000001
-265.5999999999999
-180.9000000000001
-256.5999999999999
-172.5999999999999
-247.0999999999999
-163.79999999999973
-238.0999999999999
-238.5999999999999
-236.0999999999999
-234.29999999999973
-136.29999999999973
-223.5
-221.39999999999986
-220.0999999999999
-122.70000000000005
-207.5999999999999
-206.0
-111.29999999999995
-195.20000000000005
-194.5
-104.79999999999995
-186.20000000000005
-185.70000000000005
-95.20000000000005
-176.70000000000005
-89.29999999999995
-169.20000000000005
-169.0
-82.79999999999995
-163.0
-78.09999999999991
-157.70000000000005
-159.0999999999999
-159.5999999999999
-161.0999999999999
-161.70000000000005
-162.29999999999995
-162.89999999999986
-164.5
-165.20000000000005
-165.89999999999986
-166.5999999999999
-166.29999999999995
-66.89999999999986
-155.5
-154.89999999999986
-154.20000000000005
-59.399999999999864
-146.0999999999999
-146.39999999999986
-85.70000000000005
-140.89999999999986
-141.20000000000005
-106.5
-138.29999999999995
-138.5999999999999
-139.89999999999986
-140.29999999999995
-140.70000000000005
-142.0999999999999
-142.5999999999999
-143.0999999999999
-143.5999999999999
-144.0999999999999
-144.5999999999999
-145.0999999999999
-145.5999999999999
-146.0999999999999
-145.5999999999999
-146.0
-146.39999999999986
-146.79999999999995
-147.20000000000005
-147.5999999999999
-148.0
-147.39999999999986
-89.70000000000005
-141.20000000000005
-141.39999999999986
-141.5999999999999
-103.79999999999995
-138.20000000000005
-139.39999999999986
-121.70000000000005
-138.20000000000005
-138.5
-138.79999999999995
-139.0999999999999
-139.39999999999986
-139.70000000000005
-141.0
-142.39999999999986
-143.89999999999986
-144.5
-146.0999999999999
-148.79999999999995
-149.70000000000005
-151.5999999999999
-153.5999999999999
-155.70000000000005
-156.89999999999986
-159.0999999999999
-161.39999999999986
-163.79999999999995
-166.29999999999995
-168.89999999999986
-171.5999999999999
-173.39999999999986
-176.20000000000005
-78.09999999999991
-167.0
-167.5999999999999
-169.0999999999999
-73.59999999999991
-159.39999999999986
-159.5999999999999
-66.70000000000005
-151.39999999999986
-151.39999999999986
-58.299999999999955
-140.79999999999995
-140.39999999999986
-48.899999999999864
-131.20000000000005
-40.59999999999991
-120.89999999999986
-32.09999999999991
-111.39999999999998
-109.5
-21.399999999999977
-97.5
-11.100000000000023
-87.10000000000002
-2.6000000000000227
-77.69999999999993
5.800000000000068
-69.39999999999998
14.0
-61.299999999999955
-61.0
-60.69999999999993
-60.39999999999998
23.899999999999977
-52.39999999999998
-53.19999999999999
-53.099999999999966
-53.0
-53.89999999999998
-54.89999999999998
-56.0
-57.19999999999999
-58.5
-59.89999999999998
-60.39999999999998
-60.89999999999998
-61.39999999999998
-61.89999999999998
-62.39999999999998
-62.89999999999998
-63.39999999999998
-63.89999999999998
-64.39999999999998
-64.89999999999998
-65.39999999999998
-65.89999999999998
-66.39999999999998
-66.89999999999998
-67.39999999999998
-67.89999999999998
-68.39999999999998
-68.89999999999998
-69.39999999999998
-69.89999999999998
-70.39999999999998
-70.89999999999998
-71.39999999999998
-71.89999999999998
-71.39999999999998
-71.79999999999995
-72.19999999999993
-72.60000000000002
-73.0
-73.39999999999998
-73.79999999999995
-74.19999999999993
-74.60000000000002
-75.0
-75.39999999999998
-75.79999999999995
-76.19999999999993
-76.60000000000002
-77.0
-77.39999999999998
-77.79999999999995
-78.19999999999993
-78.60000000000002
-79.0
-79.39999999999998
-79.79999999999995
-80.19999999999993
-80.60000000000002
-81.0
-81.39999999999998
-81.79999999999995
-82.19999999999993
-82.60000000000002
-83.0
-82.39999999999998
9.300000000000068
-71.79999999999995
-71.89999999999998
-72.0
-14.100000000000023
-66.39999999999998
-66.5
-39.60000000000002
-64.0
-65.10000000000002
-65.29999999999995
-65.5
-65.69999999999993
-64.89999999999998
-66.0
-67.19999999999993
-68.5
-68.89999999999998
-70.29999999999995
-71.79999999999995
-73.39999999999998
-75.10000000000002
-76.89999999999998
-77.79999999999995
-78.69999999999993
-79.60000000000002
-80.5
-81.39999999999998
-82.29999999999995
-83.19999999999993
-84.10000000000002
-85.0
-84.89999999999998
14.300000000000068
-73.5
-73.0
-71.39999999999998
24.399999999999977
-62.19999999999993
-60.39999999999998
-58.39999999999998
33.80000000000007
-49.80000000000001
-48.69999999999999
42.5
-39.19999999999999
49.0
-32.0
-32.0
55.0
-24.299999999999983
62.599999999999994
-16.799999999999983
69.0
-9.600000000000001
-9.899999999999999
-10.200000000000003
-10.5
-10.799999999999997
-11.099999999999994
-11.399999999999991
-11.700000000000003
-12.0
-12.299999999999997
-12.599999999999994
-11.899999999999991
44.900000000000006
-5.600000000000001
-5.699999999999996
-5.799999999999997
19.1
-3.5
-3.599999999999998
-3.6999999999999993
-3.8000000000000007
-3.8999999999999986
-4.0
-4.099999999999998
-4.199999999999999
-4.300000000000001
-4.399999999999999
-4.5
-4.600000000000001
-4.699999999999996
-4.799999999999997
-4.899999999999999
-6.0
-6.199999999999996
-6.399999999999999
-6.600000000000001
-6.799999999999997
-7.0
-7.199999999999996
-7.399999999999999
-7.600000000000001
-7.799999999999997
-8.0
-8.199999999999996
-7.399999999999999
44.5
-2.4000000000000004
-2.5
-2.5999999999999996
-2.6999999999999993
-2.8000000000000007
-2.8999999999999986
-3.0
-3.099999999999998
-3.1999999999999993
-3.3000000000000007
-3.3999999999999986
-3.5
-3.599999999999998
-3.6999999999999993
-3.8000000000000007
-4.899999999999999
-5.099999999999998
-5.300000000000001
-5.5
-5.699999999999996
-5.899999999999999
-6.100000000000001
-6.299999999999997
-7.5
-8.799999999999997
-9.199999999999996
-9.600000000000001
-10.0
-10.399999999999999
-10.799999999999997
-11.200000000000003
-10.599999999999994
-2.8999999999999915
-10.399999999999991
-10.700000000000003
-11.0
-11.299999999999997
-11.599999999999994
-11.899999999999991
-12.200000000000003
-12.5
-12.799999999999997
-13.099999999999994
-13.399999999999991
-13.700000000000003
-14.0
-15.299999999999997
-15.700000000000003
-16.099999999999994
-16.5
-16.89999999999999
-17.299999999999997
-17.700000000000003
-18.099999999999994
-18.5
-18.900000000000006
-19.299999999999983
-19.69999999999999
-20.099999999999994
-20.5
-20.900000000000006
-21.299999999999983
-21.69999999999999
-22.099999999999994
-21.5
57.20000000000002
-13.200000000000003
-13.399999999999991
-13.599999999999994
27.200000000000003
-9.899999999999991
-10.099999999999994
-10.299999999999997
-10.5
-10.700000000000003
-10.899999999999991
-11.099999999999994
-11.299999999999997
-11.5
-11.700000000000003
-11.899999999999991
-12.099999999999994
-12.299999999999997
-12.5
-12.700000000000003
-13.899999999999991
-14.200000000000003
-14.5
-14.799999999999997
-15.099999999999994
-15.399999999999991
-15.700000000000003
-16.0
-16.299999999999997
-16.599999999999994
-16.89999999999999
-17.200000000000003
-16.5
66.30000000000001
-7.600000000000001
-7.699999999999996
-7.799999999999997
44.1
-2.8000000000000007
-2.8999999999999986
-3.0
-3.099999999999998
-3.1999999999999993
-3.3000000000000007
-3.3999999999999986
-3.5
-3.599999999999998
-3.6999999999999993
-3.8000000000000007
-3.8999999999999986
-4.0
-4.099999999999998
-4.199999999999999
-4.300000000000001
-4.399999999999999
-4.5
-4.600000000000001
-4.699999999999996
-4.799999999999997
-4.899999999999999
-5.0
-5.100000000000001
-5.199999999999996
-5.299999999999997
-5.399999999999999
-5.5
-5.600000000000001
-5.699999999999996
-5.799999999999997
-5.899999999999999
-6.0
-6.100000000000001
-6.199999999999996
-6.299999999999997
-6.399999999999999
-6.5
-6.600000000000001
-6.699999999999996
-6.799999999999997
-6.899999999999999
-7.0
-7.100000000000001
-8.199999999999996
-8.399999999999999
-9.600000000000001
-9.899999999999999
-10.200000000000003
-11.5
-11.899999999999991
-12.299999999999997
-12.700000000000003
-13.099999999999994
-13.5
-13.899999999999991
-14.299999999999997
-14.700000000000003
-15.099999999999994
-15.5
-14.899999999999991
63.8
-6.600000000000001
-6.799999999999997
-7.0
9.800000000000004
-5.699999999999996
-5.899999999999999
-6.100000000000001
-6.299999999999997
-6.5
-6.699999999999996
-6.899999999999999
-7.100000000000001
-8.299999999999997
-8.600000000000001
-8.899999999999999
-9.199999999999996
-10.5
-10.899999999999999
-11.299999999999997
-11.700000000000003
-12.099999999999994
-12.5
-12.899999999999991
-13.299999999999997
-13.700000000000003
-14.099999999999994
-14.5
-14.899999999999991
-15.299999999999997
-15.700000000000003
-16.099999999999994
-15.5
28.200000000000003
-11.700000000000003
-12.0
-12.299999999999997
-12.599999999999994
-12.899999999999991
-13.200000000000003
-13.5
-13.799999999999997
-14.099999999999994
-14.399999999999991
-14.700000000000003
-15.0
-15.299999999999997
-15.599999999999994
-15.899999999999991
-16.200000000000003
-16.5
-16.799999999999997
-17.099999999999994
-17.400000000000006
-17.69999999999999
-18.0
-18.299999999999983
-18.599999999999994
-18.900000000000006
-19.19999999999999
-19.5
-19.799999999999983
-20.099999999999994
-20.400000000000006
-20.69999999999999
-20.0
60.80000000000001
-10.299999999999997
-10.299999999999997
-10.299999999999997
42.7
-5.0
-5.0
45.0
0.0
0.0
0.0
0.0
0.0
0.0
0.0
0.0
0.0
0.0
0.0
0.0
0.0
0.0
0.0
0.0
0.0
0.0
0.0
0.0
0.0
0.0
0.0
0.0
0.0
0.0
0.0
0.0
0.0
0.0
0.0
0.0
0.0
0.0
0.0
0.0
0.0
0.0
-1.0
-1.1
-1.2
-1.2999999999999998
-1.4
-1.5
-1.5999999999999996
-1.7000000000000002
-1.7999999999999998
-1.9000000000000004
-2.0
-2.0999999999999996
-2.1999999999999993
-2.299999999999999
-2.4000000000000004
-2.5
-2.5999999999999996
-2.6999999999999993
-3.8000000000000007
-4.0
-4.199999999999999
-4.399999999999999
-4.599999999999998
-4.800000000000001
-5.0
-5.199999999999999
-5.399999999999999
-5.600000000000001
-5.799999999999997
-6.0
-6.199999999999996
-6.399999999999999
-6.600000000000001
-6.799999999999997
-7.0
-7.199999999999996
-7.399999999999999
-7.600000000000001
-7.799999999999997
-8.0
-8.199999999999996
-8.399999999999999
-8.600000000000001
-8.799999999999997
-9.0
-9.200000000000003
-9.399999999999991
-9.599999999999994
-9.799999999999997
-10.0
-10.200000000000003
-10.399999999999991
-9.599999999999994
42.3
-4.600000000000001
-4.699999999999996
-4.799999999999997
-4.899999999999999
-5.0
-5.100000000000001
-5.199999999999996
-5.299999999999997
-5.399999999999999
-5.5
-5.600000000000001
-5.699999999999996
-5.799999999999997
-5.899999999999999
-6.0
-6.100000000000001
-6.199999999999996
-6.299999999999997
-6.399999999999999
-6.5
-6.600000000000001
-6.699999999999996
-6.799999999999997
-6.899999999999999
-7.0
-7.100000000000001
-7.199999999999996
-7.299999999999997
-7.399999999999999
-7.5
-7.600000000000001
-6.699999999999996
60.300000000000004
0.0
0.0
0.0
0.0
0.0
0.0
-1.0
-1.1
-1.2
-1.2999999999999998
-1.4
-1.5
-1.5999999999999996
-1.7000000000000002
-1.7999999999999998
-1.9000000000000004
-2.0
-2.0999999999999996
-2.1999999999999993
-2.299999999999999
-2.4000000000000004
-2.5
-2.5999999999999996
-2.6999999999999993
-2.8000000000000007
-2.8999999999999986
-3.0
-3.099999999999998
-3.1999999999999993
-3.3000000000000007
-3.3999999999999986
-3.5
-3.599999999999998
-3.6999999999999993
-3.8000000000000007
-3.8999999999999986
-4.0
-4.099999999999998
-4.199999999999999
-4.300000000000001
-4.399999999999999
-4.5
-4.600000000000001
-4.699999999999996
-4.799999999999997
-4.899999999999999
-5.0
-5.100000000000001
-5.199999999999996
-5.299999999999997
-5.399999999999999
-6.5
-6.699999999999996
-6.899999999999999
-7.100000000000001
-7.299999999999997
-7.5
-7.699999999999996
-8.899999999999999
-9.199999999999996
-9.5
-9.799999999999997
-10.100000000000001
-10.399999999999991
-9.700000000000003
49.10000000000001
-3.1999999999999993
-3.3000000000000007
-3.3999999999999986
10.5
-2.1999999999999993
-2.299999999999999
-2.4000000000000004
-2.5
-2.5999999999999996
-2.6999999999999993
-2.8000000000000007
-2.8999999999999986
-3.0
-3.099999999999998
-3.1999999999999993
-3.3000000000000007
-3.3999999999999986
-3.5
-3.599999999999998
-3.6999999999999993
-3.8000000000000007
-3.8999999999999986
-4.0
-4.099999999999998
-4.199999999999999
-4.300000000000001
-4.399999999999999
-4.5
-4.600000000000001
-4.699999999999996
-4.799999999999997
-4.899999999999999
-5.0
-5.100000000000001
-5.199999999999996
-5.299999999999997
-5.399999999999999
-5.5
-5.600000000000001
-5.699999999999996
-5.799999999999997
-5.899999999999999
-6.0
-6.100000000000001
-6.199999999999996
-6.299999999999997
-6.399999999999999
-6.5
-6.600000000000001
-6.699999999999996
-6.799999999999997
-6.899999999999999
-7.0
-7.100000000000001
-7.199999999999996
-7.299999999999997
-7.399999999999999
-7.5
-7.600000000000001
-7.699999999999996
-7.799999999999997
-7.899999999999999
-8.0
-8.100000000000001
-7.200000000000003
64.8
0.0
0.0
0.0
0.0
0.0
0.0
0.0
0.0
0.0
0.0
0.0
0.0
0.0
0.0
0.0
0.0
0.0
0.0
0.0
-1.0
-1.1
-1.2
-1.2999999999999998
-1.4
-1.5
-1.5999999999999996
-1.7000000000000002
-1.7999999999999998
-1.9000000000000004
-2.0
-2.0999999999999996
-2.1999999999999993
-2.299999999999999
-2.4000000000000004
-2.5
-2.5999999999999996
-2.6999999999999993
-2.8000000000000007
-2.8999999999999986
-3.0
-3.099999999999998
-4.199999999999999
-4.399999999999999
-4.599999999999998
-4.800000000000001
-5.0
-5.199999999999999
-5.399999999999999
-5.600000000000001
-5.799999999999997
-6.0
-6.199999999999996
-6.399999999999999
-6.600000000000001
-6.799999999999997
-7.0
-7.199999999999996
-7.399999999999999
-7.600000000000001
-7.799999999999997
-8.0
-8.199999999999996
-8.399999999999999
-8.600000000000001
-8.799999999999997
-9.0
-9.200000000000003
-9.399999999999991
-9.599999999999994
-9.799999999999997
-10.0
-10.200000000000003
-10.399999999999991
-10.599999999999994
-10.799999999999997
-11.0
-11.200000000000003
-11.399999999999991
-11.599999999999994
-11.799999999999997
-12.0
-12.200000000000003
-12.399999999999991
-12.599999999999994
-12.799999999999997
-13.0
-13.200000000000003
-13.399999999999991
-13.599999999999994
-13.799999999999997
-14.0
-14.200000000000003
-14.399999999999991
-14.599999999999994
-14.799999999999997
-15.0
-15.200000000000003
-14.399999999999991
64.5
-5.699999999999996
-5.699999999999996
-5.699999999999996
51.300000000000004
0.0
0.0
0.0
0.0
0.0
0.0
0.0
0.0
0.0
0.0
0.0
0.0
0.0
0.0
0.0
0.0
0.0
0.0
0.0
0.0
0.0
0.0
0.0
0.0
0.0
0.0
0.0
0.0
0.0
0.0
0.0
0.0
0.0
0.0
0.0
0.0
0.0
0.0
0.0
0.0
0.0
0.0
0.0
0.0
0.0
0.0
0.0
0.0
0.0
0.0
0.0
0.0
0.0
0.0
0.0
0.0
-1.0
-1.1
-1.2
-1.2999999999999998
-0.3999999999999999
3.6
-1.0
-1.1
-1.2
-1.2999999999999998
-1.4
-1.5
-1.5999999999999996
-1.7000000000000002
-1.7999999999999998
-1.9000000000000004
-2.0
-2.0999999999999996
-2.1999999999999993
-2.299999999999999
-2.4000000000000004
-2.5
-2.5999999999999996
-2.6999999999999993
-2.8000000000000007
-2.8999999999999986
-3.0
-3.099999999999998
-3.1999999999999993
-3.3000000000000007
-3.3999999999999986
-3.5
-3.599999999999998
-3.6999999999999993
-3.8000000000000007
-3.8999999999999986
-4.0
-4.099999999999998
-4.199999999999999
-4.300000000000001
-4.399999999999999
-4.5
-4.600000000000001
-4.699999999999996
-4.799999999999997
-4.899999999999999
-5.0
-5.100000000000001
-5.199999999999996
-5.299999999999997
-5.399999999999999
-5.5
-5.600000000000001
-5.699999999999996
-5.799999999999997
-5.899999999999999
-6.0
-6.100000000000001
-6.199999999999996
-6.299999999999997
-6.399999999999999
-6.5
-6.600000000000001
-6.699999999999996
-6.799999999999997
-6.899999999999999
-7.0
-7.100000000000001
-7.199999999999996
-7.299999999999997
-7.399999999999999
-7.5
-7.600000000000001
-7.699999999999996
-7.799999999999997
-7.899999999999999
-8.0
-8.100000000000001
-8.200000000000003
-8.299999999999997
-8.399999999999991
-8.5
-8.599999999999994
-8.700000000000003
-8.799999999999997
-8.899999999999991
-9.0
-9.099999999999994
-9.200000000000003
-9.299999999999997
-9.399999999999991
-9.5
-9.599999999999994
-9.700000000000003
-9.799999999999997
-9.899999999999991
-10.0
-10.099999999999994
-10.200000000000003
-10.299999999999997
-10.399999999999991
-10.5
-10.599999999999994
-9.700000000000003
87.3
0.0
0.0
0.0
0.0
0.0
0.0
0.0
0.0
0.0
0.0
0.0
0.0
0.0
0.0
0.0
0.0
0.0
0.0
0.0
0.0
0.0
0.0
0.0
0.0
0.0
0.0
0.0
0.0
0.0
0.0
0.0
0.0
0.0
0.0
0.0
0.0
0.0
0.0
0.0
0.0
0.0
0.0
0.0
0.0
0.0
0.0
0.0
0.0
0.0
0.0
0.0
0.0
0.0
0.0
0.0
0.0
0.0
0.0
0.0
0.0
0.0
0.0
0.0
0.0
0.0
0.0
0.0
0.0
0.0
0.0
0.0
0.0
0.0
0.0
0.0
0.0
0.0
0.0
0.0
0.0
0.0
0.0
0.0
0.0
0.0
0.0
0.0
0.0
0.0
0.0
0.0
0.0
0.0
0.0
0.0
0.0
0.0
0.0
0.0
0.0
0.0
0.0
0.0
0.0
0.0
0.0
0.0
0.0
0.0
0.0
0.0
0.0
0.0
0.0
0.0
0.0
0.0
0.0
0.0
0.0
0.0
0.0
0.0
0.0
0.0
0.0
0.0
0.0
0.0
0.0
0.0
0.0
0.0
0.0
0.0
0.0
0.0
0.0
0.0
0.0
0.0
0.0
0.0
0.0
0.0
0.0
0.0
0.0
0.0
0.0
0.0
0.0
0.0
0.0
0.0
0.0
0.0
0.0
0.0
0.0
0.0
0.0
0.0
0.0
0.0
0.0
-1.0
-1.1
-1.2
-1.2999999999999998
-1.4
-1.5
-1.5999999999999996
-1.7000000000000002
-1.7999999999999998
-1.9000000000000004
-2.0
-2.0999999999999996
-2.1999999999999993
-2.299999999999999
-2.4000000000000004
-2.5
-2.5999999999999996
-2.6999999999999993
-2.8000000000000007
-2.8999999999999986
-3.0
-3.099999999999998
-3.1999999999999993
-3.3000000000000007
-3.3999999999999986
-3.5
-3.599999999999998
-3.6999999999999993
-3.8000000000000007
-3.8999999999999986
-4.0
-4.099999999999998
-4.199999999999999
-4.300000000000001
-4.399999999999999
-4.5
-4.600000000000001
-4.699999999999996
-4.799999999999997
-4.899999999999999
-5.0
-5.100000000000001
-5.199999999999996
-5.299999999999997
-5.399999999999999
-5.5
-5.600000000000001
-5.699999999999996
-5.799999999999997
-5.899999999999999
-6.0
-6.100000000000001
-6.199999999999996
-6.299999999999997
-6.399999999999999
-6.5
-6.600000000000001
-6.699999999999996
-6.799999999999997
-6.899999999999999
-7.0
-7.100000000000001
-7.199999999999996
-7.299999999999997
-7.399999999999999
-7.5
-7.600000000000001
-7.699999999999996
-7.799999999999997
-7.899999999999999
-8.0
-8.100000000000001
-8.200000000000003
-8.299999999999997
-8.399999999999991
-8.5
-8.599999999999994
-8.700000000000003
-8.799999999999997
-8.899999999999991
-9.0
-9.099999999999994
-9.200000000000003
-9.299999999999997
-9.399999999999991
-9.5
-9.599999999999994
-9.700000000000003
-9.799999999999997
-9.899999999999991
-10.0
-10.099999999999994
-10.200000000000003
-10.299999999999997
-10.399999999999991
-10.5
-9.599999999999994
86.4
0.0
0.0
0.0
0.0
0.0
0.0
0.0
0.0
0.0
0.0
0.0
0.0
0.0
0.0
0.0
0.0
0.0
0.0
0.0
0.0
0.0
0.0
0.0
0.0
0.0
0.0
0.0
0.0
0.0
0.0
0.0
0.0
0.0
0.0
0.0
0.0
0.0
0.0
0.0
0.0
0.0
0.0
0.0
0.0
0.0
0.0
0.0
0.0
0.0
0.0
0.0
0.0
0.0
0.0
0.0
0.0
0.0
0.0
0.0
0.0
0.0
0.0
0.0
0.0
0.0
0.0
0.0
0.0
0.0
0.0
0.0
0.0
0.0
0.0
0.0
0.0
0.0
0.0
0.0
0.0
0.0
0.0
0.0
0.0
0.0
0.0
0.0
0.0
0.0
0.0
0.0
0.0
0.0
0.0
0.0
0.0
0.0
0.0
0.0
0.0
0.0
0.0
0.0
0.0
0.0
0.0
0.0
0.0
0.0
0.0
0.0
0.0
0.0
0.0
0.0
0.0
0.0
0.0
0.0
0.0
0.0
0.0
0.0
0.0
0.0
0.0
0.0
0.0
0.0
0.0
0.0
0.0
0.0
0.0
0.0
0.0
0.0
0.0
0.0
0.0
0.0
0.0
0.0
0.0
0.0
0.0
0.0
0.0
0.0
0.0
0.0
0.0
0.0
0.0
0.0
0.0
0.0
0.0
0.0
0.0
0.0
0.0
0.0
0.0
0.0
0.0
0.0
0.0
0.0
0.0
0.0
0.0
0.0
0.0
0.0
0.0
0.0
0.0
0.0
0.0
0.0
0.0
0.0
0.0
0.0
0.0
0.0
0.0
0.0
0.0
0.0
0.0
0.0
0.0
0.0
0.0
0.0
0.0
0.0
0.0
0.0
0.0
0.0
0.0
0.0
0.0
0.0
0.0
0.0
0.0
0.0
0.0
0.0
0.0
0.0
0.0
0.0
0.0
0.0
0.0
0.0
0.0
0.0
0.0
0.0
0.0
0.0
0.0
0.0
0.0
0.0
0.0
0.0
0.0
0.0
0.0
0.0
0.0
0.0
0.0
0.0
0.0
0.0
0.0
0.0
0.0
0.0
0.0
0.0
0.0
0.0
0.0
0.0
0.0
0.0
0.0
0.0
0.0
0.0
0.0
0.0
0.0
0.0
0.0
0.0
0.0
0.0
0.0
0.0
0.0
0.0
-1.0
-1.1
-1.2
-1.2999999999999998
-1.4
-1.5
-1.5999999999999996
-1.7000000000000002
-1.7999999999999998
-1.9000000000000004
-2.0
-2.0999999999999996
-2.1999999999999993
-2.299999999999999
-2.4000000000000004
-2.5
-2.5999999999999996
-2.6999999999999993
-2.8000000000000007
-2.8999999999999986
-3.0
-3.099999999999998
-3.1999999999999993
-3.3000000000000007
-2.3999999999999986
21.6
0.0
0.0
0.0
0.0
0.0
0.0
0.0
0.0
0.0
0.0
0.0
0.0
0.0
0.0
0.0
0.0
0.0
0.0
0.0
0.0
0.0
0.0
0.0
0.0
0.0
0.0
0.0
0.0
0.0
0.0
0.0
0.0
0.0
0.0
0.0
0.0
0.0
0.0
0.0
0.0
0.0
0.0
0.0
0.0
0.0
0.0
0.0
0.0
0.0
0.0
0.0
0.0
0.0
0.0
0.0
0.0
0.0
0.0
0.0
0.0
0.0
0.0
0.0
0.0
0.0
0.0
0.0
0.0
0.0
0.0
0.0
0.0
0.0
0.0
0.0
0.0
0.0
0.0
0.0
0.0
0.0
0.0
0.0
0.0
0.0
0.0
0.0
0.0
0.0
0.0
0.0
0.0
0.0
0.0
0.0
0.0
0.0
0.0
0.0
0.0
0.0
0.0
0.0
0.0
0.0
0.0
0.0
0.0
0.0
0.0
0.0
0.0
0.0
0.0
0.0
0.0
0.0
0.0
0.0
0.0
0.0
0.0
0.0
0.0
0.0
0.0
0.0
0.0
0.0
0.0
0.0
0.0
0.0
0.0
0.0
0.0
0.0
0.0
0.0
0.0
0.0
0.0
0.0
0.0
0.0
0.0
0.0
0.0
0.0
0.0
0.0
0.0
0.0
0.0
0.0
0.0
0.0
0.0
0.0
0.0
0.0
0.0
0.0
0.0
0.0
0.0
0.0
0.0
0.0
0.0
0.0
0.0
0.0
0.0
0.0
0.0
0.0
0.0
0.0
0.0
0.0
0.0
0.0
0.0
0.0
0.0
0.0
0.0
0.0
0.0
0.0
0.0
0.0
0.0
0.0
0.0
0.0
0.0
0.0
0.0
0.0
0.0
0.0
0.0
0.0
0.0
0.0
0.0
0.0
0.0
0.0
0.0
0.0
0.0
0.0
0.0
0.0
0.0
0.0
0.0
0.0
0.0
0.0
0.0
0.0
0.0
0.0
0.0
0.0
0.0
0.0
0.0
0.0
0.0
0.0
0.0
0.0
0.0
0.0
0.0
0.0
0.0
0.0
0.0
0.0
0.0
0.0
0.0
0.0
0.0
0.0
0.0
0.0
0.0
0.0
0.0
0.0
0.0
0.0
0.0
0.0
0.0
0.0
0.0
0.0
0.0
0.0
0.0
0.0
0.0
0.0
0.0
0.0
0.0
0.0
0.0
0.0
0.0
0.0
0.0
0.0
0.0
0.0
0.0
0.0
0.0
0.0
0.0
0.0
0.0
0.0
0.0
0.0
0.0
0.0
0.0
0.0
0.0
0.0
0.0
0.0
0.0
0.0
0.0
0.0
0.0
0.0
0.0
0.0
0.0
0.0
0.0
0.0
0.0
0.0
0.0
0.0
0.0
0.0
0.0
0.0
0.0
0.0
0.0
0.0
0.0
0.0
0.0
0.0
0.0
0.0
0.0
0.0
0.0
0.0
0.0
0.0
0.0
0.0
0.0
0.0
0.0
0.0
0.0
0.0
0.0
0.0
0.0
0.0
0.0
0.0
0.0
0.0
0.0
0.0
0.0
0.0
0.0
0.0
0.0
0.0
0.0
0.0
0.0
0.0
0.0
0.0
0.0
0.0
0.0
0.0
0.0
0.0
0.0
0.0
0.0
0.0
0.0
0.0
0.0
0.0
0.0
0.0
0.0
0.0
0.0
0.0
0.0
0.0
0.0
0.0
0.0
0.0
0.0
0.0
0.0
0.0
0.0
0.0
0.0
0.0
0.0
0.0
0.0
0.0
0.0
0.0
0.0
0.0
0.0
0.0
0.0
0.0
0.0
0.0
0.0
0.0
0.0
0.0
0.0
0.0
0.0
0.0
0.0
0.0
0.0
0.0
0.0
0.0
0.0
0.0
0.0
0.0
0.0
0.0
0.0
0.0
0.0
0.0
0.0
0.0
0.0
0.0
0.0
0.0
0.0
0.0
0.0
0.0
0.0
0.0
0.0
0.0
0.0
0.0
0.0
0.0
0.0
0.0
0.0
0.0
0.0
0.0
0.0
0.0
0.0
0.0
0.0
0.0
0.0
0.0
0.0
0.0
0.0
0.0
0.0
0.0
0.0
0.0
0.0
0.0
0.0
0.0
0.0
0.0
0.0
0.0
0.0
0.0
0.0
0.0
0.0
0.0
0.0
0.0
0.0
0.0
0.0
0.0
0.0
0.0
0.0
0.0
0.0
0.0
0.0
0.0
0.0
0.0
0.0
0.0
0.0
0.0
0.0
0.0
0.0
0.0
0.0
0.0
0.0
0.0
0.0
0.0
0.0
0.0
0.0
0.0
0.0
0.0
0.0
0.0
0.0
0.0
0.0
0.0
0.0
0.0
0.0
0.0
0.0
0.0
0.0
0.0
0.0
0.0
0.0
0.0
0.0
0.0
0.0
0.0
0.0
0.0
0.0
0.0
0.0
0.0
0.0
0.0
0.0
0.0
0.0
0.0
0.0
0.0
0.0
0.0
0.0
0.0
0.0
0.0
0.0
0.0
0.0
0.0
0.0
0.0
0.0
0.0
0.0
0.0
0.0
0.0
0.0
0.0
0.0
0.0
0.0
0.0
0.0
0.0
0.0
0.0
0.0
0.0
0.0
0.0
0.0
0.0
0.0
0.0
0.0
0.0
0.0
0.0
0.0
0.0
0.0
0.0
0.0
0.0
0.0
0.0
0.0
0.0
0.0
0.0
0.0
0.0
0.0
0.0
0.0
0.0
0.0
0.0
0.0
0.0
0.0
0.0
0.0
0.0
0.0
0.0
0.0
0.0
0.0
0.0
0.0
0.0
0.0
0.0
0.0
0.0
0.0
0.0
0.0
0.0
0.0
0.0
0.0
0.0
0.0
0.0
0.0
0.0
0.0
0.0
0.0
0.0
0.0
0.0
0.0
0.0
0.0
0.0
0.0
0.0
0.0
0.0
0.0
0.0
0.0
0.0
0.0
0.0
0.0
0.0
0.0
0.0
0.0
0.0
0.0
0.0
0.0
0.0
0.0
0.0
0.0
0.0
0.0
0.0
0.0
0.0
0.0
0.0
0.0
0.0
0.0
0.0
0.0
0.0
0.0
0.0
0.0
0.0
0.0
0.0
0.0
0.0
0.0
0.0
0.0
0.0
0.0
0.0
0.0
0.0
0.0
0.0
0.0
0.0
0.0
0.0
0.0
0.0
0.0
0.0
0.0
0.0
0.0
0.0
0.0
0.0
0.0
0.0
0.0
0.0
0.0
0.0
0.0
0.0
0.0
0.0
0.0
