366375
357000
350732
358698
363665
368101
362133
353121
334153
353177
336359
346084
337445
357973
344301
329590
350579
342236
317014
344906
333521
333306
321808
324651
331756
315087
304179
305856
296925
305903
304889
315411
307409
290878
282748
291402
276612
275027
259014
286488
278662
273350
290032
256607
261779
266784
270928
260629
248671
277593
244299
250018
228621
253814
221566
218966
247279
227752
230166
203077
232729
210122
215198
209931
216267
197214
216814
197090
196627
204343
187687
183549
212562
192878
175642
174564
196314
191937
192271
181880
177810
178355
191196
187882
172414
195794
163088
191277
175930
170972
170355
171334
171092
167793
165879
186244
148526
168348
176507
161219
