367149
353701
351439
361263
369788
358300
355552
363586
355761
359178
351013
343116
351394
350939
356428
317152
347619
344655
321880
339387
330401
324144
324300
337595
314325
313546
306643
319950
316856
287677
292191
274134
276527
307941
278405
294171
289151
255805
275892
287415
253066
265254
263063
269768
227859
254363
254954
250116
233171
244842
237005
254516
219436
224357
244952
235094
240763
225399
220154
231242
244153
223621
221347
230068
224757
215480
202196
206778
208108
221477
208740
207088
187996
218311
204117
181113
179532
186359
197768
173125
206308
193423
187128
195945
184547
158411
184491
192887
165864
167704
176540
162524
160584
176761
159994
182312
176191
172829
161331
176456
