67.99055555555556
65.50018518518519
65.0812962962963
66.90055555555556
68.47925925925927
66.35185185185185
65.84296296296296
67.33074074074074
65.88166666666666
66.51444444444445
65.0024074074074
63.54
65.07296296296296
64.9887037037037
66.00518518518518
58.73185185185185
64.37388888888889
63.825
59.60740740740741
62.849444444444444
61.18537037037037
60.026666666666664
60.05555555555556
62.51759259259259
58.208333333333336
58.06407407407407
56.78574074074074
59.25
58.67703703703704
53.27351851851852
54.10944444444444
50.76555555555556
51.208703703703705
57.02611111111111
51.556481481481484
54.47611111111111
53.54648148148148
47.37129629629629
51.09111111111111
53.225
46.864074074074075
49.12111111111111
48.71537037037037
49.95703703703704
42.19611111111111
47.10425925925926
47.2137037037037
46.31777777777778
43.17981481481481
45.34111111111111
43.88981481481481
47.132592592592594
40.636296296296294
41.54759259259259
45.36148148148148
43.53592592592592
44.58574074074074
41.74055555555555
40.76925925925926
42.82259259259259
45.21351851851852
41.4112962962963
40.99018518518518
42.605185185185185
41.62166666666667
39.903703703703705
37.443703703703704
38.29222222222222
38.538518518518515
41.01425925925926
38.65555555555556
38.34962962962963
34.81407407407407
40.427962962962965
37.79944444444445
33.53944444444444
33.24666666666667
34.510925925925925
36.623703703703704
32.06018518518518
38.20518518518519
35.819074074074074
34.653333333333336
36.28611111111111
34.17537037037037
29.33537037037037
34.165
35.71981481481482
30.715555555555557
31.056296296296296
32.69259259259259
30.097037037037037
29.73777777777778
32.733518518518515
29.62851851851852
33.76148148148148
32.62796296296296
32.00537037037037
29.87611111111111
32.67703703703704
