-1555528.9999999995
-1549923.4000000022
-1530502.0999999996
-1549909.3999999983
-1573015.5999999996
-1568977.9
-1531660.0000000005
-1564611.4000000015
-1485647.4999999993
-1456225.800000002
-1415700.1000000008
-1396804.7999999998
-1469041.9000000004
-1479271.7999999982
-1451899.8999999985
-1326378.7999999993
-1455985.7000000011
-1418589.1000000006
-1477107.0000000019
-1444415.0999999987
-1420243.1000000003
-1244566.3
-1309970.4000000004
-1371060.8
-1275678.0000000002
-1239919.699999998
-1219079.6000000008
-1250988.300000001
-1269105.3000000005
-1171357.2000000002
-1195662.4000000004
-1023606.1000000003
-1224071.2000000004
-1329885.399999999
-1029018.999999999
-1106295.6999999995
-1137074.0
-934008.9000000003
-964088.7000000007
-1043213.6000000003
-984777.2000000005
-1040859.3
-1008427.9000000008
-1011083.4999999998
-946987.0000000005
-923683.8999999993
-1036977.7999999996
-928958.5000000002
-854033.1000000003
-865155.1
-903688.1000000004
-922762.1000000001
-960275.5000000006
-798832.8000000005
-966139.3000000002
-880071.0999999994
-910150.1999999998
-835109.7999999997
-866531.0000000002
-765869.4000000003
-858365.5000000001
-891841.8999999997
-806627.6999999996
-867392.1999999996
-825835.2999999996
-801777.9999999995
-682590.3000000005
-814794.5999999987
-822978.6999999996
-769105.6000000004
-791054.5000000002
-771430.0
-695267.6
-971440.3000000014
-702430.1000000001
-769757.0999999996
-660538.7000000002
-662955.5000000006
-719945.5000000001
-675767.8999999997
-655158.5000000002
-770207.0999999992
-704768.6000000007
-637998.9999999999
-627743.9999999995
-698880.399999999
-790741.6000000001
-1026245.300000001
-534955.6000000002
-643615.7000000002
-639910.9000000004
-500376.8000000006
-668514.1999999981
-803285.9999999988
-535124.0999999997
-706420.900000003
-804733.7000000017
-715512.0000000003
-824926.7000000082
-971281.9000000005
